## note:bf=log10(Bayes Factor), mapping between SNP ID and its label(rank) are in .single file.
 bf 	 se		snp1		snp2
-0.115  NA   		1		NA
-0.170  NA   		2		NA
-0.083  NA   		3		NA
+0.040  NA   		4		NA
+0.031  NA   		5		NA
-0.078  NA   		6		NA
-0.162  NA   		7		NA
-0.211  NA   		8		NA
+2.704  NA   		9		NA
+2.550  NA   		10		NA
+4.238  NA   		11		NA
+2.831  NA   		12		NA
+4.382  NA   		13		NA
+3.256  NA   		14		NA
+3.439  NA   		15		NA
+4.506  NA   		16		NA
+4.551  NA   		17		NA
+6.430  NA   		18		NA
+6.408  NA   		19		NA
+6.469  NA   		20		NA
+6.535  NA   		21		NA
+6.673  NA   		22		NA
+3.113  NA   		23		NA
+4.761  NA   		24		NA
+4.906  NA   		25		NA
+5.034  NA   		26		NA
+6.716  NA   		27		NA
+5.172  NA   		28		NA
+5.064  NA   		29		NA
+4.972  NA   		30		NA
+3.131  NA   		31		NA
+6.619  NA   		32		NA
+4.895  NA   		33		NA
+4.659  NA   		34		NA
+4.592  NA   		35		NA
+6.649  NA   		36		NA
-0.407  NA   		37		NA
-0.405  NA   		38		NA
-0.343  NA   		39		NA
-0.509  NA   		40		NA
-0.509  NA   		41		NA
+4.247  NA   		42		NA
-0.381  NA   		43		NA
-0.508  NA   		44		NA
-0.375  NA   		45		NA
-0.166  NA   		46		NA
-0.154  NA   		47		NA
+4.009  NA   		48		NA
-0.167  NA   		49		NA
-0.166  NA   		50		NA
+3.930  NA   		51		NA
+3.934  NA   		52		NA
-0.001  NA   		53		NA
+0.006  NA   		54		NA
-0.000  NA   		55		NA
-0.241  NA   		56		NA
+4.236  NA   		57		NA
+3.927  NA   		58		NA
+3.960  NA   		59		NA
-0.253  NA   		60		NA
-0.344  NA   		61		NA
-0.356  NA   		62		NA
-0.373  NA   		63		NA
-0.385  NA   		64		NA
-0.394  NA   		65		NA
-0.408  NA   		66		NA
-0.401  NA   		67		NA
-0.385  NA   		68		NA
-0.388  NA   		69		NA
-0.435  NA   		70		NA
-0.367  NA   		71		NA
-0.374  NA   		72		NA
-0.433  NA   		73		NA
-0.359  NA   		74		NA
-0.402  NA   		75		NA
-0.347  NA   		76		NA
-0.347  NA   		77		NA
-0.329  NA   		78		NA
-0.372  NA   		79		NA
-0.364  NA   		80		NA
-0.373  NA   		81		NA
-0.451  NA   		82		NA
-0.340  NA   		83		NA
-0.366  NA   		84		NA
-0.323  NA   		85		NA
-0.367  NA   		86		NA
-0.312  NA   		87		NA
+0.134  NA   		88		NA
+0.110  NA   		89		NA
-0.634  NA   		90		NA
+0.105  NA   		91		NA
-0.534  NA   		92		NA
-0.661  NA   		93		NA
-0.634  NA   		94		NA
-0.609  NA   		95		NA
-0.327  NA   		1		2
-0.204  NA   		1		3
-0.213  NA   		1		4
-0.220  NA   		1		5
-0.289  NA   		1		6
-0.355  NA   		1		7
-0.378  NA   		1		8
+2.499  NA   		1		9
+2.355  NA   		1		10
+3.935  NA   		1		11
+2.491  NA   		1		12
+4.003  NA   		1		13
+2.878  NA   		1		14
+3.042  NA   		1		15
+4.123  NA   		1		16
+4.165  NA   		1		17
+5.950  NA   		1		18
+5.929  NA   		1		19
+5.988  NA   		1		20
+6.051  NA   		1		21
+6.182  NA   		1		22
+2.754  NA   		1		23
+4.290  NA   		1		24
+4.429  NA   		1		25
+4.549  NA   		1		26
+6.219  NA   		1		27
+4.677  NA   		1		28
+4.578  NA   		1		29
+4.491  NA   		1		30
+2.761  NA   		1		31
+6.126  NA   		1		32
+4.418  NA   		1		33
+4.199  NA   		1		34
+4.136  NA   		1		35
+6.165  NA   		1		36
-0.443  NA   		1		37
-0.441  NA   		1		38
-0.388  NA   		1		39
-0.512  NA   		1		40
-0.499  NA   		1		41
+3.829  NA   		1		42
-0.420  NA   		1		43
-0.498  NA   		1		44
-0.415  NA   		1		45
-0.230  NA   		1		46
-0.219  NA   		1		47
+3.604  NA   		1		48
-0.230  NA   		1		49
-0.230  NA   		1		50
+3.530  NA   		1		51
+3.534  NA   		1		52
-0.041  NA   		1		53
-0.036  NA   		1		54
-0.041  NA   		1		55
-0.266  NA   		1		56
+4.026  NA   		1		57
+3.724  NA   		1		58
+3.755  NA   		1		59
-0.262  NA   		1		60
-0.346  NA   		1		61
-0.360  NA   		1		62
-0.374  NA   		1		63
-0.387  NA   		1		64
-0.396  NA   		1		65
-0.410  NA   		1		66
-0.403  NA   		1		67
-0.387  NA   		1		68
-0.409  NA   		1		69
-0.451  NA   		1		70
-0.370  NA   		1		71
-0.377  NA   		1		72
-0.449  NA   		1		73
-0.363  NA   		1		74
-0.404  NA   		1		75
-0.353  NA   		1		76
-0.353  NA   		1		77
-0.333  NA   		1		78
-0.375  NA   		1		79
-0.367  NA   		1		80
-0.375  NA   		1		81
-0.464  NA   		1		82
-0.344  NA   		1		83
-0.369  NA   		1		84
-0.328  NA   		1		85
-0.370  NA   		1		86
-0.320  NA   		1		87
+0.054  NA   		1		88
+0.031  NA   		1		89
-0.628  NA   		1		90
+0.025  NA   		1		91
-0.540  NA   		1		92
-0.656  NA   		1		93
-0.627  NA   		1		94
-0.603  NA   		1		95
-0.308  NA   		2		3
-0.257  NA   		2		4
-0.264  NA   		2		5
-0.335  NA   		2		6
-0.376  NA   		2		7
-0.397  NA   		2		8
+2.465  NA   		2		9
+2.321  NA   		2		10
+3.900  NA   		2		11
+2.452  NA   		2		12
+3.976  NA   		2		13
+2.844  NA   		2		14
+3.008  NA   		2		15
+4.097  NA   		2		16
+4.139  NA   		2		17
+5.930  NA   		2		18
+5.908  NA   		2		19
+5.967  NA   		2		20
+6.030  NA   		2		21
+6.161  NA   		2		22
+2.720  NA   		2		23
+4.260  NA   		2		24
+4.399  NA   		2		25
+4.520  NA   		2		26
+6.199  NA   		2		27
+4.648  NA   		2		28
+4.548  NA   		2		29
+4.461  NA   		2		30
+2.726  NA   		2		31
+6.105  NA   		2		32
+4.388  NA   		2		33
+4.168  NA   		2		34
+4.105  NA   		2		35
+6.145  NA   		2		36
-0.493  NA   		2		37
-0.491  NA   		2		38
-0.439  NA   		2		39
-0.560  NA   		2		40
-0.547  NA   		2		41
+3.794  NA   		2		42
-0.471  NA   		2		43
-0.546  NA   		2		44
-0.466  NA   		2		45
-0.282  NA   		2		46
-0.272  NA   		2		47
+3.569  NA   		2		48
-0.283  NA   		2		49
-0.283  NA   		2		50
+3.494  NA   		2		51
+3.498  NA   		2		52
-0.096  NA   		2		53
-0.091  NA   		2		54
-0.096  NA   		2		55
-0.318  NA   		2		56
+3.994  NA   		2		57
+3.691  NA   		2		58
+3.722  NA   		2		59
-0.309  NA   		2		60
-0.395  NA   		2		61
-0.408  NA   		2		62
-0.423  NA   		2		63
-0.436  NA   		2		64
-0.445  NA   		2		65
-0.459  NA   		2		66
-0.452  NA   		2		67
-0.436  NA   		2		68
-0.458  NA   		2		69
-0.500  NA   		2		70
-0.419  NA   		2		71
-0.426  NA   		2		72
-0.498  NA   		2		73
-0.412  NA   		2		74
-0.453  NA   		2		75
-0.402  NA   		2		76
-0.402  NA   		2		77
-0.382  NA   		2		78
-0.424  NA   		2		79
-0.416  NA   		2		80
-0.424  NA   		2		81
-0.513  NA   		2		82
-0.393  NA   		2		83
-0.418  NA   		2		84
-0.377  NA   		2		85
-0.419  NA   		2		86
-0.367  NA   		2		87
+0.002  NA   		2		88
-0.022  NA   		2		89
-0.676  NA   		2		90
-0.027  NA   		2		91
-0.589  NA   		2		92
-0.703  NA   		2		93
-0.675  NA   		2		94
-0.651  NA   		2		95
-0.198  NA   		3		4
-0.204  NA   		3		5
-0.268  NA   		3		6
-0.332  NA   		3		7
-0.354  NA   		3		8
+2.531  NA   		3		9
+2.388  NA   		3		10
+3.966  NA   		3		11
+2.518  NA   		3		12
+4.028  NA   		3		13
+2.904  NA   		3		14
+3.066  NA   		3		15
+4.149  NA   		3		16
+4.191  NA   		3		17
+5.975  NA   		3		18
+5.954  NA   		3		19
+6.012  NA   		3		20
+6.075  NA   		3		21
+6.206  NA   		3		22
+2.780  NA   		3		23
+4.314  NA   		3		24
+4.452  NA   		3		25
+4.572  NA   		3		26
+6.243  NA   		3		27
+4.700  NA   		3		28
+4.601  NA   		3		29
+4.514  NA   		3		30
+2.786  NA   		3		31
+6.150  NA   		3		32
+4.441  NA   		3		33
+4.223  NA   		3		34
+4.161  NA   		3		35
+6.190  NA   		3		36
-0.413  NA   		3		37
-0.411  NA   		3		38
-0.358  NA   		3		39
-0.482  NA   		3		40
-0.469  NA   		3		41
+3.852  NA   		3		42
-0.390  NA   		3		43
-0.467  NA   		3		44
-0.386  NA   		3		45
-0.199  NA   		3		46
-0.189  NA   		3		47
+3.628  NA   		3		48
-0.200  NA   		3		49
-0.200  NA   		3		50
+3.554  NA   		3		51
+3.558  NA   		3		52
-0.011  NA   		3		53
-0.006  NA   		3		54
-0.011  NA   		3		55
-0.235  NA   		3		56
+4.060  NA   		3		57
+3.758  NA   		3		58
+3.789  NA   		3		59
-0.231  NA   		3		60
-0.316  NA   		3		61
-0.329  NA   		3		62
-0.344  NA   		3		63
-0.357  NA   		3		64
-0.366  NA   		3		65
-0.380  NA   		3		66
-0.373  NA   		3		67
-0.357  NA   		3		68
-0.380  NA   		3		69
-0.422  NA   		3		70
-0.339  NA   		3		71
-0.347  NA   		3		72
-0.419  NA   		3		73
-0.333  NA   		3		74
-0.374  NA   		3		75
-0.322  NA   		3		76
-0.322  NA   		3		77
-0.303  NA   		3		78
-0.345  NA   		3		79
-0.337  NA   		3		80
-0.345  NA   		3		81
-0.434  NA   		3		82
-0.314  NA   		3		83
-0.339  NA   		3		84
-0.297  NA   		3		85
-0.340  NA   		3		86
-0.292  NA   		3		87
+0.084  NA   		3		88
+0.061  NA   		3		89
-0.599  NA   		3		90
+0.049  NA   		3		91
-0.511  NA   		3		92
-0.626  NA   		3		93
-0.597  NA   		3		94
-0.573  NA   		3		95
-0.034  NA   		4		5
-0.075  NA   		4		6
-0.212  NA   		4		7
-0.218  NA   		4		8
+2.806  NA   		4		9
+2.654  NA   		4		10
+4.289  NA   		4		11
+2.769  NA   		4		12
+4.284  NA   		4		13
+3.171  NA   		4		14
+3.337  NA   		4		15
+4.407  NA   		4		16
+4.450  NA   		4		17
+6.259  NA   		4		18
+6.237  NA   		4		19
+6.296  NA   		4		20
+6.360  NA   		4		21
+6.493  NA   		4		22
+3.046  NA   		4		23
+4.607  NA   		4		24
+4.750  NA   		4		25
+4.872  NA   		4		26
+6.532  NA   		4		27
+4.998  NA   		4		28
+4.900  NA   		4		29
+4.813  NA   		4		30
+3.053  NA   		4		31
+6.438  NA   		4		32
+4.738  NA   		4		33
+4.516  NA   		4		34
+4.452  NA   		4		35
+6.482  NA   		4		36
-0.257  NA   		4		37
-0.255  NA   		4		38
-0.191  NA   		4		39
-0.369  NA   		4		40
-0.380  NA   		4		41
+4.099  NA   		4		42
-0.231  NA   		4		43
-0.381  NA   		4		44
-0.225  NA   		4		45
-0.003  NA   		4		46
+0.009  NA   		4		47
+3.872  NA   		4		48
-0.004  NA   		4		49
-0.004  NA   		4		50
+3.796  NA   		4		51
+3.800  NA   		4		52
+0.103  NA   		4		53
+0.108  NA   		4		54
+0.103  NA   		4		55
-0.126  NA   		4		56
+4.310  NA   		4		57
+4.002  NA   		4		58
+4.034  NA   		4		59
-0.124  NA   		4		60
-0.211  NA   		4		61
-0.224  NA   		4		62
-0.240  NA   		4		63
-0.253  NA   		4		64
-0.262  NA   		4		65
-0.276  NA   		4		66
-0.269  NA   		4		67
-0.252  NA   		4		68
-0.273  NA   		4		69
-0.316  NA   		4		70
-0.235  NA   		4		71
-0.242  NA   		4		72
-0.314  NA   		4		73
-0.228  NA   		4		74
-0.270  NA   		4		75
-0.217  NA   		4		76
-0.217  NA   		4		77
-0.197  NA   		4		78
-0.240  NA   		4		79
-0.232  NA   		4		80
-0.240  NA   		4		81
-0.329  NA   		4		82
-0.209  NA   		4		83
-0.234  NA   		4		84
-0.192  NA   		4		85
-0.235  NA   		4		86
-0.215  NA   		4		87
+0.204  NA   		4		88
+0.181  NA   		4		89
-0.502  NA   		4		90
+0.173  NA   		4		91
-0.420  NA   		4		92
-0.526  NA   		4		93
-0.500  NA   		4		94
-0.464  NA   		4		95
-0.085  NA   		5		6
-0.219  NA   		5		7
-0.226  NA   		5		8
+2.795  NA   		5		9
+2.643  NA   		5		10
+4.278  NA   		5		11
+2.760  NA   		5		12
+4.275  NA   		5		13
+3.161  NA   		5		14
+3.327  NA   		5		15
+4.398  NA   		5		16
+4.441  NA   		5		17
+6.250  NA   		5		18
+6.228  NA   		5		19
+6.287  NA   		5		20
+6.350  NA   		5		21
+6.484  NA   		5		22
+3.036  NA   		5		23
+4.598  NA   		5		24
+4.740  NA   		5		25
+4.862  NA   		5		26
+6.522  NA   		5		27
+4.988  NA   		5		28
+4.890  NA   		5		29
+4.803  NA   		5		30
+3.043  NA   		5		31
+6.428  NA   		5		32
+4.728  NA   		5		33
+4.506  NA   		5		34
+4.442  NA   		5		35
+6.472  NA   		5		36
-0.266  NA   		5		37
-0.264  NA   		5		38
-0.200  NA   		5		39
-0.378  NA   		5		40
-0.389  NA   		5		41
+4.091  NA   		5		42
-0.240  NA   		5		43
-0.390  NA   		5		44
-0.234  NA   		5		45
-0.012  NA   		5		46
-0.000  NA   		5		47
+3.863  NA   		5		48
-0.013  NA   		5		49
-0.013  NA   		5		50
+3.787  NA   		5		51
+3.791  NA   		5		52
+0.094  NA   		5		53
+0.099  NA   		5		54
+0.094  NA   		5		55
-0.135  NA   		5		56
+4.299  NA   		5		57
+3.991  NA   		5		58
+4.023  NA   		5		59
-0.134  NA   		5		60
-0.220  NA   		5		61
-0.233  NA   		5		62
-0.249  NA   		5		63
-0.262  NA   		5		64
-0.271  NA   		5		65
-0.285  NA   		5		66
-0.278  NA   		5		67
-0.261  NA   		5		68
-0.282  NA   		5		69
-0.325  NA   		5		70
-0.244  NA   		5		71
-0.251  NA   		5		72
-0.322  NA   		5		73
-0.237  NA   		5		74
-0.279  NA   		5		75
-0.226  NA   		5		76
-0.226  NA   		5		77
-0.206  NA   		5		78
-0.249  NA   		5		79
-0.241  NA   		5		80
-0.249  NA   		5		81
-0.338  NA   		5		82
-0.218  NA   		5		83
-0.243  NA   		5		84
-0.201  NA   		5		85
-0.244  NA   		5		86
-0.224  NA   		5		87
+0.194  NA   		5		88
+0.171  NA   		5		89
-0.510  NA   		5		90
+0.164  NA   		5		91
-0.429  NA   		5		92
-0.535  NA   		5		93
-0.509  NA   		5		94
-0.473  NA   		5		95
-0.295  NA   		6		7
-0.312  NA   		6		8
+2.681  NA   		6		9
+2.530  NA   		6		10
+4.161  NA   		6		11
+2.659  NA   		6		12
+4.176  NA   		6		13
+3.062  NA   		6		14
+3.228  NA   		6		15
+4.298  NA   		6		16
+4.341  NA   		6		17
+6.152  NA   		6		18
+6.130  NA   		6		19
+6.189  NA   		6		20
+6.253  NA   		6		21
+6.386  NA   		6		22
+2.935  NA   		6		23
+4.500  NA   		6		24
+4.642  NA   		6		25
+4.764  NA   		6		26
+6.425  NA   		6		27
+4.891  NA   		6		28
+4.792  NA   		6		29
+4.705  NA   		6		30
+2.943  NA   		6		31
+6.331  NA   		6		32
+4.630  NA   		6		33
+4.407  NA   		6		34
+4.343  NA   		6		35
+6.373  NA   		6		36
-0.368  NA   		6		37
-0.365  NA   		6		38
-0.302  NA   		6		39
-0.478  NA   		6		40
-0.488  NA   		6		41
+3.998  NA   		6		42
-0.341  NA   		6		43
-0.489  NA   		6		44
-0.335  NA   		6		45
-0.116  NA   		6		46
-0.104  NA   		6		47
+3.770  NA   		6		48
-0.117  NA   		6		49
-0.116  NA   		6		50
+3.694  NA   		6		51
+3.698  NA   		6		52
-0.010  NA   		6		53
-0.005  NA   		6		54
-0.010  NA   		6		55
-0.237  NA   		6		56
+4.182  NA   		6		57
+3.876  NA   		6		58
+3.907  NA   		6		59
-0.237  NA   		6		60
-0.322  NA   		6		61
-0.336  NA   		6		62
-0.351  NA   		6		63
-0.363  NA   		6		64
-0.372  NA   		6		65
-0.386  NA   		6		66
-0.379  NA   		6		67
-0.363  NA   		6		68
-0.381  NA   		6		69
-0.424  NA   		6		70
-0.346  NA   		6		71
-0.353  NA   		6		72
-0.422  NA   		6		73
-0.339  NA   		6		74
-0.380  NA   		6		75
-0.328  NA   		6		76
-0.328  NA   		6		77
-0.309  NA   		6		78
-0.351  NA   		6		79
-0.343  NA   		6		80
-0.351  NA   		6		81
-0.437  NA   		6		82
-0.320  NA   		6		83
-0.345  NA   		6		84
-0.304  NA   		6		85
-0.346  NA   		6		86
-0.321  NA   		6		87
+0.087  NA   		6		88
+0.064  NA   		6		89
-0.609  NA   		6		90
+0.056  NA   		6		91
-0.526  NA   		6		92
-0.633  NA   		6		93
-0.607  NA   		6		94
-0.573  NA   		6		95
-0.283  NA   		7		8
+2.616  NA   		7		9
+2.465  NA   		7		10
+4.091  NA   		7		11
+2.591  NA   		7		12
+4.123  NA   		7		13
+2.999  NA   		7		14
+3.165  NA   		7		15
+4.246  NA   		7		16
+4.289  NA   		7		17
+6.105  NA   		7		18
+6.084  NA   		7		19
+6.142  NA   		7		20
+6.206  NA   		7		21
+6.340  NA   		7		22
+2.870  NA   		7		23
+4.438  NA   		7		24
+4.581  NA   		7		25
+4.703  NA   		7		26
+6.379  NA   		7		27
+4.831  NA   		7		28
+4.731  NA   		7		29
+4.644  NA   		7		30
+2.879  NA   		7		31
+6.283  NA   		7		32
+4.568  NA   		7		33
+4.345  NA   		7		34
+4.281  NA   		7		35
+6.325  NA   		7		36
-0.450  NA   		7		37
-0.448  NA   		7		38
-0.387  NA   		7		39
-0.552  NA   		7		40
-0.559  NA   		7		41
+3.930  NA   		7		42
-0.424  NA   		7		43
-0.559  NA   		7		44
-0.418  NA   		7		45
-0.207  NA   		7		46
-0.195  NA   		7		47
+3.702  NA   		7		48
-0.208  NA   		7		49
-0.207  NA   		7		50
+3.626  NA   		7		51
+3.630  NA   		7		52
-0.094  NA   		7		53
-0.089  NA   		7		54
-0.094  NA   		7		55
-0.315  NA   		7		56
+4.106  NA   		7		57
+3.801  NA   		7		58
+3.831  NA   		7		59
-0.311  NA   		7		60
-0.397  NA   		7		61
-0.410  NA   		7		62
-0.424  NA   		7		63
-0.437  NA   		7		64
-0.446  NA   		7		65
-0.459  NA   		7		66
-0.453  NA   		7		67
-0.437  NA   		7		68
-0.452  NA   		7		69
-0.494  NA   		7		70
-0.420  NA   		7		71
-0.427  NA   		7		72
-0.492  NA   		7		73
-0.413  NA   		7		74
-0.454  NA   		7		75
-0.403  NA   		7		76
-0.403  NA   		7		77
-0.384  NA   		7		78
-0.425  NA   		7		79
-0.418  NA   		7		80
-0.425  NA   		7		81
-0.508  NA   		7		82
-0.395  NA   		7		83
-0.419  NA   		7		84
-0.378  NA   		7		85
-0.420  NA   		7		86
-0.388  NA   		7		87
+0.010  NA   		7		88
-0.013  NA   		7		89
-0.679  NA   		7		90
-0.020  NA   		7		91
-0.596  NA   		7		92
-0.704  NA   		7		93
-0.678  NA   		7		94
-0.644  NA   		7		95
+2.558  NA   		8		9
+2.407  NA   		8		10
+4.029  NA   		8		11
+2.541  NA   		8		12
+4.072  NA   		8		13
+2.948  NA   		8		14
+3.114  NA   		8		15
+4.194  NA   		8		16
+4.237  NA   		8		17
+6.053  NA   		8		18
+6.031  NA   		8		19
+6.090  NA   		8		20
+6.154  NA   		8		21
+6.287  NA   		8		22
+2.820  NA   		8		23
+4.388  NA   		8		24
+4.530  NA   		8		25
+4.652  NA   		8		26
+6.327  NA   		8		27
+4.781  NA   		8		28
+4.680  NA   		8		29
+4.593  NA   		8		30
+2.828  NA   		8		31
+6.231  NA   		8		32
+4.517  NA   		8		33
+4.293  NA   		8		34
+4.229  NA   		8		35
+6.272  NA   		8		36
-0.495  NA   		8		37
-0.493  NA   		8		38
-0.432  NA   		8		39
-0.597  NA   		8		40
-0.604  NA   		8		41
+3.885  NA   		8		42
-0.469  NA   		8		43
-0.604  NA   		8		44
-0.464  NA   		8		45
-0.254  NA   		8		46
-0.243  NA   		8		47
+3.657  NA   		8		48
-0.255  NA   		8		49
-0.255  NA   		8		50
+3.580  NA   		8		51
+3.584  NA   		8		52
-0.139  NA   		8		53
-0.135  NA   		8		54
-0.140  NA   		8		55
-0.360  NA   		8		56
+4.049  NA   		8		57
+3.744  NA   		8		58
+3.775  NA   		8		59
-0.357  NA   		8		60
-0.442  NA   		8		61
-0.455  NA   		8		62
-0.470  NA   		8		63
-0.482  NA   		8		64
-0.491  NA   		8		65
-0.504  NA   		8		66
-0.498  NA   		8		67
-0.482  NA   		8		68
-0.497  NA   		8		69
-0.540  NA   		8		70
-0.465  NA   		8		71
-0.472  NA   		8		72
-0.538  NA   		8		73
-0.458  NA   		8		74
-0.499  NA   		8		75
-0.448  NA   		8		76
-0.448  NA   		8		77
-0.429  NA   		8		78
-0.470  NA   		8		79
-0.463  NA   		8		80
-0.470  NA   		8		81
-0.553  NA   		8		82
-0.440  NA   		8		83
-0.464  NA   		8		84
-0.424  NA   		8		85
-0.465  NA   		8		86
-0.431  NA   		8		87
-0.038  NA   		8		88
-0.061  NA   		8		89
-0.723  NA   		8		90
-0.067  NA   		8		91
-0.639  NA   		8		92
-0.748  NA   		8		93
-0.722  NA   		8		94
-0.689  NA   		8		95
+2.587  NA   		9		10
+3.892  NA   		9		11
+3.115  NA   		9		12
+3.963  NA   		9		13
+3.475  NA   		9		14
+3.625  NA   		9		15
+4.072  NA   		9		16
+4.109  NA   		9		17
+6.046  NA   		9		18
+6.020  NA   		9		19
+6.089  NA   		9		20
+6.167  NA   		9		21
+6.328  NA   		9		22
+3.445  NA   		9		23
+4.475  NA   		9		24
+4.593  NA   		9		25
+4.691  NA   		9		26
+6.349  NA   		9		27
+4.806  NA   		9		28
+4.718  NA   		9		29
+4.645  NA   		9		30
+3.427  NA   		9		31
+6.213  NA   		9		32
+4.590  NA   		9		33
+4.430  NA   		9		34
+4.383  NA   		9		35
+6.164  NA   		9		36
+2.247  NA   		9		37
+2.245  NA   		9		38
+2.216  NA   		9		39
+2.473  NA   		9		40
+2.642  NA   		9		41
+4.004  NA   		9		42
+2.223  NA   		9		43
+2.646  NA   		9		44
+2.220  NA   		9		45
+2.194  NA   		9		46
+2.194  NA   		9		47
+3.835  NA   		9		48
+2.194  NA   		9		49
+2.194  NA   		9		50
+3.781  NA   		9		51
+3.784  NA   		9		52
+2.497  NA   		9		53
+2.504  NA   		9		54
+2.500  NA   		9		55
+2.347  NA   		9		56
+5.127  NA   		9		57
+4.882  NA   		9		58
+4.910  NA   		9		59
+2.411  NA   		9		60
+2.329  NA   		9		61
+2.322  NA   		9		62
+2.308  NA   		9		63
+2.301  NA   		9		64
+2.294  NA   		9		65
+2.285  NA   		9		66
+2.289  NA   		9		67
+2.301  NA   		9		68
+2.350  NA   		9		69
+2.299  NA   		9		70
+2.320  NA   		9		71
+2.314  NA   		9		72
+2.300  NA   		9		73
+2.324  NA   		9		74
+2.292  NA   		9		75
+2.340  NA   		9		76
+2.340  NA   		9		77
+2.352  NA   		9		78
+2.315  NA   		9		79
+2.321  NA   		9		80
+2.315  NA   		9		81
+2.281  NA   		9		82
+2.342  NA   		9		83
+2.320  NA   		9		84
+2.356  NA   		9		85
+2.320  NA   		9		86
+2.432  NA   		9		87
+2.869  NA   		9		88
+2.851  NA   		9		89
+2.081  NA   		9		90
+2.866  NA   		9		91
+2.147  NA   		9		92
+2.051  NA   		9		93
+2.073  NA   		9		94
+2.113  NA   		9		95
+4.011  NA   		10		11
+2.984  NA   		10		12
+3.925  NA   		10		13
+3.342  NA   		10		14
+3.492  NA   		10		15
+4.035  NA   		10		16
+4.073  NA   		10		17
+6.128  NA   		10		18
+6.100  NA   		10		19
+6.174  NA   		10		20
+6.254  NA   		10		21
+6.422  NA   		10		22
+3.305  NA   		10		23
+4.378  NA   		10		24
+4.499  NA   		10		25
+4.600  NA   		10		26
+6.442  NA   		10		27
+4.717  NA   		10		28
+4.627  NA   		10		29
+4.552  NA   		10		30
+3.289  NA   		10		31
+6.296  NA   		10		32
+4.494  NA   		10		33
+4.326  NA   		10		34
+4.278  NA   		10		35
+6.227  NA   		10		36
+2.124  NA   		10		37
+2.121  NA   		10		38
+2.086  NA   		10		39
+2.381  NA   		10		40
+2.567  NA   		10		41
+3.914  NA   		10		42
+2.096  NA   		10		43
+2.570  NA   		10		44
+2.092  NA   		10		45
+2.053  NA   		10		46
+2.052  NA   		10		47
+3.738  NA   		10		48
+2.053  NA   		10		49
+2.053  NA   		10		50
+3.682  NA   		10		51
+3.685  NA   		10		52
+2.360  NA   		10		53
+2.367  NA   		10		54
+2.363  NA   		10		55
+2.204  NA   		10		56
+5.008  NA   		10		57
+4.762  NA   		10		58
+4.790  NA   		10		59
+2.268  NA   		10		60
+2.185  NA   		10		61
+2.178  NA   		10		62
+2.163  NA   		10		63
+2.155  NA   		10		64
+2.148  NA   		10		65
+2.140  NA   		10		66
+2.144  NA   		10		67
+2.156  NA   		10		68
+2.195  NA   		10		69
+2.146  NA   		10		70
+2.176  NA   		10		71
+2.169  NA   		10		72
+2.147  NA   		10		73
+2.180  NA   		10		74
+2.147  NA   		10		75
+2.196  NA   		10		76
+2.196  NA   		10		77
+2.208  NA   		10		78
+2.171  NA   		10		79
+2.176  NA   		10		80
+2.170  NA   		10		81
+2.129  NA   		10		82
+2.198  NA   		10		83
+2.175  NA   		10		84
+2.212  NA   		10		85
+2.175  NA   		10		86
+2.295  NA   		10		87
+2.711  NA   		10		88
+2.695  NA   		10		89
+1.937  NA   		10		90
+2.709  NA   		10		91
+2.003  NA   		10		92
+1.905  NA   		10		93
+1.929  NA   		10		94
+1.964  NA   		10		95
+3.982  NA   		11		12
+4.426  NA   		11		13
+4.250  NA   		11		14
+4.375  NA   		11		15
+4.513  NA   		11		16
+4.539  NA   		11		17
+6.002  NA   		11		18
+5.980  NA   		11		19
+6.042  NA   		11		20
+6.112  NA   		11		21
+6.262  NA   		11		22
+4.246  NA   		11		23
+4.979  NA   		11		24
+5.077  NA   		11		25
+5.155  NA   		11		26
+6.289  NA   		11		27
+5.252  NA   		11		28
+5.179  NA   		11		29
+5.119  NA   		11		30
+4.229  NA   		11		31
+6.171  NA   		11		32
+5.079  NA   		11		33
+4.961  NA   		11		34
+4.925  NA   		11		35
+6.162  NA   		11		36
+3.986  NA   		11		37
+3.980  NA   		11		38
+3.901  NA   		11		39
+4.372  NA   		11		40
+4.641  NA   		11		41
+4.554  NA   		11		42
+3.923  NA   		11		43
+4.639  NA   		11		44
+3.914  NA   		11		45
+3.770  NA   		11		46
+3.763  NA   		11		47
+4.429  NA   		11		48
+3.771  NA   		11		49
+3.772  NA   		11		50
+4.391  NA   		11		51
+4.394  NA   		11		52
+3.920  NA   		11		53
+3.927  NA   		11		54
+3.923  NA   		11		55
+3.802  NA   		11		56
+6.135  NA   		11		57
+5.910  NA   		11		58
+5.937  NA   		11		59
+3.892  NA   		11		60
+3.807  NA   		11		61
+3.800  NA   		11		62
+3.785  NA   		11		63
+3.779  NA   		11		64
+3.772  NA   		11		65
+3.764  NA   		11		66
+3.768  NA   		11		67
+3.779  NA   		11		68
+3.743  NA   		11		69
+3.708  NA   		11		70
+3.799  NA   		11		71
+3.793  NA   		11		72
+3.712  NA   		11		73
+3.803  NA   		11		74
+3.772  NA   		11		75
+3.821  NA   		11		76
+3.821  NA   		11		77
+3.831  NA   		11		78
+3.795  NA   		11		79
+3.799  NA   		11		80
+3.793  NA   		11		81
+3.702  NA   		11		82
+3.820  NA   		11		83
+3.799  NA   		11		84
+3.835  NA   		11		85
+3.798  NA   		11		86
+3.877  NA   		11		87
+4.097  NA   		11		88
+4.089  NA   		11		89
+3.585  NA   		11		90
+4.097  NA   		11		91
+3.598  NA   		11		92
+3.542  NA   		11		93
+3.565  NA   		11		94
+3.569  NA   		11		95
+4.039  NA   		12		13
+3.036  NA   		12		14
+3.169  NA   		12		15
+4.146  NA   		12		16
+4.182  NA   		12		17
+5.853  NA   		12		18
+5.832  NA   		12		19
+5.889  NA   		12		20
+5.950  NA   		12		21
+6.078  NA   		12		22
+2.945  NA   		12		23
+4.332  NA   		12		24
+4.478  NA   		12		25
+4.619  NA   		12		26
+6.119  NA   		12		27
+4.766  NA   		12		28
+4.649  NA   		12		29
+4.550  NA   		12		30
+2.951  NA   		12		31
+6.029  NA   		12		32
+4.461  NA   		12		33
+4.210  NA   		12		34
+4.145  NA   		12		35
+6.062  NA   		12		36
+2.398  NA   		12		37
+2.396  NA   		12		38
+2.356  NA   		12		39
+3.194  NA   		12		40
+3.521  NA   		12		41
+4.190  NA   		12		42
+2.367  NA   		12		43
+3.518  NA   		12		44
+2.363  NA   		12		45
+2.311  NA   		12		46
+2.310  NA   		12		47
+4.019  NA   		12		48
+2.311  NA   		12		49
+2.312  NA   		12		50
+3.966  NA   		12		51
+3.969  NA   		12		52
+2.884  NA   		12		53
+2.893  NA   		12		54
+2.887  NA   		12		55
+2.609  NA   		12		56
+5.191  NA   		12		57
+4.969  NA   		12		58
+4.995  NA   		12		59
+2.520  NA   		12		60
+2.436  NA   		12		61
+2.430  NA   		12		62
+2.416  NA   		12		63
+2.409  NA   		12		64
+2.402  NA   		12		65
+2.394  NA   		12		66
+2.398  NA   		12		67
+2.408  NA   		12		68
+2.395  NA   		12		69
+2.356  NA   		12		70
+2.425  NA   		12		71
+2.419  NA   		12		72
+2.360  NA   		12		73
+2.428  NA   		12		74
+2.400  NA   		12		75
+2.447  NA   		12		76
+2.447  NA   		12		77
+2.455  NA   		12		78
+2.421  NA   		12		79
+2.426  NA   		12		80
+2.420  NA   		12		81
+2.348  NA   		12		82
+2.444  NA   		12		83
+2.425  NA   		12		84
+2.458  NA   		12		85
+2.425  NA   		12		86
+2.422  NA   		12		87
+2.775  NA   		12		88
+2.761  NA   		12		89
+2.184  NA   		12		90
+2.767  NA   		12		91
+2.213  NA   		12		92
+2.156  NA   		12		93
+2.177  NA   		12		94
+2.228  NA   		12		95
+4.105  NA   		13		14
+4.191  NA   		13		15
+4.433  NA   		13		16
+4.463  NA   		13		17
+6.215  NA   		13		18
+6.190  NA   		13		19
+6.254  NA   		13		20
+6.347  NA   		13		21
+6.522  NA   		13		22
+4.098  NA   		13		23
+5.021  NA   		13		24
+5.117  NA   		13		25
+5.192  NA   		13		26
+6.493  NA   		13		27
+5.286  NA   		13		28
+5.215  NA   		13		29
+5.156  NA   		13		30
+4.090  NA   		13		31
+6.327  NA   		13		32
+5.117  NA   		13		33
+5.005  NA   		13		34
+4.971  NA   		13		35
+6.241  NA   		13		36
+3.873  NA   		13		37
+3.871  NA   		13		38
+3.839  NA   		13		39
+4.596  NA   		13		40
+4.880  NA   		13		41
+4.584  NA   		13		42
+3.846  NA   		13		43
+4.872  NA   		13		44
+3.843  NA   		13		45
+3.808  NA   		13		46
+3.808  NA   		13		47
+4.469  NA   		13		48
+3.809  NA   		13		49
+3.809  NA   		13		50
+4.433  NA   		13		51
+4.436  NA   		13		52
+4.849  NA   		13		53
+4.866  NA   		13		54
+4.857  NA   		13		55
+4.398  NA   		13		56
+6.362  NA   		13		57
+6.156  NA   		13		58
+6.184  NA   		13		59
+4.013  NA   		13		60
+3.938  NA   		13		61
+3.935  NA   		13		62
+3.920  NA   		13		63
+3.917  NA   		13		64
+3.910  NA   		13		65
+3.905  NA   		13		66
+3.907  NA   		13		67
+3.917  NA   		13		68
+3.908  NA   		13		69
+3.870  NA   		13		70
+3.934  NA   		13		71
+3.929  NA   		13		72
+3.872  NA   		13		73
+3.937  NA   		13		74
+3.911  NA   		13		75
+3.955  NA   		13		76
+3.955  NA   		13		77
+3.962  NA   		13		78
+3.929  NA   		13		79
+3.932  NA   		13		80
+3.928  NA   		13		81
+3.860  NA   		13		82
+3.952  NA   		13		83
+3.932  NA   		13		84
+3.965  NA   		13		85
+3.932  NA   		13		86
+3.931  NA   		13		87
+4.251  NA   		13		88
+4.248  NA   		13		89
+3.699  NA   		13		90
+4.257  NA   		13		91
+3.724  NA   		13		92
+3.669  NA   		13		93
+3.689  NA   		13		94
+3.733  NA   		13		95
+3.322  NA   		14		15
+4.199  NA   		14		16
+4.233  NA   		14		17
+5.880  NA   		14		18
+5.859  NA   		14		19
+5.916  NA   		14		20
+5.978  NA   		14		21
+6.108  NA   		14		22
+3.142  NA   		14		23
+4.437  NA   		14		24
+4.594  NA   		14		25
+4.754  NA   		14		26
+6.147  NA   		14		27
+4.918  NA   		14		28
+4.785  NA   		14		29
+4.675  NA   		14		30
+3.161  NA   		14		31
+6.055  NA   		14		32
+4.567  NA   		14		33
+4.285  NA   		14		34
+4.217  NA   		14		35
+6.084  NA   		14		36
+2.883  NA   		14		37
+2.880  NA   		14		38
+2.823  NA   		14		39
+3.887  NA   		14		40
+4.265  NA   		14		41
+4.262  NA   		14		42
+2.840  NA   		14		43
+4.257  NA   		14		44
+2.833  NA   		14		45
+2.742  NA   		14		46
+2.738  NA   		14		47
+4.102  NA   		14		48
+2.743  NA   		14		49
+2.743  NA   		14		50
+4.053  NA   		14		51
+4.056  NA   		14		52
+3.661  NA   		14		53
+3.674  NA   		14		54
+3.666  NA   		14		55
+3.241  NA   		14		56
+5.549  NA   		14		57
+5.334  NA   		14		58
+5.360  NA   		14		59
+2.915  NA   		14		60
+2.836  NA   		14		61
+2.831  NA   		14		62
+2.817  NA   		14		63
+2.811  NA   		14		64
+2.805  NA   		14		65
+2.798  NA   		14		66
+2.801  NA   		14		67
+2.810  NA   		14		68
+2.812  NA   		14		69
+2.771  NA   		14		70
+2.826  NA   		14		71
+2.821  NA   		14		72
+2.775  NA   		14		73
+2.829  NA   		14		74
+2.803  NA   		14		75
+2.848  NA   		14		76
+2.848  NA   		14		77
+2.854  NA   		14		78
+2.822  NA   		14		79
+2.826  NA   		14		80
+2.821  NA   		14		81
+2.761  NA   		14		82
+2.844  NA   		14		83
+2.826  NA   		14		84
+2.857  NA   		14		85
+2.825  NA   		14		86
+2.849  NA   		14		87
+3.194  NA   		14		88
+3.182  NA   		14		89
+2.593  NA   		14		90
+3.188  NA   		14		91
+2.625  NA   		14		92
+2.563  NA   		14		93
+2.583  NA   		14		94
+2.622  NA   		14		95
+4.274  NA   		15		16
+4.306  NA   		15		17
+5.905  NA   		15		18
+5.885  NA   		15		19
+5.941  NA   		15		20
+6.000  NA   		15		21
+6.125  NA   		15		22
+3.257  NA   		15		23
+4.392  NA   		15		24
+4.528  NA   		15		25
+4.660  NA   		15		26
+6.167  NA   		15		27
+4.801  NA   		15		28
+4.689  NA   		15		29
+4.595  NA   		15		30
+3.270  NA   		15		31
+6.080  NA   		15		32
+4.513  NA   		15		33
+4.289  NA   		15		34
+4.231  NA   		15		35
+6.116  NA   		15		36
+3.015  NA   		15		37
+3.012  NA   		15		38
+2.963  NA   		15		39
+3.905  NA   		15		40
+4.252  NA   		15		41
+4.377  NA   		15		42
+2.978  NA   		15		43
+4.251  NA   		15		44
+2.972  NA   		15		45
+2.899  NA   		15		46
+2.896  NA   		15		47
+4.225  NA   		15		48
+2.899  NA   		15		49
+2.900  NA   		15		50
+4.177  NA   		15		51
+4.180  NA   		15		52
+3.849  NA   		15		53
+3.862  NA   		15		54
+3.854  NA   		15		55
+3.421  NA   		15		56
+5.589  NA   		15		57
+5.380  NA   		15		58
+5.405  NA   		15		59
+3.096  NA   		15		60
+3.013  NA   		15		61
+3.008  NA   		15		62
+2.993  NA   		15		63
+2.988  NA   		15		64
+2.981  NA   		15		65
+2.974  NA   		15		66
+2.977  NA   		15		67
+2.988  NA   		15		68
+2.981  NA   		15		69
+2.941  NA   		15		70
+3.005  NA   		15		71
+2.999  NA   		15		72
+2.944  NA   		15		73
+3.008  NA   		15		74
+2.979  NA   		15		75
+3.027  NA   		15		76
+3.027  NA   		15		77
+3.034  NA   		15		78
+3.000  NA   		15		79
+3.005  NA   		15		80
+2.999  NA   		15		81
+2.931  NA   		15		82
+3.024  NA   		15		83
+3.004  NA   		15		84
+3.038  NA   		15		85
+3.003  NA   		15		86
+3.017  NA   		15		87
+3.349  NA   		15		88
+3.340  NA   		15		89
+2.767  NA   		15		90
+3.345  NA   		15		91
+2.796  NA   		15		92
+2.735  NA   		15		93
+2.757  NA   		15		94
+2.797  NA   		15		95
+4.540  NA   		16		17
+6.225  NA   		16		18
+6.197  NA   		16		19
+6.269  NA   		16		20
+6.359  NA   		16		21
+6.536  NA   		16		22
+4.185  NA   		16		23
+5.074  NA   		16		24
+5.170  NA   		16		25
+5.244  NA   		16		26
+6.501  NA   		16		27
+5.334  NA   		16		28
+5.265  NA   		16		29
+5.208  NA   		16		30
+4.179  NA   		16		31
+6.332  NA   		16		32
+5.170  NA   		16		33
+5.063  NA   		16		34
+5.029  NA   		16		35
+6.245  NA   		16		36
+3.998  NA   		16		37
+3.995  NA   		16		38
+3.962  NA   		16		39
+4.734  NA   		16		40
+5.020  NA   		16		41
+4.648  NA   		16		42
+3.970  NA   		16		43
+5.012  NA   		16		44
+3.966  NA   		16		45
+3.929  NA   		16		46
+3.929  NA   		16		47
+4.537  NA   		16		48
+3.930  NA   		16		49
+3.930  NA   		16		50
+4.503  NA   		16		51
+4.505  NA   		16		52
+4.981  NA   		16		53
+4.999  NA   		16		54
+4.990  NA   		16		55
+4.528  NA   		16		56
+6.451  NA   		16		57
+6.250  NA   		16		58
+6.277  NA   		16		59
+4.132  NA   		16		60
+4.058  NA   		16		61
+4.055  NA   		16		62
+4.040  NA   		16		63
+4.037  NA   		16		64
+4.031  NA   		16		65
+4.026  NA   		16		66
+4.028  NA   		16		67
+4.037  NA   		16		68
+4.029  NA   		16		69
+3.991  NA   		16		70
+4.054  NA   		16		71
+4.049  NA   		16		72
+3.993  NA   		16		73
+4.057  NA   		16		74
+4.031  NA   		16		75
+4.075  NA   		16		76
+4.075  NA   		16		77
+4.081  NA   		16		78
+4.049  NA   		16		79
+4.052  NA   		16		80
+4.048  NA   		16		81
+3.981  NA   		16		82
+4.072  NA   		16		83
+4.052  NA   		16		84
+4.085  NA   		16		85
+4.052  NA   		16		86
+4.049  NA   		16		87
+4.369  NA   		16		88
+4.366  NA   		16		89
+3.819  NA   		16		90
+4.375  NA   		16		91
+3.843  NA   		16		92
+3.789  NA   		16		93
+3.809  NA   		16		94
+3.855  NA   		16		95
+6.212  NA   		17		18
+6.182  NA   		17		19
+6.265  NA   		17		20
+6.354  NA   		17		21
+6.530  NA   		17		22
+4.218  NA   		17		23
+5.096  NA   		17		24
+5.193  NA   		17		25
+5.266  NA   		17		26
+6.499  NA   		17		27
+5.354  NA   		17		28
+5.286  NA   		17		29
+5.231  NA   		17		30
+4.214  NA   		17		31
+6.332  NA   		17		32
+5.193  NA   		17		33
+5.087  NA   		17		34
+5.053  NA   		17		35
+6.246  NA   		17		36
+4.045  NA   		17		37
+4.043  NA   		17		38
+4.008  NA   		17		39
+4.786  NA   		17		40
+5.074  NA   		17		41
+4.670  NA   		17		42
+4.017  NA   		17		43
+5.067  NA   		17		44
+4.013  NA   		17		45
+3.973  NA   		17		46
+3.972  NA   		17		47
+4.561  NA   		17		48
+3.973  NA   		17		49
+3.974  NA   		17		50
+4.527  NA   		17		51
+4.530  NA   		17		52
+5.022  NA   		17		53
+5.039  NA   		17		54
+5.031  NA   		17		55
+4.572  NA   		17		56
+6.479  NA   		17		57
+6.278  NA   		17		58
+6.306  NA   		17		59
+4.174  NA   		17		60
+4.101  NA   		17		61
+4.097  NA   		17		62
+4.083  NA   		17		63
+4.080  NA   		17		64
+4.073  NA   		17		65
+4.069  NA   		17		66
+4.071  NA   		17		67
+4.080  NA   		17		68
+4.072  NA   		17		69
+4.035  NA   		17		70
+4.097  NA   		17		71
+4.092  NA   		17		72
+4.036  NA   		17		73
+4.100  NA   		17		74
+4.074  NA   		17		75
+4.117  NA   		17		76
+4.117  NA   		17		77
+4.124  NA   		17		78
+4.091  NA   		17		79
+4.095  NA   		17		80
+4.090  NA   		17		81
+4.024  NA   		17		82
+4.115  NA   		17		83
+4.095  NA   		17		84
+4.128  NA   		17		85
+4.095  NA   		17		86
+4.090  NA   		17		87
+4.412  NA   		17		88
+4.410  NA   		17		89
+3.861  NA   		17		90
+4.418  NA   		17		91
+3.885  NA   		17		92
+3.832  NA   		17		93
+3.852  NA   		17		94
+3.898  NA   		17		95
+6.444  NA   		18		19
+6.472  NA   		18		20
+6.518  NA   		18		21
+6.622  NA   		18		22
+5.870  NA   		18		23
+6.123  NA   		18		24
+6.177  NA   		18		25
+6.218  NA   		18		26
+6.601  NA   		18		27
+6.273  NA   		18		28
+6.230  NA   		18		29
+6.199  NA   		18		30
+5.875  NA   		18		31
+6.522  NA   		18		32
+6.179  NA   		18		33
+6.126  NA   		18		34
+6.109  NA   		18		35
+6.534  NA   		18		36
+6.419  NA   		18		37
+6.408  NA   		18		38
+6.292  NA   		18		39
+6.878  NA   		18		40
+7.199  NA   		18		41
+5.949  NA   		18		42
+6.321  NA   		18		43
+7.186  NA   		18		44
+6.307  NA   		18		45
+6.085  NA   		18		46
+6.071  NA   		18		47
+5.933  NA   		18		48
+6.085  NA   		18		49
+6.086  NA   		18		50
+5.929  NA   		18		51
+5.929  NA   		18		52
+6.318  NA   		18		53
+6.329  NA   		18		54
+6.323  NA   		18		55
+6.058  NA   		18		56
+7.752  NA   		18		57
+7.573  NA   		18		58
+7.598  NA   		18		59
+6.002  NA   		18		60
+5.929  NA   		18		61
+5.926  NA   		18		62
+5.912  NA   		18		63
+5.909  NA   		18		64
+5.903  NA   		18		65
+5.899  NA   		18		66
+5.900  NA   		18		67
+5.909  NA   		18		68
+5.889  NA   		18		69
+5.853  NA   		18		70
+5.926  NA   		18		71
+5.921  NA   		18		72
+5.856  NA   		18		73
+5.929  NA   		18		74
+5.904  NA   		18		75
+5.947  NA   		18		76
+5.947  NA   		18		77
+5.953  NA   		18		78
+5.920  NA   		18		79
+5.924  NA   		18		80
+5.919  NA   		18		81
+5.845  NA   		18		82
+5.943  NA   		18		83
+5.924  NA   		18		84
+5.956  NA   		18		85
+5.924  NA   		18		86
+5.991  NA   		18		87
+6.212  NA   		18		88
+6.211  NA   		18		89
+5.716  NA   		18		90
+6.221  NA   		18		91
+5.721  NA   		18		92
+5.678  NA   		18		93
+5.693  NA   		18		94
+5.705  NA   		18		95
+6.460  NA   		19		20
+6.508  NA   		19		21
+6.621  NA   		19		22
+5.849  NA   		19		23
+6.106  NA   		19		24
+6.160  NA   		19		25
+6.201  NA   		19		26
+6.596  NA   		19		27
+6.257  NA   		19		28
+6.214  NA   		19		29
+6.182  NA   		19		30
+5.854  NA   		19		31
+6.514  NA   		19		32
+6.162  NA   		19		33
+6.108  NA   		19		34
+6.091  NA   		19		35
+6.525  NA   		19		36
+6.391  NA   		19		37
+6.380  NA   		19		38
+6.267  NA   		19		39
+6.855  NA   		19		40
+7.176  NA   		19		41
+5.929  NA   		19		42
+6.294  NA   		19		43
+7.163  NA   		19		44
+6.280  NA   		19		45
+6.060  NA   		19		46
+6.046  NA   		19		47
+5.911  NA   		19		48
+6.061  NA   		19		49
+6.061  NA   		19		50
+5.908  NA   		19		51
+5.908  NA   		19		52
+6.300  NA   		19		53
+6.311  NA   		19		54
+6.305  NA   		19		55
+6.036  NA   		19		56
+7.735  NA   		19		57
+7.556  NA   		19		58
+7.581  NA   		19		59
+5.981  NA   		19		60
+5.907  NA   		19		61
+5.904  NA   		19		62
+5.890  NA   		19		63
+5.888  NA   		19		64
+5.882  NA   		19		65
+5.878  NA   		19		66
+5.879  NA   		19		67
+5.887  NA   		19		68
+5.867  NA   		19		69
+5.831  NA   		19		70
+5.905  NA   		19		71
+5.900  NA   		19		72
+5.834  NA   		19		73
+5.907  NA   		19		74
+5.882  NA   		19		75
+5.925  NA   		19		76
+5.925  NA   		19		77
+5.931  NA   		19		78
+5.899  NA   		19		79
+5.902  NA   		19		80
+5.898  NA   		19		81
+5.823  NA   		19		82
+5.922  NA   		19		83
+5.902  NA   		19		84
+5.935  NA   		19		85
+5.902  NA   		19		86
+5.969  NA   		19		87
+6.190  NA   		19		88
+6.188  NA   		19		89
+5.695  NA   		19		90
+6.198  NA   		19		91
+5.700  NA   		19		92
+5.656  NA   		19		93
+5.671  NA   		19		94
+5.683  NA   		19		95
+6.530  NA   		20		21
+6.624  NA   		20		22
+5.907  NA   		20		23
+6.152  NA   		20		24
+6.207  NA   		20		25
+6.247  NA   		20		26
+6.613  NA   		20		27
+6.300  NA   		20		28
+6.258  NA   		20		29
+6.228  NA   		20		30
+5.912  NA   		20		31
+6.537  NA   		20		32
+6.209  NA   		20		33
+6.156  NA   		20		34
+6.140  NA   		20		35
+6.549  NA   		20		36
+6.470  NA   		20		37
+6.458  NA   		20		38
+6.339  NA   		20		39
+6.921  NA   		20		40
+7.244  NA   		20		41
+5.985  NA   		20		42
+6.370  NA   		20		43
+7.231  NA   		20		44
+6.356  NA   		20		45
+6.131  NA   		20		46
+6.116  NA   		20		47
+5.971  NA   		20		48
+6.132  NA   		20		49
+6.132  NA   		20		50
+5.969  NA   		20		51
+5.969  NA   		20		52
+6.351  NA   		20		53
+6.362  NA   		20		54
+6.356  NA   		20		55
+6.094  NA   		20		56
+7.779  NA   		20		57
+7.600  NA   		20		58
+7.625  NA   		20		59
+6.037  NA   		20		60
+5.965  NA   		20		61
+5.963  NA   		20		62
+5.949  NA   		20		63
+5.947  NA   		20		64
+5.941  NA   		20		65
+5.937  NA   		20		66
+5.938  NA   		20		67
+5.946  NA   		20		68
+5.929  NA   		20		69
+5.893  NA   		20		70
+5.964  NA   		20		71
+5.959  NA   		20		72
+5.896  NA   		20		73
+5.966  NA   		20		74
+5.942  NA   		20		75
+5.983  NA   		20		76
+5.983  NA   		20		77
+5.990  NA   		20		78
+5.957  NA   		20		79
+5.961  NA   		20		80
+5.956  NA   		20		81
+5.884  NA   		20		82
+5.981  NA   		20		83
+5.961  NA   		20		84
+5.993  NA   		20		85
+5.961  NA   		20		86
+6.029  NA   		20		87
+6.251  NA   		20		88
+6.250  NA   		20		89
+5.754  NA   		20		90
+6.259  NA   		20		91
+5.759  NA   		20		92
+5.716  NA   		20		93
+5.731  NA   		20		94
+5.743  NA   		20		95
+6.641  NA   		21		22
+5.968  NA   		21		23
+6.202  NA   		21		24
+6.255  NA   		21		25
+6.294  NA   		21		26
+6.633  NA   		21		27
+6.346  NA   		21		28
+6.305  NA   		21		29
+6.275  NA   		21		30
+5.975  NA   		21		31
+6.565  NA   		21		32
+6.257  NA   		21		33
+6.205  NA   		21		34
+6.189  NA   		21		35
+6.578  NA   		21		36
+6.545  NA   		21		37
+6.533  NA   		21		38
+6.414  NA   		21		39
+7.000  NA   		21		40
+7.324  NA   		21		41
+6.046  NA   		21		42
+6.444  NA   		21		43
+7.312  NA   		21		44
+6.430  NA   		21		45
+6.202  NA   		21		46
+6.187  NA   		21		47
+6.035  NA   		21		48
+6.203  NA   		21		49
+6.203  NA   		21		50
+6.034  NA   		21		51
+6.034  NA   		21		52
+6.416  NA   		21		53
+6.427  NA   		21		54
+6.421  NA   		21		55
+6.159  NA   		21		56
+7.832  NA   		21		57
+7.655  NA   		21		58
+7.679  NA   		21		59
+6.102  NA   		21		60
+6.030  NA   		21		61
+6.027  NA   		21		62
+6.014  NA   		21		63
+6.011  NA   		21		64
+6.005  NA   		21		65
+6.002  NA   		21		66
+6.003  NA   		21		67
+6.011  NA   		21		68
+5.991  NA   		21		69
+5.956  NA   		21		70
+6.028  NA   		21		71
+6.023  NA   		21		72
+5.959  NA   		21		73
+6.031  NA   		21		74
+6.006  NA   		21		75
+6.048  NA   		21		76
+6.048  NA   		21		77
+6.054  NA   		21		78
+6.022  NA   		21		79
+6.025  NA   		21		80
+6.021  NA   		21		81
+5.948  NA   		21		82
+6.045  NA   		21		83
+6.025  NA   		21		84
+6.058  NA   		21		85
+6.026  NA   		21		86
+6.093  NA   		21		87
+6.313  NA   		21		88
+6.312  NA   		21		89
+5.818  NA   		21		90
+6.321  NA   		21		91
+5.823  NA   		21		92
+5.780  NA   		21		93
+5.795  NA   		21		94
+5.807  NA   		21		95
+6.098  NA   		22		23
+6.308  NA   		22		24
+6.357  NA   		22		25
+6.394  NA   		22		26
+6.687  NA   		22		27
+6.443  NA   		22		28
+6.404  NA   		22		29
+6.376  NA   		22		30
+6.106  NA   		22		31
+6.633  NA   		22		32
+6.359  NA   		22		33
+6.310  NA   		22		34
+6.295  NA   		22		35
+6.645  NA   		22		36
+6.710  NA   		22		37
+6.697  NA   		22		38
+6.576  NA   		22		39
+7.159  NA   		22		40
+7.486  NA   		22		41
+6.176  NA   		22		42
+6.606  NA   		22		43
+7.472  NA   		22		44
+6.591  NA   		22		45
+6.356  NA   		22		46
+6.341  NA   		22		47
+6.173  NA   		22		48
+6.357  NA   		22		49
+6.357  NA   		22		50
+6.174  NA   		22		51
+6.173  NA   		22		52
+6.547  NA   		22		53
+6.557  NA   		22		54
+6.552  NA   		22		55
+6.289  NA   		22		56
+7.935  NA   		22		57
+7.758  NA   		22		58
+7.783  NA   		22		59
+6.237  NA   		22		60
+6.164  NA   		22		61
+6.162  NA   		22		62
+6.148  NA   		22		63
+6.145  NA   		22		64
+6.139  NA   		22		65
+6.136  NA   		22		66
+6.137  NA   		22		67
+6.145  NA   		22		68
+6.124  NA   		22		69
+6.088  NA   		22		70
+6.162  NA   		22		71
+6.157  NA   		22		72
+6.092  NA   		22		73
+6.165  NA   		22		74
+6.140  NA   		22		75
+6.182  NA   		22		76
+6.182  NA   		22		77
+6.189  NA   		22		78
+6.156  NA   		22		79
+6.159  NA   		22		80
+6.155  NA   		22		81
+6.081  NA   		22		82
+6.179  NA   		22		83
+6.159  NA   		22		84
+6.192  NA   		22		85
+6.160  NA   		22		86
+6.227  NA   		22		87
+6.443  NA   		22		88
+6.442  NA   		22		89
+5.954  NA   		22		90
+6.452  NA   		22		91
+5.957  NA   		22		92
+5.915  NA   		22		93
+5.929  NA   		22		94
+5.940  NA   		22		95
+4.429  NA   		23		24
+4.583  NA   		23		25
+4.744  NA   		23		26
+6.138  NA   		23		27
+4.916  NA   		23		28
+4.781  NA   		23		29
+4.666  NA   		23		30
+3.073  NA   		23		31
+6.045  NA   		23		32
+4.561  NA   		23		33
+4.276  NA   		23		34
+4.205  NA   		23		35
+6.073  NA   		23		36
+2.729  NA   		23		37
+2.725  NA   		23		38
+2.671  NA   		23		39
+3.686  NA   		23		40
+4.053  NA   		23		41
+4.211  NA   		23		42
+2.688  NA   		23		43
+4.049  NA   		23		44
+2.681  NA   		23		45
+2.598  NA   		23		46
+2.595  NA   		23		47
+4.048  NA   		23		48
+2.599  NA   		23		49
+2.599  NA   		23		50
+3.998  NA   		23		51
+4.001  NA   		23		52
+3.519  NA   		23		53
+3.531  NA   		23		54
+3.523  NA   		23		55
+3.104  NA   		23		56
+5.385  NA   		23		57
+5.168  NA   		23		58
+5.194  NA   		23		59
+2.741  NA   		23		60
+2.678  NA   		23		61
+2.675  NA   		23		62
+2.664  NA   		23		63
+2.662  NA   		23		64
+2.657  NA   		23		65
+2.655  NA   		23		66
+2.654  NA   		23		67
+2.660  NA   		23		68
+2.707  NA   		23		69
+2.660  NA   		23		70
+2.672  NA   		23		71
+2.668  NA   		23		72
+2.663  NA   		23		73
+2.674  NA   		23		74
+2.657  NA   		23		75
+2.689  NA   		23		76
+2.689  NA   		23		77
+2.692  NA   		23		78
+2.668  NA   		23		79
+2.670  NA   		23		80
+2.667  NA   		23		81
+2.646  NA   		23		82
+2.685  NA   		23		83
+2.671  NA   		23		84
+2.695  NA   		23		85
+2.671  NA   		23		86
+2.699  NA   		23		87
+3.049  NA   		23		88
+3.039  NA   		23		89
+2.451  NA   		23		90
+3.044  NA   		23		91
+2.493  NA   		23		92
+2.429  NA   		23		93
+2.444  NA   		23		94
+2.479  NA   		23		95
+4.854  NA   		24		25
+4.978  NA   		24		26
+6.334  NA   		24		27
+5.155  NA   		24		28
+5.016  NA   		24		29
+4.914  NA   		24		30
+4.517  NA   		24		31
+6.259  NA   		24		32
+4.839  NA   		24		33
+4.691  NA   		24		34
+4.662  NA   		24		35
+6.304  NA   		24		36
+5.223  NA   		24		37
+5.209  NA   		24		38
+5.037  NA   		24		39
+5.748  NA   		24		40
+6.172  NA   		24		41
+4.902  NA   		24		42
+5.081  NA   		24		43
+6.160  NA   		24		44
+5.060  NA   		24		45
+4.719  NA   		24		46
+4.699  NA   		24		47
+4.788  NA   		24		48
+4.721  NA   		24		49
+4.721  NA   		24		50
+4.755  NA   		24		51
+4.757  NA   		24		52
+4.628  NA   		24		53
+4.636  NA   		24		54
+4.631  NA   		24		55
+4.392  NA   		24		56
+6.487  NA   		24		57
+6.291  NA   		24		58
+6.315  NA   		24		59
+4.373  NA   		24		60
+4.291  NA   		24		61
+4.287  NA   		24		62
+4.273  NA   		24		63
+4.268  NA   		24		64
+4.262  NA   		24		65
+4.255  NA   		24		66
+4.258  NA   		24		67
+4.267  NA   		24		68
+4.259  NA   		24		69
+4.219  NA   		24		70
+4.283  NA   		24		71
+4.278  NA   		24		72
+4.225  NA   		24		73
+4.286  NA   		24		74
+4.260  NA   		24		75
+4.304  NA   		24		76
+4.303  NA   		24		77
+4.310  NA   		24		78
+4.278  NA   		24		79
+4.282  NA   		24		80
+4.277  NA   		24		81
+4.212  NA   		24		82
+4.301  NA   		24		83
+4.282  NA   		24		84
+4.314  NA   		24		85
+4.281  NA   		24		86
+4.380  NA   		24		87
+4.630  NA   		24		88
+4.620  NA   		24		89
+4.073  NA   		24		90
+4.626  NA   		24		91
+4.090  NA   		24		92
+4.036  NA   		24		93
+4.051  NA   		24		94
+4.059  NA   		24		95
+5.004  NA   		25		26
+6.376  NA   		25		27
+5.119  NA   		25		28
+5.024  NA   		25		29
+4.958  NA   		25		30
+4.723  NA   		25		31
+6.304  NA   		25		32
+4.906  NA   		25		33
+4.792  NA   		25		34
+4.769  NA   		25		35
+6.349  NA   		25		36
+5.414  NA   		25		37
+5.400  NA   		25		38
+5.226  NA   		25		39
+5.956  NA   		25		40
+6.388  NA   		25		41
+4.994  NA   		25		42
+5.268  NA   		25		43
+6.373  NA   		25		44
+5.246  NA   		25		45
+4.896  NA   		25		46
+4.875  NA   		25		47
+4.884  NA   		25		48
+4.897  NA   		25		49
+4.898  NA   		25		50
+4.852  NA   		25		51
+4.854  NA   		25		52
+4.770  NA   		25		53
+4.778  NA   		25		54
+4.773  NA   		25		55
+4.532  NA   		25		56
+6.613  NA   		25		57
+6.418  NA   		25		58
+6.443  NA   		25		59
+4.512  NA   		25		60
+4.430  NA   		25		61
+4.427  NA   		25		62
+4.412  NA   		25		63
+4.407  NA   		25		64
+4.401  NA   		25		65
+4.395  NA   		25		66
+4.397  NA   		25		67
+4.406  NA   		25		68
+4.398  NA   		25		69
+4.358  NA   		25		70
+4.422  NA   		25		71
+4.417  NA   		25		72
+4.364  NA   		25		73
+4.425  NA   		25		74
+4.400  NA   		25		75
+4.443  NA   		25		76
+4.443  NA   		25		77
+4.449  NA   		25		78
+4.418  NA   		25		79
+4.421  NA   		25		80
+4.416  NA   		25		81
+4.351  NA   		25		82
+4.439  NA   		25		83
+4.421  NA   		25		84
+4.452  NA   		25		85
+4.421  NA   		25		86
+4.530  NA   		25		87
+4.769  NA   		25		88
+4.758  NA   		25		89
+4.217  NA   		25		90
+4.765  NA   		25		91
+4.232  NA   		25		92
+4.179  NA   		25		93
+4.193  NA   		25		94
+4.196  NA   		25		95
+6.411  NA   		26		27
+5.139  NA   		26		28
+5.071  NA   		26		29
+5.030  NA   		26		30
+4.920  NA   		26		31
+6.340  NA   		26		32
+4.993  NA   		26		33
+4.902  NA   		26		34
+4.885  NA   		26		35
+6.386  NA   		26		36
+5.585  NA   		26		37
+5.570  NA   		26		38
+5.393  NA   		26		39
+6.133  NA   		26		40
+6.571  NA   		26		41
+5.072  NA   		26		42
+5.435  NA   		26		43
+6.555  NA   		26		44
+5.412  NA   		26		45
+5.054  NA   		26		46
+5.032  NA   		26		47
+4.965  NA   		26		48
+5.055  NA   		26		49
+5.056  NA   		26		50
+4.935  NA   		26		51
+4.937  NA   		26		52
+4.895  NA   		26		53
+4.903  NA   		26		54
+4.898  NA   		26		55
+4.656  NA   		26		56
+6.697  NA   		26		57
+6.504  NA   		26		58
+6.528  NA   		26		59
+4.635  NA   		26		60
+4.554  NA   		26		61
+4.550  NA   		26		62
+4.536  NA   		26		63
+4.531  NA   		26		64
+4.525  NA   		26		65
+4.519  NA   		26		66
+4.521  NA   		26		67
+4.530  NA   		26		68
+4.523  NA   		26		69
+4.483  NA   		26		70
+4.545  NA   		26		71
+4.540  NA   		26		72
+4.489  NA   		26		73
+4.548  NA   		26		74
+4.523  NA   		26		75
+4.567  NA   		26		76
+4.567  NA   		26		77
+4.572  NA   		26		78
+4.541  NA   		26		79
+4.545  NA   		26		80
+4.540  NA   		26		81
+4.476  NA   		26		82
+4.562  NA   		26		83
+4.544  NA   		26		84
+4.575  NA   		26		85
+4.544  NA   		26		86
+4.649  NA   		26		87
+4.893  NA   		26		88
+4.882  NA   		26		89
+4.339  NA   		26		90
+4.889  NA   		26		91
+4.354  NA   		26		92
+4.301  NA   		26		93
+4.315  NA   		26		94
+4.320  NA   		26		95
+6.456  NA   		27		28
+6.420  NA   		27		29
+6.394  NA   		27		30
+6.151  NA   		27		31
+6.690  NA   		27		32
+6.375  NA   		27		33
+6.327  NA   		27		34
+6.313  NA   		27		35
+6.664  NA   		27		36
+6.815  NA   		27		37
+6.802  NA   		27		38
+6.670  NA   		27		39
+7.264  NA   		27		40
+7.602  NA   		27		41
+6.227  NA   		27		42
+6.703  NA   		27		43
+7.586  NA   		27		44
+6.687  NA   		27		45
+6.437  NA   		27		46
+6.421  NA   		27		47
+6.236  NA   		27		48
+6.438  NA   		27		49
+6.438  NA   		27		50
+6.239  NA   		27		51
+6.238  NA   		27		52
+6.584  NA   		27		53
+6.595  NA   		27		54
+6.589  NA   		27		55
+6.331  NA   		27		56
+7.960  NA   		27		57
+7.784  NA   		27		58
+7.810  NA   		27		59
+6.277  NA   		27		60
+6.204  NA   		27		61
+6.201  NA   		27		62
+6.188  NA   		27		63
+6.186  NA   		27		64
+6.180  NA   		27		65
+6.177  NA   		27		66
+6.177  NA   		27		67
+6.185  NA   		27		68
+6.166  NA   		27		69
+6.130  NA   		27		70
+6.202  NA   		27		71
+6.197  NA   		27		72
+6.134  NA   		27		73
+6.204  NA   		27		74
+6.181  NA   		27		75
+6.222  NA   		27		76
+6.222  NA   		27		77
+6.227  NA   		27		78
+6.196  NA   		27		79
+6.199  NA   		27		80
+6.195  NA   		27		81
+6.123  NA   		27		82
+6.218  NA   		27		83
+6.199  NA   		27		84
+6.231  NA   		27		85
+6.200  NA   		27		86
+6.265  NA   		27		87
+6.482  NA   		27		88
+6.481  NA   		27		89
+5.993  NA   		27		90
+6.490  NA   		27		91
+5.996  NA   		27		92
+5.956  NA   		27		93
+5.970  NA   		27		94
+5.981  NA   		27		95
+5.149  NA   		28		29
+5.131  NA   		28		30
+5.118  NA   		28		31
+6.388  NA   		28		32
+5.113  NA   		28		33
+5.042  NA   		28		34
+5.030  NA   		28		35
+6.434  NA   		28		36
+5.781  NA   		28		37
+5.765  NA   		28		38
+5.578  NA   		28		39
+6.319  NA   		28		40
+6.762  NA   		28		41
+5.162  NA   		28		42
+5.624  NA   		28		43
+6.746  NA   		28		44
+5.601  NA   		28		45
+5.230  NA   		28		46
+5.208  NA   		28		47
+5.059  NA   		28		48
+5.232  NA   		28		49
+5.232  NA   		28		50
+5.030  NA   		28		51
+5.032  NA   		28		52
+5.029  NA   		28		53
+5.037  NA   		28		54
+5.031  NA   		28		55
+4.790  NA   		28		56
+6.810  NA   		28		57
+6.619  NA   		28		58
+6.643  NA   		28		59
+4.768  NA   		28		60
+4.688  NA   		28		61
+4.684  NA   		28		62
+4.670  NA   		28		63
+4.665  NA   		28		64
+4.659  NA   		28		65
+4.653  NA   		28		66
+4.655  NA   		28		67
+4.664  NA   		28		68
+4.657  NA   		28		69
+4.617  NA   		28		70
+4.680  NA   		28		71
+4.675  NA   		28		72
+4.623  NA   		28		73
+4.682  NA   		28		74
+4.658  NA   		28		75
+4.701  NA   		28		76
+4.701  NA   		28		77
+4.706  NA   		28		78
+4.675  NA   		28		79
+4.679  NA   		28		80
+4.674  NA   		28		81
+4.610  NA   		28		82
+4.697  NA   		28		83
+4.678  NA   		28		84
+4.710  NA   		28		85
+4.678  NA   		28		86
+4.786  NA   		28		87
+5.026  NA   		28		88
+5.015  NA   		28		89
+4.475  NA   		28		90
+5.022  NA   		28		91
+4.488  NA   		28		92
+4.437  NA   		28		93
+4.450  NA   		28		94
+4.454  NA   		28		95
+5.049  NA   		29		30
+4.960  NA   		29		31
+6.349  NA   		29		32
+5.019  NA   		29		33
+4.935  NA   		29		34
+4.920  NA   		29		35
+6.395  NA   		29		36
+5.638  NA   		29		37
+5.622  NA   		29		38
+5.442  NA   		29		39
+6.174  NA   		29		40
+6.613  NA   		29		41
+5.089  NA   		29		42
+5.485  NA   		29		43
+6.598  NA   		29		44
+5.462  NA   		29		45
+5.098  NA   		29		46
+5.076  NA   		29		47
+4.983  NA   		29		48
+5.100  NA   		29		49
+5.100  NA   		29		50
+4.953  NA   		29		51
+4.955  NA   		29		52
+4.921  NA   		29		53
+4.929  NA   		29		54
+4.924  NA   		29		55
+4.685  NA   		29		56
+6.717  NA   		29		57
+6.524  NA   		29		58
+6.549  NA   		29		59
+4.663  NA   		29		60
+4.583  NA   		29		61
+4.579  NA   		29		62
+4.565  NA   		29		63
+4.560  NA   		29		64
+4.554  NA   		29		65
+4.548  NA   		29		66
+4.551  NA   		29		67
+4.559  NA   		29		68
+4.554  NA   		29		69
+4.513  NA   		29		70
+4.575  NA   		29		71
+4.570  NA   		29		72
+4.519  NA   		29		73
+4.577  NA   		29		74
+4.553  NA   		29		75
+4.596  NA   		29		76
+4.596  NA   		29		77
+4.601  NA   		29		78
+4.570  NA   		29		79
+4.574  NA   		29		80
+4.569  NA   		29		81
+4.506  NA   		29		82
+4.592  NA   		29		83
+4.574  NA   		29		84
+4.605  NA   		29		85
+4.573  NA   		29		86
+4.679  NA   		29		87
+4.922  NA   		29		88
+4.912  NA   		29		89
+4.369  NA   		29		90
+4.918  NA   		29		91
+4.383  NA   		29		92
+4.331  NA   		29		93
+4.345  NA   		29		94
+4.350  NA   		29		95
+4.831  NA   		30		31
+6.322  NA   		30		32
+4.953  NA   		30		33
+4.853  NA   		30		34
+4.834  NA   		30		35
+6.366  NA   		30		36
+5.513  NA   		30		37
+5.498  NA   		30		38
+5.322  NA   		30		39
+6.056  NA   		30		40
+6.492  NA   		30		41
+5.032  NA   		30		42
+5.364  NA   		30		43
+6.476  NA   		30		44
+5.341  NA   		30		45
+4.984  NA   		30		46
+4.963  NA   		30		47
+4.923  NA   		30		48
+4.986  NA   		30		49
+4.986  NA   		30		50
+4.892  NA   		30		51
+4.894  NA   		30		52
+4.836  NA   		30		53
+4.844  NA   		30		54
+4.838  NA   		30		55
+4.597  NA   		30		56
+6.649  NA   		30		57
+6.455  NA   		30		58
+6.480  NA   		30		59
+4.575  NA   		30		60
+4.494  NA   		30		61
+4.490  NA   		30		62
+4.476  NA   		30		63
+4.471  NA   		30		64
+4.465  NA   		30		65
+4.459  NA   		30		66
+4.462  NA   		30		67
+4.470  NA   		30		68
+4.464  NA   		30		69
+4.424  NA   		30		70
+4.486  NA   		30		71
+4.481  NA   		30		72
+4.429  NA   		30		73
+4.488  NA   		30		74
+4.464  NA   		30		75
+4.507  NA   		30		76
+4.507  NA   		30		77
+4.512  NA   		30		78
+4.481  NA   		30		79
+4.485  NA   		30		80
+4.480  NA   		30		81
+4.417  NA   		30		82
+4.503  NA   		30		83
+4.485  NA   		30		84
+4.516  NA   		30		85
+4.484  NA   		30		86
+4.590  NA   		30		87
+4.833  NA   		30		88
+4.822  NA   		30		89
+4.280  NA   		30		90
+4.829  NA   		30		91
+4.295  NA   		30		92
+4.242  NA   		30		93
+4.256  NA   		30		94
+4.261  NA   		30		95
+6.056  NA   		31		32
+4.728  NA   		31		33
+4.368  NA   		31		34
+4.282  NA   		31		35
+6.079  NA   		31		36
+2.778  NA   		31		37
+2.774  NA   		31		38
+2.714  NA   		31		39
+3.837  NA   		31		40
+4.231  NA   		31		41
+4.177  NA   		31		42
+2.731  NA   		31		43
+4.219  NA   		31		44
+2.724  NA   		31		45
+2.627  NA   		31		46
+2.623  NA   		31		47
+4.013  NA   		31		48
+2.627  NA   		31		49
+2.628  NA   		31		50
+3.962  NA   		31		51
+3.965  NA   		31		52
+3.544  NA   		31		53
+3.556  NA   		31		54
+3.548  NA   		31		55
+3.122  NA   		31		56
+5.439  NA   		31		57
+5.223  NA   		31		58
+5.250  NA   		31		59
+2.786  NA   		31		60
+2.709  NA   		31		61
+2.705  NA   		31		62
+2.691  NA   		31		63
+2.686  NA   		31		64
+2.680  NA   		31		65
+2.674  NA   		31		66
+2.676  NA   		31		67
+2.685  NA   		31		68
+2.695  NA   		31		69
+2.653  NA   		31		70
+2.700  NA   		31		71
+2.695  NA   		31		72
+2.656  NA   		31		73
+2.703  NA   		31		74
+2.678  NA   		31		75
+2.721  NA   		31		76
+2.721  NA   		31		77
+2.726  NA   		31		78
+2.696  NA   		31		79
+2.700  NA   		31		80
+2.695  NA   		31		81
+2.642  NA   		31		82
+2.717  NA   		31		83
+2.699  NA   		31		84
+2.729  NA   		31		85
+2.699  NA   		31		86
+2.727  NA   		31		87
+3.069  NA   		31		88
+3.058  NA   		31		89
+2.469  NA   		31		90
+3.063  NA   		31		91
+2.503  NA   		31		92
+2.441  NA   		31		93
+2.460  NA   		31		94
+2.499  NA   		31		95
+6.297  NA   		32		33
+6.244  NA   		32		34
+6.229  NA   		32		35
+6.614  NA   		32		36
+6.718  NA   		32		37
+6.704  NA   		32		38
+6.572  NA   		32		39
+7.161  NA   		32		40
+7.498  NA   		32		41
+6.133  NA   		32		42
+6.605  NA   		32		43
+7.482  NA   		32		44
+6.590  NA   		32		45
+6.339  NA   		32		46
+6.324  NA   		32		47
+6.139  NA   		32		48
+6.341  NA   		32		49
+6.341  NA   		32		50
+6.142  NA   		32		51
+6.141  NA   		32		52
+6.488  NA   		32		53
+6.499  NA   		32		54
+6.493  NA   		32		55
+6.235  NA   		32		56
+7.880  NA   		32		57
+7.704  NA   		32		58
+7.729  NA   		32		59
+6.179  NA   		32		60
+6.108  NA   		32		61
+6.105  NA   		32		62
+6.092  NA   		32		63
+6.090  NA   		32		64
+6.084  NA   		32		65
+6.081  NA   		32		66
+6.081  NA   		32		67
+6.089  NA   		32		68
+6.072  NA   		32		69
+6.036  NA   		32		70
+6.105  NA   		32		71
+6.101  NA   		32		72
+6.039  NA   		32		73
+6.108  NA   		32		74
+6.085  NA   		32		75
+6.125  NA   		32		76
+6.125  NA   		32		77
+6.131  NA   		32		78
+6.100  NA   		32		79
+6.103  NA   		32		80
+6.099  NA   		32		81
+6.028  NA   		32		82
+6.122  NA   		32		83
+6.103  NA   		32		84
+6.134  NA   		32		85
+6.103  NA   		32		86
+6.168  NA   		32		87
+6.388  NA   		32		88
+6.386  NA   		32		89
+5.897  NA   		32		90
+6.396  NA   		32		91
+5.901  NA   		32		92
+5.860  NA   		32		93
+5.874  NA   		32		94
+5.886  NA   		32		95
+4.807  NA   		33		34
+4.785  NA   		33		35
+6.340  NA   		33		36
+5.432  NA   		33		37
+5.416  NA   		33		38
+5.241  NA   		33		39
+5.968  NA   		33		40
+6.404  NA   		33		41
+4.981  NA   		33		42
+5.283  NA   		33		43
+6.389  NA   		33		44
+5.260  NA   		33		45
+4.904  NA   		33		46
+4.883  NA   		33		47
+4.870  NA   		33		48
+4.906  NA   		33		49
+4.906  NA   		33		50
+4.838  NA   		33		51
+4.840  NA   		33		52
+4.759  NA   		33		53
+4.767  NA   		33		54
+4.762  NA   		33		55
+4.521  NA   		33		56
+6.591  NA   		33		57
+6.397  NA   		33		58
+6.422  NA   		33		59
+4.499  NA   		33		60
+4.419  NA   		33		61
+4.415  NA   		33		62
+4.401  NA   		33		63
+4.396  NA   		33		64
+4.390  NA   		33		65
+4.384  NA   		33		66
+4.386  NA   		33		67
+4.395  NA   		33		68
+4.390  NA   		33		69
+4.349  NA   		33		70
+4.410  NA   		33		71
+4.405  NA   		33		72
+4.355  NA   		33		73
+4.413  NA   		33		74
+4.388  NA   		33		75
+4.432  NA   		33		76
+4.432  NA   		33		77
+4.437  NA   		33		78
+4.406  NA   		33		79
+4.410  NA   		33		80
+4.405  NA   		33		81
+4.342  NA   		33		82
+4.427  NA   		33		83
+4.409  NA   		33		84
+4.440  NA   		33		85
+4.409  NA   		33		86
+4.513  NA   		33		87
+4.759  NA   		33		88
+4.747  NA   		33		89
+4.203  NA   		33		90
+4.755  NA   		33		91
+4.219  NA   		33		92
+4.166  NA   		33		93
+4.180  NA   		33		94
+4.186  NA   		33		95
+4.639  NA   		34		35
+6.267  NA   		34		36
+5.139  NA   		34		37
+5.122  NA   		34		38
+4.952  NA   		34		39
+5.648  NA   		34		40
+6.074  NA   		34		41
+4.826  NA   		34		42
+4.995  NA   		34		43
+6.062  NA   		34		44
+4.973  NA   		34		45
+4.628  NA   		34		46
+4.608  NA   		34		47
+4.710  NA   		34		48
+4.630  NA   		34		49
+4.630  NA   		34		50
+4.675  NA   		34		51
+4.677  NA   		34		52
+4.530  NA   		34		53
+4.537  NA   		34		54
+4.532  NA   		34		55
+4.293  NA   		34		56
+6.406  NA   		34		57
+6.210  NA   		34		58
+6.235  NA   		34		59
+4.271  NA   		34		60
+4.191  NA   		34		61
+4.187  NA   		34		62
+4.173  NA   		34		63
+4.168  NA   		34		64
+4.162  NA   		34		65
+4.156  NA   		34		66
+4.158  NA   		34		67
+4.167  NA   		34		68
+4.163  NA   		34		69
+4.122  NA   		34		70
+4.182  NA   		34		71
+4.177  NA   		34		72
+4.127  NA   		34		73
+4.185  NA   		34		74
+4.160  NA   		34		75
+4.203  NA   		34		76
+4.203  NA   		34		77
+4.208  NA   		34		78
+4.178  NA   		34		79
+4.181  NA   		34		80
+4.177  NA   		34		81
+4.115  NA   		34		82
+4.199  NA   		34		83
+4.181  NA   		34		84
+4.212  NA   		34		85
+4.181  NA   		34		86
+4.291  NA   		34		87
+4.533  NA   		34		88
+4.521  NA   		34		89
+3.977  NA   		34		90
+4.530  NA   		34		91
+3.995  NA   		34		92
+3.940  NA   		34		93
+3.954  NA   		34		94
+3.958  NA   		34		95
+6.248  NA   		35		36
+5.041  NA   		35		37
+5.024  NA   		35		38
+4.857  NA   		35		39
+5.547  NA   		35		40
+5.968  NA   		35		41
+4.783  NA   		35		42
+4.900  NA   		35		43
+5.957  NA   		35		44
+4.879  NA   		35		45
+4.540  NA   		35		46
+4.521  NA   		35		47
+4.665  NA   		35		48
+4.542  NA   		35		49
+4.542  NA   		35		50
+4.630  NA   		35		51
+4.632  NA   		35		52
+4.464  NA   		35		53
+4.472  NA   		35		54
+4.467  NA   		35		55
+4.228  NA   		35		56
+6.351  NA   		35		57
+6.154  NA   		35		58
+6.179  NA   		35		59
+4.206  NA   		35		60
+4.126  NA   		35		61
+4.122  NA   		35		62
+4.108  NA   		35		63
+4.103  NA   		35		64
+4.097  NA   		35		65
+4.091  NA   		35		66
+4.093  NA   		35		67
+4.102  NA   		35		68
+4.097  NA   		35		69
+4.056  NA   		35		70
+4.117  NA   		35		71
+4.112  NA   		35		72
+4.062  NA   		35		73
+4.120  NA   		35		74
+4.095  NA   		35		75
+4.139  NA   		35		76
+4.139  NA   		35		77
+4.144  NA   		35		78
+4.113  NA   		35		79
+4.117  NA   		35		80
+4.112  NA   		35		81
+4.049  NA   		35		82
+4.134  NA   		35		83
+4.116  NA   		35		84
+4.147  NA   		35		85
+4.116  NA   		35		86
+4.227  NA   		35		87
+4.468  NA   		35		88
+4.456  NA   		35		89
+3.912  NA   		35		90
+4.465  NA   		35		91
+3.930  NA   		35		92
+3.875  NA   		35		93
+3.890  NA   		35		94
+3.893  NA   		35		95
+6.746  NA   		36		37
+6.731  NA   		36		38
+6.598  NA   		36		39
+7.170  NA   		36		40
+7.504  NA   		36		41
+6.210  NA   		36		42
+6.633  NA   		36		43
+7.489  NA   		36		44
+6.617  NA   		36		45
+6.367  NA   		36		46
+6.351  NA   		36		47
+6.243  NA   		36		48
+6.368  NA   		36		49
+6.368  NA   		36		50
+6.255  NA   		36		51
+6.253  NA   		36		52
+6.518  NA   		36		53
+6.528  NA   		36		54
+6.522  NA   		36		55
+6.267  NA   		36		56
+7.939  NA   		36		57
+7.762  NA   		36		58
+7.788  NA   		36		59
+6.206  NA   		36		60
+6.139  NA   		36		61
+6.135  NA   		36		62
+6.122  NA   		36		63
+6.119  NA   		36		64
+6.113  NA   		36		65
+6.110  NA   		36		66
+6.111  NA   		36		67
+6.118  NA   		36		68
+6.094  NA   		36		69
+6.059  NA   		36		70
+6.135  NA   		36		71
+6.131  NA   		36		72
+6.063  NA   		36		73
+6.138  NA   		36		74
+6.114  NA   		36		75
+6.152  NA   		36		76
+6.152  NA   		36		77
+6.157  NA   		36		78
+6.127  NA   		36		79
+6.130  NA   		36		80
+6.127  NA   		36		81
+6.055  NA   		36		82
+6.149  NA   		36		83
+6.131  NA   		36		84
+6.161  NA   		36		85
+6.131  NA   		36		86
+6.235  NA   		36		87
+6.407  NA   		36		88
+6.403  NA   		36		89
+5.944  NA   		36		90
+6.417  NA   		36		91
+5.938  NA   		36		92
+5.903  NA   		36		93
+5.915  NA   		36		94
+5.908  NA   		36		95
-0.533  NA   		37		38
-0.443  NA   		37		39
-0.542  NA   		37		40
-0.269  NA   		37		41
+4.345  NA   		37		42
-0.527  NA   		37		43
-0.253  NA   		37		44
-0.524  NA   		37		45
-0.125  NA   		37		46
-0.085  NA   		37		47
+4.052  NA   		37		48
-0.130  NA   		37		49
-0.132  NA   		37		50
+3.949  NA   		37		51
+3.954  NA   		37		52
-0.363  NA   		37		53
-0.358  NA   		37		54
-0.363  NA   		37		55
-0.567  NA   		37		56
+3.637  NA   		37		57
+3.337  NA   		37		58
+3.368  NA   		37		59
-0.552  NA   		37		60
-0.633  NA   		37		61
-0.644  NA   		37		62
-0.658  NA   		37		63
-0.669  NA   		37		64
-0.677  NA   		37		65
-0.690  NA   		37		66
-0.684  NA   		37		67
-0.670  NA   		37		68
-0.670  NA   		37		69
-0.714  NA   		37		70
-0.654  NA   		37		71
-0.661  NA   		37		72
-0.712  NA   		37		73
-0.648  NA   		37		74
-0.685  NA   		37		75
-0.636  NA   		37		76
-0.636  NA   		37		77
-0.621  NA   		37		78
-0.659  NA   		37		79
-0.653  NA   		37		80
-0.660  NA   		37		81
-0.727  NA   		37		82
-0.631  NA   		37		83
-0.654  NA   		37		84
-0.617  NA   		37		85
-0.655  NA   		37		86
-0.514  NA   		37		87
-0.230  NA   		37		88
-0.251  NA   		37		89
-0.878  NA   		37		90
-0.257  NA   		37		91
-0.769  NA   		37		92
-0.911  NA   		37		93
-0.882  NA   		37		94
-0.880  NA   		37		95
-0.448  NA   		38		39
-0.538  NA   		38		40
-0.262  NA   		38		41
+4.334  NA   		38		42
-0.525  NA   		38		43
-0.244  NA   		38		44
-0.521  NA   		38		45
-0.117  NA   		38		46
-0.076  NA   		38		47
+4.043  NA   		38		48
-0.122  NA   		38		49
-0.124  NA   		38		50
+3.941  NA   		38		51
+3.946  NA   		38		52
-0.361  NA   		38		53
-0.356  NA   		38		54
-0.361  NA   		38		55
-0.565  NA   		38		56
+3.637  NA   		38		57
+3.338  NA   		38		58
+3.368  NA   		38		59
-0.549  NA   		38		60
-0.630  NA   		38		61
-0.642  NA   		38		62
-0.656  NA   		38		63
-0.667  NA   		38		64
-0.675  NA   		38		65
-0.687  NA   		38		66
-0.682  NA   		38		67
-0.667  NA   		38		68
-0.668  NA   		38		69
-0.712  NA   		38		70
-0.652  NA   		38		71
-0.658  NA   		38		72
-0.710  NA   		38		73
-0.646  NA   		38		74
-0.683  NA   		38		75
-0.634  NA   		38		76
-0.634  NA   		38		77
-0.619  NA   		38		78
-0.657  NA   		38		79
-0.650  NA   		38		80
-0.657  NA   		38		81
-0.725  NA   		38		82
-0.629  NA   		38		83
-0.651  NA   		38		84
-0.614  NA   		38		85
-0.653  NA   		38		86
-0.510  NA   		38		87
-0.228  NA   		38		88
-0.249  NA   		38		89
-0.875  NA   		38		90
-0.255  NA   		38		91
-0.766  NA   		38		92
-0.908  NA   		38		93
-0.879  NA   		38		94
-0.878  NA   		38		95
-0.398  NA   		39		40
-0.002  NA   		39		41
+4.201  NA   		39		42
-0.487  NA   		39		43
+0.003  NA   		39		44
-0.489  NA   		39		45
-0.280  NA   		39		46
-0.256  NA   		39		47
+3.918  NA   		39		48
-0.282  NA   		39		49
-0.283  NA   		39		50
+3.819  NA   		39		51
+3.824  NA   		39		52
-0.311  NA   		39		53
-0.307  NA   		39		54
-0.311  NA   		39		55
-0.513  NA   		39		56
+3.640  NA   		39		57
+3.342  NA   		39		58
+3.372  NA   		39		59
-0.491  NA   		39		60
-0.573  NA   		39		61
-0.584  NA   		39		62
-0.598  NA   		39		63
-0.610  NA   		39		64
-0.618  NA   		39		65
-0.630  NA   		39		66
-0.624  NA   		39		67
-0.610  NA   		39		68
-0.611  NA   		39		69
-0.654  NA   		39		70
-0.595  NA   		39		71
-0.601  NA   		39		72
-0.652  NA   		39		73
-0.588  NA   		39		74
-0.625  NA   		39		75
-0.576  NA   		39		76
-0.576  NA   		39		77
-0.562  NA   		39		78
-0.600  NA   		39		79
-0.593  NA   		39		80
-0.600  NA   		39		81
-0.668  NA   		39		82
-0.572  NA   		39		83
-0.594  NA   		39		84
-0.557  NA   		39		85
-0.595  NA   		39		86
-0.439  NA   		39		87
-0.170  NA   		39		88
-0.191  NA   		39		89
-0.815  NA   		39		90
-0.197  NA   		39		91
-0.702  NA   		39		92
-0.849  NA   		39		93
-0.819  NA   		39		94
-0.822  NA   		39		95
-0.482  NA   		40		41
+4.667  NA   		40		42
-0.496  NA   		40		43
-0.527  NA   		40		44
-0.486  NA   		40		45
+0.021  NA   		40		46
+0.052  NA   		40		47
+4.375  NA   		40		48
+0.017  NA   		40		49
+0.017  NA   		40		50
+4.272  NA   		40		51
+4.276  NA   		40		52
-0.407  NA   		40		53
-0.402  NA   		40		54
-0.408  NA   		40		55
-0.632  NA   		40		56
+3.747  NA   		40		57
+3.441  NA   		40		58
+3.473  NA   		40		59
-0.648  NA   		40		60
-0.727  NA   		40		61
-0.738  NA   		40		62
-0.752  NA   		40		63
-0.763  NA   		40		64
-0.771  NA   		40		65
-0.784  NA   		40		66
-0.778  NA   		40		67
-0.763  NA   		40		68
-0.763  NA   		40		69
-0.806  NA   		40		70
-0.747  NA   		40		71
-0.754  NA   		40		72
-0.805  NA   		40		73
-0.741  NA   		40		74
-0.778  NA   		40		75
-0.730  NA   		40		76
-0.730  NA   		40		77
-0.714  NA   		40		78
-0.752  NA   		40		79
-0.745  NA   		40		80
-0.753  NA   		40		81
-0.821  NA   		40		82
-0.724  NA   		40		83
-0.747  NA   		40		84
-0.709  NA   		40		85
-0.748  NA   		40		86
-0.668  NA   		40		87
-0.316  NA   		40		88
-0.337  NA   		40		89
-0.987  NA   		40		90
-0.345  NA   		40		91
-0.889  NA   		40		92
-1.014  NA   		40		93
-0.988  NA   		40		94
-0.967  NA   		40		95
+5.114  NA   		41		42
-0.198  NA   		41		43
-0.654  NA   		41		44
-0.182  NA   		41		45
+0.459  NA   		41		46
+0.500  NA   		41		47
+4.806  NA   		41		48
+0.453  NA   		41		49
+0.452  NA   		41		50
+4.695  NA   		41		51
+4.700  NA   		41		52
-0.422  NA   		41		53
-0.417  NA   		41		54
-0.422  NA   		41		55
-0.639  NA   		41		56
+3.868  NA   		41		57
+3.558  NA   		41		58
+3.591  NA   		41		59
-0.647  NA   		41		60
-0.725  NA   		41		61
-0.737  NA   		41		62
-0.751  NA   		41		63
-0.762  NA   		41		64
-0.770  NA   		41		65
-0.783  NA   		41		66
-0.777  NA   		41		67
-0.762  NA   		41		68
-0.762  NA   		41		69
-0.805  NA   		41		70
-0.745  NA   		41		71
-0.752  NA   		41		72
-0.804  NA   		41		73
-0.739  NA   		41		74
-0.777  NA   		41		75
-0.729  NA   		41		76
-0.729  NA   		41		77
-0.711  NA   		41		78
-0.750  NA   		41		79
-0.743  NA   		41		80
-0.751  NA   		41		81
-0.820  NA   		41		82
-0.722  NA   		41		83
-0.745  NA   		41		84
-0.706  NA   		41		85
-0.746  NA   		41		86
-0.688  NA   		41		87
-0.310  NA   		41		88
-0.330  NA   		41		89
-0.991  NA   		41		90
-0.340  NA   		41		91
-0.898  NA   		41		92
-1.016  NA   		41		93
-0.991  NA   		41		94
-0.963  NA   		41		95
+4.296  NA   		42		43
+5.196  NA   		42		44
+4.282  NA   		42		45
+3.945  NA   		42		46
+3.932  NA   		42		47
+4.207  NA   		42		48
+3.946  NA   		42		49
+3.946  NA   		42		50
+4.220  NA   		42		51
+4.216  NA   		42		52
+4.122  NA   		42		53
+4.131  NA   		42		54
+4.126  NA   		42		55
+3.899  NA   		42		56
+6.180  NA   		42		57
+5.975  NA   		42		58
+6.003  NA   		42		59
+3.872  NA   		42		60
+3.801  NA   		42		61
+3.796  NA   		42		62
+3.782  NA   		42		63
+3.778  NA   		42		64
+3.771  NA   		42		65
+3.765  NA   		42		66
+3.767  NA   		42		67
+3.777  NA   		42		68
+3.768  NA   		42		69
+3.730  NA   		42		70
+3.794  NA   		42		71
+3.789  NA   		42		72
+3.734  NA   		42		73
+3.799  NA   		42		74
+3.770  NA   		42		75
+3.812  NA   		42		76
+3.812  NA   		42		77
+3.818  NA   		42		78
+3.786  NA   		42		79
+3.791  NA   		42		80
+3.786  NA   		42		81
+3.722  NA   		42		82
+3.811  NA   		42		83
+3.791  NA   		42		84
+3.824  NA   		42		85
+3.791  NA   		42		86
+3.903  NA   		42		87
+4.119  NA   		42		88
+4.117  NA   		42		89
+3.587  NA   		42		90
+4.124  NA   		42		91
+3.605  NA   		42		92
+3.548  NA   		42		93
+3.567  NA   		42		94
+3.574  NA   		42		95
-0.102  NA   		43		44
-0.492  NA   		43		45
-0.073  NA   		43		46
-0.027  NA   		43		47
+4.008  NA   		43		48
-0.081  NA   		43		49
-0.084  NA   		43		50
+3.907  NA   		43		51
+3.911  NA   		43		52
-0.343  NA   		43		53
-0.338  NA   		43		54
-0.343  NA   		43		55
-0.546  NA   		43		56
+3.636  NA   		43		57
+3.337  NA   		43		58
+3.367  NA   		43		59
-0.527  NA   		43		60
-0.609  NA   		43		61
-0.620  NA   		43		62
-0.634  NA   		43		63
-0.645  NA   		43		64
-0.653  NA   		43		65
-0.666  NA   		43		66
-0.660  NA   		43		67
-0.646  NA   		43		68
-0.645  NA   		43		69
-0.689  NA   		43		70
-0.630  NA   		43		71
-0.637  NA   		43		72
-0.687  NA   		43		73
-0.624  NA   		43		74
-0.661  NA   		43		75
-0.612  NA   		43		76
-0.612  NA   		43		77
-0.598  NA   		43		78
-0.635  NA   		43		79
-0.629  NA   		43		80
-0.636  NA   		43		81
-0.702  NA   		43		82
-0.608  NA   		43		83
-0.630  NA   		43		84
-0.593  NA   		43		85
-0.631  NA   		43		86
-0.484  NA   		43		87
-0.206  NA   		43		88
-0.227  NA   		43		89
-0.852  NA   		43		90
-0.233  NA   		43		91
-0.742  NA   		43		92
-0.885  NA   		43		93
-0.857  NA   		43		94
-0.857  NA   		43		95
-0.080  NA   		44		45
+0.645  NA   		44		46
+0.691  NA   		44		47
+4.887  NA   		44		48
+0.637  NA   		44		49
+0.636  NA   		44		50
+4.773  NA   		44		51
+4.778  NA   		44		52
-0.422  NA   		44		53
-0.417  NA   		44		54
-0.423  NA   		44		55
-0.639  NA   		44		56
+3.884  NA   		44		57
+3.575  NA   		44		58
+3.607  NA   		44		59
-0.646  NA   		44		60
-0.724  NA   		44		61
-0.736  NA   		44		62
-0.750  NA   		44		63
-0.761  NA   		44		64
-0.769  NA   		44		65
-0.782  NA   		44		66
-0.776  NA   		44		67
-0.761  NA   		44		68
-0.762  NA   		44		69
-0.805  NA   		44		70
-0.744  NA   		44		71
-0.751  NA   		44		72
-0.804  NA   		44		73
-0.738  NA   		44		74
-0.776  NA   		44		75
-0.728  NA   		44		76
-0.728  NA   		44		77
-0.710  NA   		44		78
-0.749  NA   		44		79
-0.742  NA   		44		80
-0.750  NA   		44		81
-0.820  NA   		44		82
-0.721  NA   		44		83
-0.744  NA   		44		84
-0.705  NA   		44		85
-0.745  NA   		44		86
-0.689  NA   		44		87
-0.309  NA   		44		88
-0.328  NA   		44		89
-0.991  NA   		44		90
-0.339  NA   		44		91
-0.898  NA   		44		92
-1.016  NA   		44		93
-0.991  NA   		44		94
-0.962  NA   		44		95
-0.109  NA   		45		46
-0.062  NA   		45		47
+3.996  NA   		45		48
-0.116  NA   		45		49
-0.118  NA   		45		50
+3.895  NA   		45		51
+3.899  NA   		45		52
-0.338  NA   		45		53
-0.333  NA   		45		54
-0.338  NA   		45		55
-0.541  NA   		45		56
+3.636  NA   		45		57
+3.337  NA   		45		58
+3.367  NA   		45		59
-0.521  NA   		45		60
-0.603  NA   		45		61
-0.615  NA   		45		62
-0.628  NA   		45		63
-0.640  NA   		45		64
-0.648  NA   		45		65
-0.660  NA   		45		66
-0.655  NA   		45		67
-0.640  NA   		45		68
-0.640  NA   		45		69
-0.683  NA   		45		70
-0.625  NA   		45		71
-0.632  NA   		45		72
-0.681  NA   		45		73
-0.619  NA   		45		74
-0.655  NA   		45		75
-0.606  NA   		45		76
-0.606  NA   		45		77
-0.593  NA   		45		78
-0.630  NA   		45		79
-0.623  NA   		45		80
-0.630  NA   		45		81
-0.697  NA   		45		82
-0.602  NA   		45		83
-0.625  NA   		45		84
-0.588  NA   		45		85
-0.626  NA   		45		86
-0.477  NA   		45		87
-0.200  NA   		45		88
-0.222  NA   		45		89
-0.847  NA   		45		90
-0.227  NA   		45		91
-0.736  NA   		45		92
-0.880  NA   		45		93
-0.851  NA   		45		94
-0.851  NA   		45		95
-0.255  NA   		46		47
+3.683  NA   		46		48
-0.261  NA   		46		49
-0.261  NA   		46		50
+3.592  NA   		46		51
+3.596  NA   		46		52
-0.166  NA   		46		53
-0.161  NA   		46		54
-0.166  NA   		46		55
-0.360  NA   		46		56
+3.691  NA   		46		57
+3.397  NA   		46		58
+3.426  NA   		46		59
-0.324  NA   		46		60
-0.409  NA   		46		61
-0.421  NA   		46		62
-0.434  NA   		46		63
-0.446  NA   		46		64
-0.454  NA   		46		65
-0.466  NA   		46		66
-0.460  NA   		46		67
-0.446  NA   		46		68
-0.444  NA   		46		69
-0.488  NA   		46		70
-0.431  NA   		46		71
-0.438  NA   		46		72
-0.486  NA   		46		73
-0.425  NA   		46		74
-0.461  NA   		46		75
-0.412  NA   		46		76
-0.412  NA   		46		77
-0.399  NA   		46		78
-0.436  NA   		46		79
-0.430  NA   		46		80
-0.437  NA   		46		81
-0.502  NA   		46		82
-0.409  NA   		46		83
-0.431  NA   		46		84
-0.394  NA   		46		85
-0.432  NA   		46		86
-0.233  NA   		46		87
-0.004  NA   		46		88
-0.026  NA   		46		89
-0.639  NA   		46		90
-0.030  NA   		46		91
-0.519  NA   		46		92
-0.677  NA   		46		93
-0.647  NA   		46		94
-0.661  NA   		46		95
+3.670  NA   		47		48
-0.255  NA   		47		49
-0.256  NA   		47		50
+3.580  NA   		47		51
+3.584  NA   		47		52
-0.156  NA   		47		53
-0.151  NA   		47		54
-0.156  NA   		47		55
-0.350  NA   		47		56
+3.696  NA   		47		57
+3.401  NA   		47		58
+3.431  NA   		47		59
-0.313  NA   		47		60
-0.398  NA   		47		61
-0.410  NA   		47		62
-0.423  NA   		47		63
-0.435  NA   		47		64
-0.443  NA   		47		65
-0.455  NA   		47		66
-0.450  NA   		47		67
-0.436  NA   		47		68
-0.433  NA   		47		69
-0.477  NA   		47		70
-0.420  NA   		47		71
-0.427  NA   		47		72
-0.475  NA   		47		73
-0.414  NA   		47		74
-0.451  NA   		47		75
-0.401  NA   		47		76
-0.401  NA   		47		77
-0.388  NA   		47		78
-0.426  NA   		47		79
-0.419  NA   		47		80
-0.426  NA   		47		81
-0.491  NA   		47		82
-0.398  NA   		47		83
-0.420  NA   		47		84
-0.383  NA   		47		85
-0.421  NA   		47		86
-0.219  NA   		47		87
+0.008  NA   		47		88
-0.014  NA   		47		89
-0.628  NA   		47		90
-0.018  NA   		47		91
-0.507  NA   		47		92
-0.666  NA   		47		93
-0.636  NA   		47		94
-0.651  NA   		47		95
+3.683  NA   		48		49
+3.683  NA   		48		50
+3.990  NA   		48		51
+3.990  NA   		48		52
+3.893  NA   		48		53
+3.901  NA   		48		54
+3.896  NA   		48		55
+3.671  NA   		48		56
+6.002  NA   		48		57
+5.795  NA   		48		58
+5.822  NA   		48		59
+3.646  NA   		48		60
+3.574  NA   		48		61
+3.568  NA   		48		62
+3.554  NA   		48		63
+3.549  NA   		48		64
+3.542  NA   		48		65
+3.536  NA   		48		66
+3.538  NA   		48		67
+3.548  NA   		48		68
+3.534  NA   		48		69
+3.498  NA   		48		70
+3.565  NA   		48		71
+3.560  NA   		48		72
+3.501  NA   		48		73
+3.570  NA   		48		74
+3.541  NA   		48		75
+3.584  NA   		48		76
+3.584  NA   		48		77
+3.590  NA   		48		78
+3.557  NA   		48		79
+3.563  NA   		48		80
+3.558  NA   		48		81
+3.490  NA   		48		82
+3.583  NA   		48		83
+3.563  NA   		48		84
+3.596  NA   		48		85
+3.562  NA   		48		86
+3.670  NA   		48		87
+3.886  NA   		48		88
+3.884  NA   		48		89
+3.357  NA   		48		90
+3.890  NA   		48		91
+3.376  NA   		48		92
+3.318  NA   		48		93
+3.338  NA   		48		94
+3.344  NA   		48		95
-0.261  NA   		49		50
+3.593  NA   		49		51
+3.597  NA   		49		52
-0.167  NA   		49		53
-0.162  NA   		49		54
-0.167  NA   		49		55
-0.361  NA   		49		56
+3.691  NA   		49		57
+3.396  NA   		49		58
+3.426  NA   		49		59
-0.325  NA   		49		60
-0.410  NA   		49		61
-0.422  NA   		49		62
-0.435  NA   		49		63
-0.447  NA   		49		64
-0.455  NA   		49		65
-0.467  NA   		49		66
-0.461  NA   		49		67
-0.447  NA   		49		68
-0.445  NA   		49		69
-0.489  NA   		49		70
-0.432  NA   		49		71
-0.439  NA   		49		72
-0.487  NA   		49		73
-0.426  NA   		49		74
-0.462  NA   		49		75
-0.412  NA   		49		76
-0.412  NA   		49		77
-0.400  NA   		49		78
-0.437  NA   		49		79
-0.431  NA   		49		80
-0.438  NA   		49		81
-0.503  NA   		49		82
-0.410  NA   		49		83
-0.432  NA   		49		84
-0.395  NA   		49		85
-0.433  NA   		49		86
-0.234  NA   		49		87
-0.005  NA   		49		88
-0.027  NA   		49		89
-0.640  NA   		49		90
-0.031  NA   		49		91
-0.520  NA   		49		92
-0.678  NA   		49		93
-0.648  NA   		49		94
-0.662  NA   		49		95
+3.593  NA   		50		51
+3.597  NA   		50		52
-0.167  NA   		50		53
-0.162  NA   		50		54
-0.167  NA   		50		55
-0.361  NA   		50		56
+3.691  NA   		50		57
+3.396  NA   		50		58
+3.426  NA   		50		59
-0.325  NA   		50		60
-0.409  NA   		50		61
-0.421  NA   		50		62
-0.434  NA   		50		63
-0.446  NA   		50		64
-0.455  NA   		50		65
-0.467  NA   		50		66
-0.461  NA   		50		67
-0.447  NA   		50		68
-0.445  NA   		50		69
-0.489  NA   		50		70
-0.432  NA   		50		71
-0.438  NA   		50		72
-0.487  NA   		50		73
-0.426  NA   		50		74
-0.462  NA   		50		75
-0.412  NA   		50		76
-0.412  NA   		50		77
-0.400  NA   		50		78
-0.437  NA   		50		79
-0.431  NA   		50		80
-0.437  NA   		50		81
-0.503  NA   		50		82
-0.410  NA   		50		83
-0.432  NA   		50		84
-0.395  NA   		50		85
-0.433  NA   		50		86
-0.233  NA   		50		87
-0.005  NA   		50		88
-0.027  NA   		50		89
-0.640  NA   		50		90
-0.031  NA   		50		91
-0.519  NA   		50		92
-0.678  NA   		50		93
-0.647  NA   		50		94
-0.662  NA   		50		95
+3.945  NA   		51		52
+3.816  NA   		51		53
+3.824  NA   		51		54
+3.819  NA   		51		55
+3.594  NA   		51		56
+5.938  NA   		51		57
+5.730  NA   		51		58
+5.758  NA   		51		59
+3.569  NA   		51		60
+3.497  NA   		51		61
+3.492  NA   		51		62
+3.478  NA   		51		63
+3.473  NA   		51		64
+3.466  NA   		51		65
+3.459  NA   		51		66
+3.462  NA   		51		67
+3.472  NA   		51		68
+3.458  NA   		51		69
+3.421  NA   		51		70
+3.489  NA   		51		71
+3.484  NA   		51		72
+3.424  NA   		51		73
+3.494  NA   		51		74
+3.464  NA   		51		75
+3.507  NA   		51		76
+3.507  NA   		51		77
+3.514  NA   		51		78
+3.481  NA   		51		79
+3.486  NA   		51		80
+3.482  NA   		51		81
+3.413  NA   		51		82
+3.506  NA   		51		83
+3.486  NA   		51		84
+3.520  NA   		51		85
+3.486  NA   		51		86
+3.593  NA   		51		87
+3.809  NA   		51		88
+3.806  NA   		51		89
+3.280  NA   		51		90
+3.813  NA   		51		91
+3.299  NA   		51		92
+3.241  NA   		51		93
+3.261  NA   		51		94
+3.268  NA   		51		95
+3.819  NA   		52		53
+3.827  NA   		52		54
+3.822  NA   		52		55
+3.597  NA   		52		56
+5.940  NA   		52		57
+5.732  NA   		52		58
+5.760  NA   		52		59
+3.573  NA   		52		60
+3.501  NA   		52		61
+3.496  NA   		52		62
+3.482  NA   		52		63
+3.477  NA   		52		64
+3.470  NA   		52		65
+3.463  NA   		52		66
+3.466  NA   		52		67
+3.476  NA   		52		68
+3.462  NA   		52		69
+3.425  NA   		52		70
+3.493  NA   		52		71
+3.488  NA   		52		72
+3.428  NA   		52		73
+3.498  NA   		52		74
+3.469  NA   		52		75
+3.511  NA   		52		76
+3.511  NA   		52		77
+3.518  NA   		52		78
+3.485  NA   		52		79
+3.490  NA   		52		80
+3.486  NA   		52		81
+3.417  NA   		52		82
+3.511  NA   		52		83
+3.490  NA   		52		84
+3.524  NA   		52		85
+3.490  NA   		52		86
+3.597  NA   		52		87
+3.813  NA   		52		88
+3.810  NA   		52		89
+3.284  NA   		52		90
+3.817  NA   		52		91
+3.303  NA   		52		92
+3.245  NA   		52		93
+3.265  NA   		52		94
+3.272  NA   		52		95
-0.072  NA   		53		54
-0.075  NA   		53		55
-0.162  NA   		53		56
+3.860  NA   		53		57
+3.566  NA   		53		58
+3.596  NA   		53		59
-0.174  NA   		53		60
-0.261  NA   		53		61
-0.274  NA   		53		62
-0.289  NA   		53		63
-0.301  NA   		53		64
-0.310  NA   		53		65
-0.323  NA   		53		66
-0.317  NA   		53		67
-0.301  NA   		53		68
-0.306  NA   		53		69
-0.350  NA   		53		70
-0.283  NA   		53		71
-0.290  NA   		53		72
-0.349  NA   		53		73
-0.276  NA   		53		74
-0.317  NA   		53		75
-0.267  NA   		53		76
-0.267  NA   		53		77
-0.247  NA   		53		78
-0.290  NA   		53		79
-0.283  NA   		53		80
-0.290  NA   		53		81
-0.365  NA   		53		82
-0.258  NA   		53		83
-0.284  NA   		53		84
-0.242  NA   		53		85
-0.284  NA   		53		86
-0.200  NA   		53		87
+0.160  NA   		53		88
+0.139  NA   		53		89
-0.531  NA   		53		90
+0.132  NA   		53		91
-0.426  NA   		53		92
-0.562  NA   		53		93
-0.532  NA   		53		94
-0.520  NA   		53		95
-0.065  NA   		54		55
-0.150  NA   		54		56
+3.865  NA   		54		57
+3.571  NA   		54		58
+3.601  NA   		54		59
-0.169  NA   		54		60
-0.256  NA   		54		61
-0.269  NA   		54		62
-0.284  NA   		54		63
-0.296  NA   		54		64
-0.305  NA   		54		65
-0.318  NA   		54		66
-0.312  NA   		54		67
-0.296  NA   		54		68
-0.301  NA   		54		69
-0.345  NA   		54		70
-0.278  NA   		54		71
-0.285  NA   		54		72
-0.344  NA   		54		73
-0.271  NA   		54		74
-0.312  NA   		54		75
-0.262  NA   		54		76
-0.262  NA   		54		77
-0.242  NA   		54		78
-0.285  NA   		54		79
-0.277  NA   		54		80
-0.285  NA   		54		81
-0.360  NA   		54		82
-0.253  NA   		54		83
-0.279  NA   		54		84
-0.236  NA   		54		85
-0.279  NA   		54		86
-0.196  NA   		54		87
+0.166  NA   		54		88
+0.144  NA   		54		89
-0.527  NA   		54		90
+0.137  NA   		54		91
-0.421  NA   		54		92
-0.558  NA   		54		93
-0.528  NA   		54		94
-0.515  NA   		54		95
-0.157  NA   		55		56
+3.862  NA   		55		57
+3.568  NA   		55		58
+3.598  NA   		55		59
-0.175  NA   		55		60
-0.262  NA   		55		61
-0.274  NA   		55		62
-0.289  NA   		55		63
-0.301  NA   		55		64
-0.310  NA   		55		65
-0.323  NA   		55		66
-0.317  NA   		55		67
-0.301  NA   		55		68
-0.307  NA   		55		69
-0.350  NA   		55		70
-0.283  NA   		55		71
-0.290  NA   		55		72
-0.349  NA   		55		73
-0.276  NA   		55		74
-0.317  NA   		55		75
-0.267  NA   		55		76
-0.267  NA   		55		77
-0.247  NA   		55		78
-0.290  NA   		55		79
-0.283  NA   		55		80
-0.290  NA   		55		81
-0.365  NA   		55		82
-0.258  NA   		55		83
-0.284  NA   		55		84
-0.242  NA   		55		85
-0.285  NA   		55		86
-0.201  NA   		55		87
+0.160  NA   		55		88
+0.138  NA   		55		89
-0.532  NA   		55		90
+0.132  NA   		55		91
-0.427  NA   		55		92
-0.563  NA   		55		93
-0.533  NA   		55		94
-0.520  NA   		55		95
+3.778  NA   		56		57
+3.479  NA   		56		58
+3.510  NA   		56		59
-0.396  NA   		56		60
-0.480  NA   		56		61
-0.493  NA   		56		62
-0.508  NA   		56		63
-0.520  NA   		56		64
-0.529  NA   		56		65
-0.542  NA   		56		66
-0.535  NA   		56		67
-0.519  NA   		56		68
-0.530  NA   		56		69
-0.573  NA   		56		70
-0.502  NA   		56		71
-0.509  NA   		56		72
-0.571  NA   		56		73
-0.495  NA   		56		74
-0.536  NA   		56		75
-0.486  NA   		56		76
-0.486  NA   		56		77
-0.466  NA   		56		78
-0.508  NA   		56		79
-0.501  NA   		56		80
-0.508  NA   		56		81
-0.587  NA   		56		82
-0.477  NA   		56		83
-0.502  NA   		56		84
-0.461  NA   		56		85
-0.503  NA   		56		86
-0.439  NA   		56		87
-0.072  NA   		56		88
-0.094  NA   		56		89
-0.754  NA   		56		90
-0.101  NA   		56		91
-0.654  NA   		56		92
-0.782  NA   		56		93
-0.754  NA   		56		94
-0.735  NA   		56		95
+4.148  NA   		57		58
+4.145  NA   		57		59
+3.859  NA   		57		60
+3.777  NA   		57		61
+3.771  NA   		57		62
+3.762  NA   		57		63
+3.756  NA   		57		64
+3.751  NA   		57		65
+3.748  NA   		57		66
+3.747  NA   		57		67
+3.755  NA   		57		68
+3.889  NA   		57		69
+3.821  NA   		57		70
+3.771  NA   		57		71
+3.767  NA   		57		72
+3.822  NA   		57		73
+3.775  NA   		57		74
+3.752  NA   		57		75
+3.789  NA   		57		76
+3.789  NA   		57		77
+3.798  NA   		57		78
+3.767  NA   		57		79
+3.770  NA   		57		80
+3.766  NA   		57		81
+3.793  NA   		57		82
+3.789  NA   		57		83
+3.770  NA   		57		84
+3.802  NA   		57		85
+3.771  NA   		57		86
+3.758  NA   		57		87
+4.300  NA   		57		88
+4.274  NA   		57		89
+3.527  NA   		57		90
+4.330  NA   		57		91
+3.597  NA   		57		92
+3.506  NA   		57		93
+3.529  NA   		57		94
+3.591  NA   		57		95
+3.954  NA   		58		59
+3.556  NA   		58		60
+3.475  NA   		58		61
+3.470  NA   		58		62
+3.461  NA   		58		63
+3.456  NA   		58		64
+3.450  NA   		58		65
+3.447  NA   		58		66
+3.447  NA   		58		67
+3.454  NA   		58		68
+3.594  NA   		58		69
+3.526  NA   		58		70
+3.470  NA   		58		71
+3.466  NA   		58		72
+3.525  NA   		58		73
+3.473  NA   		58		74
+3.451  NA   		58		75
+3.487  NA   		58		76
+3.487  NA   		58		77
+3.495  NA   		58		78
+3.465  NA   		58		79
+3.468  NA   		58		80
+3.464  NA   		58		81
+3.496  NA   		58		82
+3.487  NA   		58		83
+3.469  NA   		58		84
+3.499  NA   		58		85
+3.469  NA   		58		86
+3.476  NA   		58		87
+4.002  NA   		58		88
+3.975  NA   		58		89
+3.229  NA   		58		90
+4.028  NA   		58		91
+3.307  NA   		58		92
+3.208  NA   		58		93
+3.229  NA   		58		94
+3.283  NA   		58		95
+3.586  NA   		59		60
+3.506  NA   		59		61
+3.500  NA   		59		62
+3.491  NA   		59		63
+3.486  NA   		59		64
+3.481  NA   		59		65
+3.478  NA   		59		66
+3.477  NA   		59		67
+3.484  NA   		59		68
+3.627  NA   		59		69
+3.559  NA   		59		70
+3.500  NA   		59		71
+3.496  NA   		59		72
+3.558  NA   		59		73
+3.504  NA   		59		74
+3.481  NA   		59		75
+3.517  NA   		59		76
+3.517  NA   		59		77
+3.526  NA   		59		78
+3.496  NA   		59		79
+3.499  NA   		59		80
+3.495  NA   		59		81
+3.529  NA   		59		82
+3.517  NA   		59		83
+3.499  NA   		59		84
+3.529  NA   		59		85
+3.500  NA   		59		86
+3.506  NA   		59		87
+4.036  NA   		59		88
+4.009  NA   		59		89
+3.259  NA   		59		90
+4.063  NA   		59		91
+3.337  NA   		59		92
+3.238  NA   		59		93
+3.260  NA   		59		94
+3.314  NA   		59		95
-0.427  NA   		60		61
-0.436  NA   		60		62
-0.415  NA   		60		63
-0.426  NA   		60		64
-0.424  NA   		60		65
-0.408  NA   		60		66
-0.427  NA   		60		67
-0.441  NA   		60		68
-0.042  NA   		60		69
-0.124  NA   		60		70
-0.464  NA   		60		71
-0.463  NA   		60		72
-0.188  NA   		60		73
-0.463  NA   		60		74
-0.445  NA   		60		75
-0.454  NA   		60		76
-0.454  NA   		60		77
-0.459  NA   		60		78
-0.461  NA   		60		79
-0.461  NA   		60		80
-0.459  NA   		60		81
-0.241  NA   		60		82
-0.461  NA   		60		83
-0.460  NA   		60		84
-0.457  NA   		60		85
-0.460  NA   		60		86
-0.443  NA   		60		87
+0.007  NA   		60		88
+0.002  NA   		60		89
-0.770  NA   		60		90
-0.027  NA   		60		91
-0.627  NA   		60		92
-0.780  NA   		60		93
-0.770  NA   		60		94
-0.750  NA   		60		95
-0.482  NA   		61		62
-0.460  NA   		61		63
-0.485  NA   		61		64
-0.486  NA   		61		65
-0.473  NA   		61		66
-0.491  NA   		61		67
-0.498  NA   		61		68
-0.164  NA   		61		69
-0.252  NA   		61		70
-0.514  NA   		61		71
-0.516  NA   		61		72
-0.300  NA   		61		73
-0.512  NA   		61		74
-0.509  NA   		61		75
-0.507  NA   		61		76
-0.507  NA   		61		77
-0.499  NA   		61		78
-0.516  NA   		61		79
-0.513  NA   		61		80
-0.515  NA   		61		81
-0.362  NA   		61		82
-0.505  NA   		61		83
-0.514  NA   		61		84
-0.495  NA   		61		85
-0.516  NA   		61		86
-0.521  NA   		61		87
-0.107  NA   		61		88
-0.115  NA   		61		89
-0.847  NA   		61		90
-0.139  NA   		61		91
-0.714  NA   		61		92
-0.860  NA   		61		93
-0.847  NA   		61		94
-0.826  NA   		61		95
-0.496  NA   		62		63
-0.474  NA   		62		64
-0.478  NA   		62		65
-0.458  NA   		62		66
-0.483  NA   		62		67
-0.491  NA   		62		68
-0.182  NA   		62		69
-0.317  NA   		62		70
-0.515  NA   		62		71
-0.519  NA   		62		72
-0.366  NA   		62		73
-0.512  NA   		62		74
-0.517  NA   		62		75
-0.508  NA   		62		76
-0.508  NA   		62		77
-0.494  NA   		62		78
-0.519  NA   		62		79
-0.514  NA   		62		80
-0.518  NA   		62		81
-0.420  NA   		62		82
-0.502  NA   		62		83
-0.515  NA   		62		84
-0.489  NA   		62		85
-0.518  NA   		62		86
-0.535  NA   		62		87
-0.123  NA   		62		88
-0.148  NA   		62		89
-0.857  NA   		62		90
-0.155  NA   		62		91
-0.728  NA   		62		92
-0.870  NA   		62		93
-0.858  NA   		62		94
-0.836  NA   		62		95
-0.512  NA   		63		64
-0.516  NA   		63		65
-0.514  NA   		63		66
-0.523  NA   		63		67
-0.522  NA   		63		68
-0.244  NA   		63		69
-0.328  NA   		63		70
-0.536  NA   		63		71
-0.540  NA   		63		72
-0.378  NA   		63		73
-0.531  NA   		63		74
-0.545  NA   		63		75
-0.525  NA   		63		76
-0.525  NA   		63		77
-0.510  NA   		63		78
-0.539  NA   		63		79
-0.532  NA   		63		80
-0.538  NA   		63		81
-0.433  NA   		63		82
-0.519  NA   		63		83
-0.534  NA   		63		84
-0.505  NA   		63		85
-0.537  NA   		63		86
-0.548  NA   		63		87
-0.142  NA   		63		88
-0.152  NA   		63		89
-0.872  NA   		63		90
-0.173  NA   		63		91
-0.743  NA   		63		92
-0.886  NA   		63		93
-0.872  NA   		63		94
-0.850  NA   		63		95
-0.504  NA   		64		65
-0.501  NA   		64		66
-0.512  NA   		64		67
-0.507  NA   		64		68
-0.261  NA   		64		69
-0.385  NA   		64		70
-0.526  NA   		64		71
-0.532  NA   		64		72
-0.428  NA   		64		73
-0.520  NA   		64		74
-0.542  NA   		64		75
-0.515  NA   		64		76
-0.515  NA   		64		77
-0.492  NA   		64		78
-0.530  NA   		64		79
-0.521  NA   		64		80
-0.529  NA   		64		81
-0.478  NA   		64		82
-0.503  NA   		64		83
-0.524  NA   		64		84
-0.486  NA   		64		85
-0.529  NA   		64		86
-0.561  NA   		64		87
-0.157  NA   		64		88
-0.182  NA   		64		89
-0.882  NA   		64		90
-0.189  NA   		64		91
-0.758  NA   		64		92
-0.897  NA   		64		93
-0.882  NA   		64		94
-0.860  NA   		64		95
-0.510  NA   		65		66
-0.517  NA   		65		67
-0.508  NA   		65		68
-0.278  NA   		65		69
-0.401  NA   		65		70
-0.529  NA   		65		71
-0.535  NA   		65		72
-0.443  NA   		65		73
-0.521  NA   		65		74
-0.547  NA   		65		75
-0.518  NA   		65		76
-0.518  NA   		65		77
-0.490  NA   		65		78
-0.532  NA   		65		79
-0.521  NA   		65		80
-0.531  NA   		65		81
-0.493  NA   		65		82
-0.503  NA   		65		83
-0.525  NA   		65		84
-0.484  NA   		65		85
-0.530  NA   		65		86
-0.570  NA   		65		87
-0.167  NA   		65		88
-0.191  NA   		65		89
-0.890  NA   		65		90
-0.199  NA   		65		91
-0.766  NA   		65		92
-0.905  NA   		65		93
-0.890  NA   		65		94
-0.868  NA   		65		95
-0.517  NA   		66		67
-0.494  NA   		66		68
-0.332  NA   		66		69
-0.446  NA   		66		70
-0.522  NA   		66		71
-0.531  NA   		66		72
-0.483  NA   		66		73
-0.514  NA   		66		74
-0.554  NA   		66		75
-0.511  NA   		66		76
-0.511  NA   		66		77
-0.472  NA   		66		78
-0.527  NA   		66		79
-0.515  NA   		66		80
-0.528  NA   		66		81
-0.530  NA   		66		82
-0.491  NA   		66		83
-0.520  NA   		66		84
-0.466  NA   		66		85
-0.527  NA   		66		86
-0.584  NA   		66		87
-0.186  NA   		66		88
-0.209  NA   		66		89
-0.902  NA   		66		90
-0.217  NA   		66		91
-0.782  NA   		66		92
-0.918  NA   		66		93
-0.902  NA   		66		94
-0.879  NA   		66		95
-0.506  NA   		67		68
-0.284  NA   		67		69
-0.408  NA   		67		70
-0.528  NA   		67		71
-0.536  NA   		67		72
-0.450  NA   		67		73
-0.522  NA   		67		74
-0.552  NA   		67		75
-0.518  NA   		67		76
-0.518  NA   		67		77
-0.486  NA   		67		78
-0.533  NA   		67		79
-0.523  NA   		67		80
-0.534  NA   		67		81
-0.501  NA   		67		82
-0.502  NA   		67		83
-0.527  NA   		67		84
-0.481  NA   		67		85
-0.533  NA   		67		86
-0.576  NA   		67		87
-0.172  NA   		67		88
-0.196  NA   		67		89
-0.897  NA   		67		90
-0.204  NA   		67		91
-0.774  NA   		67		92
-0.912  NA   		67		93
-0.896  NA   		67		94
-0.874  NA   		67		95
-0.241  NA   		68		69
-0.370  NA   		68		70
-0.521  NA   		68		71
-0.526  NA   		68		72
-0.415  NA   		68		73
-0.517  NA   		68		74
-0.539  NA   		68		75
-0.518  NA   		68		76
-0.518  NA   		68		77
-0.488  NA   		68		78
-0.530  NA   		68		79
-0.523  NA   		68		80
-0.530  NA   		68		81
-0.469  NA   		68		82
-0.502  NA   		68		83
-0.526  NA   		68		84
-0.484  NA   		68		85
-0.530  NA   		68		86
-0.561  NA   		68		87
-0.156  NA   		68		88
-0.181  NA   		68		89
-0.882  NA   		68		90
-0.188  NA   		68		91
-0.756  NA   		68		92
-0.896  NA   		68		93
-0.882  NA   		68		94
-0.860  NA   		68		95
-0.533  NA   		69		70
-0.205  NA   		69		71
-0.231  NA   		69		72
-0.543  NA   		69		73
-0.185  NA   		69		74
-0.315  NA   		69		75
-0.214  NA   		69		76
-0.214  NA   		69		77
-0.096  NA   		69		78
-0.215  NA   		69		79
-0.184  NA   		69		80
-0.218  NA   		69		81
-0.538  NA   		69		82
-0.135  NA   		69		83
-0.199  NA   		69		84
-0.088  NA   		69		85
-0.217  NA   		69		86
-0.615  NA   		69		87
-0.270  NA   		69		88
-0.293  NA   		69		89
-0.868  NA   		69		90
-0.302  NA   		69		91
-0.812  NA   		69		92
-0.908  NA   		69		93
-0.850  NA   		69		94
-0.853  NA   		69		95
-0.338  NA   		70		71
-0.359  NA   		70		72
-0.575  NA   		70		73
-0.321  NA   		70		74
-0.431  NA   		70		75
-0.339  NA   		70		76
-0.339  NA   		70		77
-0.244  NA   		70		78
-0.346  NA   		70		79
-0.321  NA   		70		80
-0.348  NA   		70		81
-0.584  NA   		70		82
-0.276  NA   		70		83
-0.332  NA   		70		84
-0.236  NA   		70		85
-0.346  NA   		70		86
-0.650  NA   		70		87
-0.273  NA   		70		88
-0.291  NA   		70		89
-0.912  NA   		70		90
-0.310  NA   		70		91
-0.848  NA   		70		92
-0.951  NA   		70		93
-0.896  NA   		70		94
-0.896  NA   		70		95
-0.476  NA   		71		72
-0.353  NA   		71		73
-0.472  NA   		71		74
-0.483  NA   		71		75
-0.503  NA   		71		76
-0.503  NA   		71		77
-0.441  NA   		71		78
-0.496  NA   		71		79
-0.490  NA   		71		80
-0.496  NA   		71		81
-0.412  NA   		71		82
-0.458  NA   		71		83
-0.492  NA   		71		84
-0.434  NA   		71		85
-0.492  NA   		71		86
-0.547  NA   		71		87
-0.138  NA   		71		88
-0.162  NA   		71		89
-0.866  NA   		71		90
-0.168  NA   		71		91
-0.736  NA   		71		92
-0.878  NA   		71		93
-0.866  NA   		71		94
-0.845  NA   		71		95
-0.374  NA   		72		73
-0.472  NA   		72		74
-0.495  NA   		72		75
-0.506  NA   		72		76
-0.506  NA   		72		77
-0.435  NA   		72		78
-0.499  NA   		72		79
-0.491  NA   		72		80
-0.499  NA   		72		81
-0.431  NA   		72		82
-0.454  NA   		72		83
-0.494  NA   		72		84
-0.427  NA   		72		85
-0.496  NA   		72		86
-0.554  NA   		72		87
-0.147  NA   		72		88
-0.171  NA   		72		89
-0.873  NA   		72		90
-0.177  NA   		72		91
-0.744  NA   		72		92
-0.886  NA   		72		93
-0.873  NA   		72		94
-0.851  NA   		72		95
-0.335  NA   		73		74
-0.444  NA   		73		75
-0.352  NA   		73		76
-0.352  NA   		73		77
-0.259  NA   		73		78
-0.360  NA   		73		79
-0.336  NA   		73		80
-0.362  NA   		73		81
-0.561  NA   		73		82
-0.290  NA   		73		83
-0.346  NA   		73		84
-0.249  NA   		73		85
-0.358  NA   		73		86
-0.647  NA   		73		87
-0.252  NA   		73		88
-0.270  NA   		73		89
-0.910  NA   		73		90
-0.293  NA   		73		91
-0.845  NA   		73		92
-0.950  NA   		73		93
-0.895  NA   		73		94
-0.896  NA   		73		95
-0.468  NA   		74		75
-0.500  NA   		74		76
-0.500  NA   		74		77
-0.446  NA   		74		78
-0.490  NA   		74		79
-0.483  NA   		74		80
-0.487  NA   		74		81
-0.392  NA   		74		82
-0.455  NA   		74		83
-0.484  NA   		74		84
-0.434  NA   		74		85
-0.485  NA   		74		86
-0.539  NA   		74		87
-0.129  NA   		74		88
-0.154  NA   		74		89
-0.860  NA   		74		90
-0.159  NA   		74		91
-0.728  NA   		74		92
-0.871  NA   		74		93
-0.860  NA   		74		94
-0.839  NA   		74		95
-0.498  NA   		75		76
-0.498  NA   		75		77
-0.405  NA   		75		78
-0.481  NA   		75		79
-0.460  NA   		75		80
-0.481  NA   		75		81
-0.493  NA   		75		82
-0.434  NA   		75		83
-0.468  NA   		75		84
-0.391  NA   		75		85
-0.480  NA   		75		86
-0.579  NA   		75		87
-0.177  NA   		75		88
-0.200  NA   		75		89
-0.897  NA   		75		90
-0.208  NA   		75		91
-0.774  NA   		75		92
-0.911  NA   		75		93
-0.896  NA   		75		94
-0.874  NA   		75		95
-0.450  NA   		76		77
-0.476  NA   		76		78
-0.499  NA   		76		79
-0.495  NA   		76		80
-0.499  NA   		76		81
-0.400  NA   		76		82
-0.485  NA   		76		83
-0.496  NA   		76		84
-0.471  NA   		76		85
-0.498  NA   		76		86
-0.525  NA   		76		87
-0.112  NA   		76		88
-0.137  NA   		76		89
-0.849  NA   		76		90
-0.143  NA   		76		91
-0.718  NA   		76		92
-0.861  NA   		76		93
-0.850  NA   		76		94
-0.829  NA   		76		95
-0.476  NA   		77		78
-0.499  NA   		77		79
-0.495  NA   		77		80
-0.499  NA   		77		81
-0.400  NA   		77		82
-0.485  NA   		77		83
-0.496  NA   		77		84
-0.471  NA   		77		85
-0.498  NA   		77		86
-0.525  NA   		77		87
-0.112  NA   		77		88
-0.137  NA   		77		89
-0.850  NA   		77		90
-0.143  NA   		77		91
-0.718  NA   		77		92
-0.861  NA   		77		93
-0.850  NA   		77		94
-0.829  NA   		77		95
-0.444  NA   		78		79
-0.455  NA   		78		80
-0.451  NA   		78		81
-0.316  NA   		78		82
-0.442  NA   		78		83
-0.453  NA   		78		84
-0.433  NA   		78		85
-0.451  NA   		78		86
-0.510  NA   		78		87
-0.094  NA   		78		88
-0.119  NA   		78		89
-0.833  NA   		78		90
-0.124  NA   		78		91
-0.696  NA   		78		92
-0.842  NA   		78		93
-0.834  NA   		78		94
-0.813  NA   		78		95
-0.479  NA   		79		80
-0.485  NA   		79		81
-0.411  NA   		79		82
-0.467  NA   		79		83
-0.481  NA   		79		84
-0.445  NA   		79		85
-0.486  NA   		79		86
-0.550  NA   		79		87
-0.139  NA   		79		88
-0.163  NA   		79		89
-0.871  NA   		79		90
-0.170  NA   		79		91
-0.740  NA   		79		92
-0.883  NA   		79		93
-0.871  NA   		79		94
-0.849  NA   		79		95
-0.474  NA   		80		81
-0.386  NA   		80		82
-0.463  NA   		80		83
-0.471  NA   		80		84
-0.444  NA   		80		85
-0.476  NA   		80		86
-0.542  NA   		80		87
-0.129  NA   		80		88
-0.154  NA   		80		89
-0.864  NA   		80		90
-0.161  NA   		80		91
-0.732  NA   		80		92
-0.875  NA   		80		93
-0.865  NA   		80		94
-0.843  NA   		80		95
-0.409  NA   		81		82
-0.460  NA   		81		83
-0.476  NA   		81		84
-0.437  NA   		81		85
-0.481  NA   		81		86
-0.550  NA   		81		87
-0.140  NA   		81		88
-0.164  NA   		81		89
-0.871  NA   		81		90
-0.171  NA   		81		91
-0.741  NA   		81		92
-0.883  NA   		81		93
-0.871  NA   		81		94
-0.850  NA   		81		95
-0.341  NA   		82		83
-0.394  NA   		82		84
-0.301  NA   		82		85
-0.404  NA   		82		86
-0.658  NA   		82		87
-0.239  NA   		82		88
-0.256  NA   		82		89
-0.928  NA   		82		90
-0.283  NA   		82		91
-0.858  NA   		82		92
-0.965  NA   		82		93
-0.914  NA   		82		94
-0.912  NA   		82		95
-0.462  NA   		83		84
-0.431  NA   		83		85
-0.461  NA   		83		86
-0.520  NA   		83		87
-0.107  NA   		83		88
-0.132  NA   		83		89
-0.843  NA   		83		90
-0.137  NA   		83		91
-0.707  NA   		83		92
-0.853  NA   		83		93
-0.844  NA   		83		94
-0.823  NA   		83		95
-0.440  NA   		84		85
-0.476  NA   		84		86
-0.543  NA   		84		87
-0.131  NA   		84		88
-0.156  NA   		84		89
-0.866  NA   		84		90
-0.163  NA   		84		91
-0.733  NA   		84		92
-0.877  NA   		84		93
-0.866  NA   		84		94
-0.844  NA   		84		95
-0.434  NA   		85		86
-0.504  NA   		85		87
-0.087  NA   		85		88
-0.112  NA   		85		89
-0.828  NA   		85		90
-0.117  NA   		85		91
-0.689  NA   		85		92
-0.836  NA   		85		93
-0.829  NA   		85		94
-0.809  NA   		85		95
-0.545  NA   		86		87
-0.135  NA   		86		88
-0.159  NA   		86		89
-0.867  NA   		86		90
-0.166  NA   		86		91
-0.734  NA   		86		92
-0.878  NA   		86		93
-0.867  NA   		86		94
-0.845  NA   		86		95
-0.239  NA   		87		88
-0.256  NA   		87		89
-0.398  NA   		87		90
-0.257  NA   		87		91
-0.634  NA   		87		92
-0.435  NA   		87		93
-0.498  NA   		87		94
-0.363  NA   		87		95
+0.039  NA   		88		89
-0.388  NA   		88		90
+0.035  NA   		88		91
-0.384  NA   		88		92
-0.448  NA   		88		93
-0.398  NA   		88		94
-0.426  NA   		88		95
-0.403  NA   		89		90
+0.017  NA   		89		91
-0.403  NA   		89		92
-0.463  NA   		89		93
-0.412  NA   		89		94
-0.446  NA   		89		95
-0.418  NA   		90		91
-0.912  NA   		90		92
-0.920  NA   		90		93
-0.885  NA   		90		94
-0.901  NA   		90		95
-0.410  NA   		91		92
-0.477  NA   		91		93
-0.428  NA   		91		94
-0.455  NA   		91		95
-0.874  NA   		92		93
-0.926  NA   		92		94
-0.421  NA   		92		95
-0.957  NA   		93		94
-0.905  NA   		93		95
-0.925  NA   		94		95
