## bf=log10_BF	se=log10_std_err	pv=p-value	
rsnum	 	pos 	chr 	bf 	se 	rank 	pv
rs17123184     	62674793	1	+0.288	 NA 	 1		 NA	
rs74079019     	62675012	1	+0.275	 NA 	 2		 NA	
rs7539677      	62675287	1	+0.273	 NA 	 3		 NA	
rs7516863      	62675385	1	+0.293	 NA 	 4		 NA	
rs7551777      	62675709	1	+0.290	 NA 	 5		 NA	
rs11207933     	62676091	1	+0.228	 NA 	 6		 NA	
rs4915801      	62679131	1	-0.086	 NA 	 7		 NA	
rs72679766     	62680934	1	-0.137	 NA 	 8		 NA	
rs12743459     	62682272	1	-0.580	 NA 	 9		 NA	
rs12748360     	62682988	1	-0.580	 NA 	 10		 NA	
rs12748802     	62683067	1	-0.578	 NA 	 11		 NA	
rs67656748     	62683208	1	+0.093	 NA 	 12		 NA	
rs79360478     	62684160	1	-0.347	 NA 	 13		 NA	
rs2666499      	62684307	1	-0.549	 NA 	 14		 NA	
rs140625664    	62684447	1	-0.351	 NA 	 15		 NA	
rs72679772     	62685142	1	-0.313	 NA 	 16		 NA	
rs72679773     	62685177	1	-0.312	 NA 	 17		 NA	
rs113722591    	62685230	1	-0.312	 NA 	 18		 NA	
rs11207938     	62685369	1	-0.319	 NA 	 19		 NA	
rs10889302     	62685609	1	-0.308	 NA 	 20		 NA	
rs10889303     	62685641	1	-0.307	 NA 	 21		 NA	
rs10889305     	62685692	1	-0.307	 NA 	 22		 NA	
rs12040080     	62686299	1	-0.308	 NA 	 23		 NA	
rs12043306     	62686438	1	-0.307	 NA 	 24		 NA	
rs12727339     	62686471	1	-0.580	 NA 	 25		 NA	
rs112550848    	62686487	1	-0.027	 NA 	 26		 NA	
rs28562952     	62686547	1	-0.207	 NA 	 27		 NA	
rs7411110      	62686941	1	-0.302	 NA 	 28		 NA	
rs2365990      	62687073	1	-0.301	 NA 	 29		 NA	
rs4019803      	62687104	1	-0.303	 NA 	 30		 NA	
rs12741741     	62687304	1	-0.580	 NA 	 31		 NA	
rs12742750     	62687649	1	-0.580	 NA 	 32		 NA	
rs7528199      	62687783	1	-0.304	 NA 	 33		 NA	
rs7538818      	62687845	1	-0.304	 NA 	 34		 NA	
rs7516473      	62687897	1	-0.304	 NA 	 35		 NA	
rs7539028      	62688022	1	-0.304	 NA 	 36		 NA	
rs7541340      	62688122	1	-0.301	 NA 	 37		 NA	
rs79298952     	62688317	1	-0.315	 NA 	 38		 NA	
rs113757429    	62688330	1	-0.315	 NA 	 39		 NA	
rs111846010    	62688336	1	-0.315	 NA 	 40		 NA	
rs113636963    	62688356	1	-0.316	 NA 	 41		 NA	
rs72679787     	62688422	1	-0.305	 NA 	 42		 NA	
rs12048000     	62688997	1	-0.307	 NA 	 43		 NA	
rs12048027     	62689030	1	-0.323	 NA 	 44		 NA	
rs12041005     	62689031	1	-0.314	 NA 	 45		 NA	
rs72679795     	62689386	1	-0.309	 NA 	 46		 NA	
rs72679796     	62689505	1	-0.310	 NA 	 47		 NA	
rs12133752     	62689554	1	-0.310	 NA 	 48		 NA	
rs12144690     	62689687	1	-0.311	 NA 	 49		 NA	
rs55767948     	62689798	1	-0.004	 NA 	 50		 NA	
rs55675042     	62690293	1	-0.313	 NA 	 51		 NA	
rs55831250     	62690489	1	-0.314	 NA 	 52		 NA	
rs72679801     	62691338	1	-0.051	 NA 	 53		 NA	
rs6669211      	62691558	1	-0.305	 NA 	 54		 NA	
rs11586057     	62691597	1	-0.141	 NA 	 55		 NA	
rs12406492     	62691859	1	-0.084	 NA 	 56		 NA	
rs66618418     	62692073	1	-0.572	 NA 	 57		 NA	
rs55901108     	62692191	1	-0.476	 NA 	 58		 NA	
rs61775734     	62698815	1	-0.168	 NA 	 59		 NA	
rs6680953      	62699069	1	-0.420	 NA 	 60		 NA	
rs6696486      	62699425	1	-0.372	 NA 	 61		 NA	
rs61775736     	62700586	1	-0.358	 NA 	 62		 NA	
rs61775737     	62701164	1	-0.300	 NA 	 63		 NA	
rs6688986      	62702720	1	-0.311	 NA 	 64		 NA	
rs41289438     	62704134	1	-0.017	 NA 	 65		 NA	
rs57965682     	62704300	1	-0.467	 NA 	 66		 NA	
rs11207941     	62706020	1	-0.311	 NA 	 67		 NA	
rs11207942     	62706131	1	-0.036	 NA 	 68		 NA	
rs10889313     	62707256	1	-0.288	 NA 	 69		 NA	
rs11207943     	62707446	1	-0.287	 NA 	 70		 NA	
rs11207944     	62707613	1	-0.280	 NA 	 71		 NA	
rs10889315     	62713246	1	+0.117	 NA 	 72		 NA	
rs9662717      	62714575	1	-0.566	 NA 	 73		 NA	
rs113583217    	62714735	1	+0.718	 NA 	 74		 NA	
rs7518610      	62714913	1	-0.566	 NA 	 75		 NA	
rs12122645     	62714918	1	-0.626	 NA 	 76		 NA	
rs115378581    	62714965	1	-0.391	 NA 	 77		 NA	
rs7529326      	62715014	1	-0.604	 NA 	 78		 NA	
rs115868546    	62715356	1	-0.392	 NA 	 79		 NA	
rs6421473      	62715391	1	-0.569	 NA 	 80		 NA	
rs2457811      	62715785	1	-0.568	 NA 	 81		 NA	
rs2457810      	62716264	1	-0.562	 NA 	 82		 NA	
rs2457809      	62716323	1	+0.190	 NA 	 83		 NA	
rs2457808      	62716353	1	-0.627	 NA 	 84		 NA	
rs2457806      	62716448	1	-0.561	 NA 	 85		 NA	
rs2666482      	62716806	1	-0.568	 NA 	 86		 NA	
rs142107857    	62716869	1	-0.393	 NA 	 87		 NA	
rs2774938      	62717393	1	-0.411	 NA 	 88		 NA	
rs2666481      	62717414	1	-0.414	 NA 	 89		 NA	
rs4915605      	62717759	1	-0.515	 NA 	 90		 NA	
rs61776870     	62717796	1	-0.378	 NA 	 91		 NA	
rs6691288      	62719141	1	-0.358	 NA 	 92		 NA	
rs2666479      	62719215	1	-0.525	 NA 	 93		 NA	
rs982504       	62719808	1	-0.599	 NA 	 94		 NA	
rs6692004      	62719839	1	-0.365	 NA 	 95		 NA	
rs61776871     	62719861	1	-0.365	 NA 	 96		 NA	
rs145789205    	62720068	1	-0.391	 NA 	 97		 NA	
rs4475787      	62720123	1	-0.376	 NA 	 98		 NA	
rs55890605     	62720491	1	-0.514	 NA 	 99		 NA	
rs11802695     	62721234	1	-0.514	 NA 	 100		 NA	
rs4915809      	62723039	1	-0.499	 NA 	 101		 NA	
rs2057634      	62723207	1	-0.497	 NA 	 102		 NA	
rs76707000     	62723384	1	-0.391	 NA 	 103		 NA	
rs958803       	62723486	1	-0.612	 NA 	 104		 NA	
rs4494167      	62723617	1	-0.497	 NA 	 105		 NA	
rs6587963      	62723954	1	+0.505	 NA 	 106		 NA	
rs17379871     	62724318	1	-0.500	 NA 	 107		 NA	
rs12062426     	62724453	1	+0.504	 NA 	 108		 NA	
rs12072707     	62724515	1	+0.504	 NA 	 109		 NA	
rs12062559     	62724753	1	+0.505	 NA 	 110		 NA	
rs2666476      	62725217	1	-0.613	 NA 	 111		 NA	
rs115135949    	62725644	1	-0.391	 NA 	 112		 NA	
rs2765270      	62725851	1	-0.613	 NA 	 113		 NA	
rs2666475      	62726046	1	-0.599	 NA 	 114		 NA	
rs6685907      	62726134	1	-0.500	 NA 	 115		 NA	
rs151312522    	62727029	1	-0.389	 NA 	 116		 NA	
rs2765241      	62727596	1	-0.587	 NA 	 117		 NA	
rs2666474      	62727796	1	-0.611	 NA 	 118		 NA	
rs2666473      	62727968	1	-0.611	 NA 	 119		 NA	
rs2765244      	62728156	1	-0.610	 NA 	 120		 NA	
rs2765245      	62728249	1	-0.612	 NA 	 121		 NA	
rs2765247      	62728596	1	-0.614	 NA 	 122		 NA	
rs2666472      	62728784	1	-0.614	 NA 	 123		 NA	
rs2258470      	62728838	1	-0.614	 NA 	 124		 NA	
rs2260581      	62728861	1	-0.614	 NA 	 125		 NA	
rs2262106      	62729015	1	-0.613	 NA 	 126		 NA	
rs2765248      	62729382	1	-0.613	 NA 	 127		 NA	
rs2765249      	62729458	1	-0.612	 NA 	 128		 NA	
rs2765250      	62729818	1	-0.598	 NA 	 129		 NA	
rs114865188    	62732091	1	-0.275	 NA 	 130		 NA	
rs1555833      	62732170	1	-0.619	 NA 	 131		 NA	
rs11579934     	62732945	1	-0.583	 NA 	 132		 NA	
rs11583803     	62733200	1	-0.553	 NA 	 133		 NA	
rs112203451    	62733448	1	-0.107	 NA 	 134		 NA	
rs6695520      	62734577	1	-0.649	 NA 	 135		 NA	
rs11207951     	62735023	1	-0.644	 NA 	 136		 NA	
rs11207952     	62736196	1	-0.649	 NA 	 137		 NA	
rs2666503      	62736771	1	-0.631	 NA 	 138		 NA	
rs4609464      	62737372	1	-0.650	 NA 	 139		 NA	
rs11584786     	62738077	1	-0.655	 NA 	 140		 NA	
rs59838506     	62738555	1	-0.268	 NA 	 141		 NA	
rs7516290      	62738904	1	-0.632	 NA 	 142		 NA	
rs12127930     	62740065	1	-0.659	 NA 	 143		 NA	
rs2666506      	62740446	1	-0.632	 NA 	 144		 NA	
rs2666507      	62740449	1	-0.632	 NA 	 145		 NA	
rs2666508      	62740930	1	-0.633	 NA 	 146		 NA	
rs11207955     	62741049	1	-0.499	 NA 	 147		 NA	
rs9803815      	62741198	1	-0.496	 NA 	 148		 NA	
rs34477066     	62741636	1	-0.464	 NA 	 149		 NA	
rs12031172     	62742148	1	-0.492	 NA 	 150		 NA	
rs12031176     	62742156	1	-0.492	 NA 	 151		 NA	
rs9803854      	62742213	1	-0.569	 NA 	 152		 NA	
rs9804022      	62742403	1	-0.490	 NA 	 153		 NA	
rs10493318     	62742965	1	-0.495	 NA 	 154		 NA	
rs12127630     	62743149	1	-0.487	 NA 	 155		 NA	
rs12123763     	62743278	1	-0.456	 NA 	 156		 NA	
rs12138544     	62743398	1	-0.486	 NA 	 157		 NA	
rs12043263     	62743942	1	-0.636	 NA 	 158		 NA	
rs12125010     	62744915	1	-0.492	 NA 	 159		 NA	
rs11207956     	62744954	1	-0.459	 NA 	 160		 NA	
rs2765251      	62745206	1	-0.633	 NA 	 161		 NA	
rs10889316     	62746646	1	-0.658	 NA 	 162		 NA	
rs6691591      	62749500	1	-0.590	 NA 	 163		 NA	
rs3903928      	62750399	1	-0.655	 NA 	 164		 NA	
rs2666487      	62751985	1	-0.634	 NA 	 165		 NA	
rs2666488      	62752023	1	-0.634	 NA 	 166		 NA	
rs3850632      	62752350	1	-0.543	 NA 	 167		 NA	
rs3850633      	62752440	1	-0.654	 NA 	 168		 NA	
rs2765254      	62753063	1	-0.653	 NA 	 169		 NA	
rs2765255      	62753383	1	-0.653	 NA 	 170		 NA	
rs2366206      	62753801	1	-0.576	 NA 	 171		 NA	
rs2366207      	62753802	1	-0.576	 NA 	 172		 NA	
rs2765258      	62754049	1	-0.634	 NA 	 173		 NA	
rs2765260      	62754792	1	-0.618	 NA 	 174		 NA	
rs7520614      	62755482	1	-0.523	 NA 	 175		 NA	
rs34752481     	62755727	1	-0.581	 NA 	 176		 NA	
rs2477872      	62756625	1	-0.546	 NA 	 177		 NA	
rs2765261      	62757670	1	-0.513	 NA 	 178		 NA	
rs2666467      	62757965	1	-0.613	 NA 	 179		 NA	
rs2765262      	62758332	1	-0.615	 NA 	 180		 NA	
rs12085325     	62759038	1	-0.504	 NA 	 181		 NA	
rs1925827      	62759076	1	-0.648	 NA 	 182		 NA	
rs2765263      	62759369	1	-0.496	 NA 	 183		 NA	
