## bf=log10_BF	se=log10_std_err	pv=p-value	
rsnum	 	pos 	chr 	bf 	se 	rank 	pv
rs12817528     	18635139	1	-0.516	 NA 	 1		 NA	
rs75608497     	18652821	1	-0.509	 NA 	 2		 NA	
rs10841035     	18672033	1	-0.551	 NA 	 3		 NA	
rs147138755    	18672427	1	-0.554	 NA 	 4		 NA	
rs7970632      	18674499	1	-0.640	 NA 	 5		 NA	
rs12315677     	18677238	1	-0.427	 NA 	 6		 NA	
rs1447413      	18679026	1	-0.622	 NA 	 7		 NA	
rs10505823     	18680716	1	-0.414	 NA 	 8		 NA	
rs7974232      	18684104	1	-0.487	 NA 	 9		 NA	
rs11044163     	18684837	1	-0.642	 NA 	 10		 NA	
rs11044164     	18685424	1	-0.634	 NA 	 11		 NA	
rs11044165     	18685521	1	-0.627	 NA 	 12		 NA	
rs12580622     	18690469	1	-0.519	 NA 	 13		 NA	
rs11044172     	18691632	1	-0.516	 NA 	 14		 NA	
rs12367676     	18691962	1	-0.519	 NA 	 15		 NA	
rs1992838      	18692675	1	-0.519	 NA 	 16		 NA	
rs12825178     	18694329	1	-0.529	 NA 	 17		 NA	
rs11044173     	18695229	1	-0.523	 NA 	 18		 NA	
rs10770369     	18695459	1	-0.453	 NA 	 19		 NA	
rs11044175     	18696542	1	-0.526	 NA 	 20		 NA	
rs11044176     	18698090	1	-0.527	 NA 	 21		 NA	
rs12301772     	18698876	1	-0.534	 NA 	 22		 NA	
rs12820609     	18700979	1	-0.527	 NA 	 23		 NA	
rs12813137     	18701247	1	-0.533	 NA 	 24		 NA	
rs11829471     	18701427	1	-0.534	 NA 	 25		 NA	
rs10770370     	18701924	1	-0.516	 NA 	 26		 NA	
rs11044178     	18702430	1	-0.525	 NA 	 27		 NA	
rs16914278     	18703426	1	-0.525	 NA 	 28		 NA	
rs12827361     	18704008	1	-0.521	 NA 	 29		 NA	
rs10505826     	18706269	1	-0.383	 NA 	 30		 NA	
rs10841039     	18710291	1	-0.536	 NA 	 31		 NA	
rs11044189     	18720057	1	-0.539	 NA 	 32		 NA	
rs10841040     	18722230	1	-0.536	 NA 	 33		 NA	
rs11044192     	18724543	1	-0.541	 NA 	 34		 NA	
rs10770371     	18726925	1	-0.545	 NA 	 35		 NA	
rs10841043     	18732153	1	-0.495	 NA 	 36		 NA	
rs10841044     	18732352	1	-0.424	 NA 	 37		 NA	
rs11044202     	18732487	1	-0.433	 NA 	 38		 NA	
rs7311071      	18732504	1	-0.626	 NA 	 39		 NA	
rs12832281     	18744595	1	-0.579	 NA 	 40		 NA	
rs17419409     	18744797	1	-0.518	 NA 	 41		 NA	
rs12821147     	18746567	1	-0.578	 NA 	 42		 NA	
rs34034637     	18750216	1	-0.578	 NA 	 43		 NA	
rs7316758      	18752939	1	-0.579	 NA 	 44		 NA	
rs7304394      	18753506	1	-0.546	 NA 	 45		 NA	
rs1816971      	18764140	1	-0.632	 NA 	 46		 NA	
rs77344976     	18775454	1	-0.389	 NA 	 47		 NA	
rs75289888     	18775490	1	-0.389	 NA 	 48		 NA	
rs76105820     	18775626	1	-0.386	 NA 	 49		 NA	
rs75433465     	18775739	1	-0.388	 NA 	 50		 NA	
rs77797974     	18776205	1	-0.387	 NA 	 51		 NA	
rs12372061     	18776911	1	-0.367	 NA 	 52		 NA	
rs11044219     	18777359	1	-0.384	 NA 	 53		 NA	
rs11044220     	18777451	1	-0.598	 NA 	 54		 NA	
rs78046721     	18777849	1	-0.191	 NA 	 55		 NA	
rs56268105     	18778647	1	-0.380	 NA 	 56		 NA	
rs10841048     	18779259	1	-0.219	 NA 	 57		 NA	
rs935620       	18782702	1	-0.266	 NA 	 58		 NA	
rs11044223     	18783763	1	-0.333	 NA 	 59		 NA	
rs4764409      	18784252	1	-0.542	 NA 	 60		 NA	
rs77752187     	18788860	1	-0.479	 NA 	 61		 NA	
rs11044227     	18789848	1	-0.479	 NA 	 62		 NA	
rs11044228     	18791253	1	-0.127	 NA 	 63		 NA	
rs561239       	18793583	1	-0.585	 NA 	 64		 NA	
rs10841055     	18795795	1	-0.470	 NA 	 65		 NA	
rs7307206      	18796647	1	-0.473	 NA 	 66		 NA	
rs11044232     	18797296	1	-0.469	 NA 	 67		 NA	
rs16914359     	18798577	1	-0.480	 NA 	 68		 NA	
rs10841057     	18801376	1	-0.470	 NA 	 69		 NA	
rs507086       	18801688	1	-0.475	 NA 	 70		 NA	
rs76842605     	18804344	1	-0.485	 NA 	 71		 NA	
rs74755754     	18805139	1	-0.479	 NA 	 72		 NA	
rs12371966     	18806348	1	-0.474	 NA 	 73		 NA	
rs116172435    	18808701	1	-0.485	 NA 	 74		 NA	
rs10841061     	18811965	1	-0.419	 NA 	 75		 NA	
rs543384       	18812338	1	-0.615	 NA 	 76		 NA	
rs588066       	18813163	1	-0.390	 NA 	 77		 NA	
rs588512       	18813259	1	-0.405	 NA 	 78		 NA	
rs486004       	18813473	1	-0.403	 NA 	 79		 NA	
rs591307       	18813933	1	-0.633	 NA 	 80		 NA	
rs606541       	18814977	1	-0.354	 NA 	 81		 NA	
rs607040       	18815133	1	-0.632	 NA 	 82		 NA	
rs521975       	18815136	1	-0.354	 NA 	 83		 NA	
rs10770380     	18815213	1	-0.653	 NA 	 84		 NA	
rs546665       	18815533	1	-0.629	 NA 	 85		 NA	
rs576929       	18816513	1	-0.637	 NA 	 86		 NA	
rs577684       	18816556	1	-0.353	 NA 	 87		 NA	
rs472699       	18817174	1	-0.618	 NA 	 88		 NA	
rs1685075      	18817389	1	-0.648	 NA 	 89		 NA	
rs1685076      	18817404	1	-0.635	 NA 	 90		 NA	
rs12317097     	18817561	1	-0.620	 NA 	 91		 NA	
rs36176296     	18817793	1	-0.396	 NA 	 92		 NA	
rs1027029      	18818100	1	-0.351	 NA 	 93		 NA	
rs611729       	18818196	1	-0.336	 NA 	 94		 NA	
rs1900752      	18818742	1	-0.647	 NA 	 95		 NA	
rs561962       	18820035	1	-0.632	 NA 	 96		 NA	
rs2955414      	18820912	1	-0.554	 NA 	 97		 NA	
rs2931485      	18821252	1	-0.634	 NA 	 98		 NA	
rs16914456     	18821405	1	-0.479	 NA 	 99		 NA	
rs16914461     	18821879	1	-0.437	 NA 	 100		 NA	
rs515104       	18824438	1	-0.345	 NA 	 101		 NA	
rs78195550     	18824771	1	-0.466	 NA 	 102		 NA	
rs541605       	18824992	1	-0.341	 NA 	 103		 NA	
rs596687       	18825089	1	-0.628	 NA 	 104		 NA	
rs513426       	18827044	1	-0.602	 NA 	 105		 NA	
rs520143       	18829218	1	-0.337	 NA 	 106		 NA	
rs665197       	18829468	1	-0.355	 NA 	 107		 NA	
rs2034396      	18829657	1	-0.466	 NA 	 108		 NA	
rs602308       	18832527	1	-0.570	 NA 	 109		 NA	
rs535304       	18833661	1	-0.340	 NA 	 110		 NA	
rs4764415      	18838836	1	-0.634	 NA 	 111		 NA	
rs11044247     	18838947	1	-0.462	 NA 	 112		 NA	
rs10841066     	18839235	1	-0.578	 NA 	 113		 NA	
rs2306798      	18840911	1	-0.527	 NA 	 114		 NA	
rs11835603     	18844202	1	-0.437	 NA 	 115		 NA	
rs11831012     	18844320	1	-0.437	 NA 	 116		 NA	
rs11833512     	18844536	1	-0.444	 NA 	 117		 NA	
rs77052597     	18845136	1	-0.435	 NA 	 118		 NA	
rs56209292     	18846047	1	-0.538	 NA 	 119		 NA	
rs56204895     	18846196	1	-0.540	 NA 	 120		 NA	
rs56168307     	18846211	1	-0.540	 NA 	 121		 NA	
rs68061417     	18846252	1	-0.540	 NA 	 122		 NA	
rs57221397     	18846730	1	-0.528	 NA 	 123		 NA	
rs60791323     	18846745	1	-0.540	 NA 	 124		 NA	
rs60423630     	18846781	1	-0.540	 NA 	 125		 NA	
rs11044250     	18846975	1	-0.540	 NA 	 126		 NA	
rs11044251     	18846984	1	-0.540	 NA 	 127		 NA	
rs11044252     	18847238	1	-0.408	 NA 	 128		 NA	
rs55944429     	18847380	1	-0.539	 NA 	 129		 NA	
rs73060533     	18847532	1	-0.537	 NA 	 130		 NA	
rs59015652     	18848774	1	-0.538	 NA 	 131		 NA	
rs73060538     	18848973	1	-0.529	 NA 	 132		 NA	
rs59633342     	18849644	1	-0.539	 NA 	 133		 NA	
rs58297740     	18850406	1	-0.541	 NA 	 134		 NA	
rs1471891      	18851534	1	-0.336	 NA 	 135		 NA	
rs73060542     	18852400	1	-0.411	 NA 	 136		 NA	
rs7302811      	18853472	1	-0.427	 NA 	 137		 NA	
rs4764419      	18855442	1	-0.590	 NA 	 138		 NA	
rs901528       	18856824	1	-0.531	 NA 	 139		 NA	
rs1542681      	18858372	1	-0.447	 NA 	 140		 NA	
rs1487060      	18860849	1	-0.171	 NA 	 141		 NA	
rs12831072     	18860930	1	-0.529	 NA 	 142		 NA	
rs10841070     	18861355	1	-0.529	 NA 	 143		 NA	
rs113980699    	18861914	1	-0.443	 NA 	 144		 NA	
rs10459066     	18862884	1	-0.565	 NA 	 145		 NA	
rs10459067     	18863090	1	-0.562	 NA 	 146		 NA	
rs10459068     	18863193	1	-0.570	 NA 	 147		 NA	
rs10841075     	18863652	1	-0.560	 NA 	 148		 NA	
rs111349320    	18864534	1	-0.445	 NA 	 149		 NA	
rs2035623      	18864537	1	-0.434	 NA 	 150		 NA	
rs11044264     	18867964	1	-0.434	 NA 	 151		 NA	
rs11044266     	18868668	1	-0.465	 NA 	 152		 NA	
rs10770393     	18872123	1	-0.538	 NA 	 153		 NA	
rs10841078     	18872325	1	-0.602	 NA 	 154		 NA	
rs10770394     	18873783	1	-0.609	 NA 	 155		 NA	
rs5025416      	18874224	1	-0.610	 NA 	 156		 NA	
rs2129504      	18874350	1	-0.613	 NA 	 157		 NA	
rs73056413     	18875354	1	-0.464	 NA 	 158		 NA	
rs1021266      	18875935	1	-0.544	 NA 	 159		 NA	
rs1021267      	18876001	1	-0.545	 NA 	 160		 NA	
rs73056414     	18876131	1	-0.467	 NA 	 161		 NA	
rs1487063      	18877454	1	-0.542	 NA 	 162		 NA	
rs12307562     	18877578	1	-0.541	 NA 	 163		 NA	
rs4764420      	18878016	1	-0.648	 NA 	 164		 NA	
rs12580512     	18878172	1	-0.540	 NA 	 165		 NA	
rs6486914      	18878196	1	-0.444	 NA 	 166		 NA	
rs11044267     	18878648	1	-0.528	 NA 	 167		 NA	
rs7969584      	18878737	1	-0.642	 NA 	 168		 NA	
rs1487064      	18879551	1	-0.625	 NA 	 169		 NA	
rs11044268     	18879599	1	-0.466	 NA 	 170		 NA	
rs10505831     	18879773	1	-0.404	 NA 	 171		 NA	
rs11044269     	18880637	1	-0.391	 NA 	 172		 NA	
rs4764421      	18881380	1	-0.465	 NA 	 173		 NA	
rs1027032      	18881654	1	-0.398	 NA 	 174		 NA	
rs11044270     	18882697	1	-0.487	 NA 	 175		 NA	
rs7964296      	18882763	1	-0.485	 NA 	 176		 NA	
rs11044272     	18884416	1	-0.390	 NA 	 177		 NA	
rs10770395     	18884656	1	-0.644	 NA 	 178		 NA	
rs12299000     	18885180	1	-0.228	 NA 	 179		 NA	
rs11044273     	18885831	1	-0.279	 NA 	 180		 NA	
rs76957159     	18887262	1	-0.403	 NA 	 181		 NA	
rs1906197      	18887930	1	-0.402	 NA 	 182		 NA	
rs36105713     	18888697	1	-0.354	 NA 	 183		 NA	
rs12300257     	18889149	1	-0.202	 NA 	 184		 NA	
rs7133682      	18890787	1	-0.467	 NA 	 185		 NA	
rs28660437     	18893100	1	-0.227	 NA 	 186		 NA	
rs12820098     	18894064	1	-0.310	 NA 	 187		 NA	
rs7313551      	18894844	1	-0.337	 NA 	 188		 NA	
rs11833111     	18895144	1	-0.305	 NA 	 189		 NA	
rs11831038     	18895455	1	-0.303	 NA 	 190		 NA	
rs77249317     	18895784	1	-0.306	 NA 	 191		 NA	
rs78820075     	18895842	1	-0.396	 NA 	 192		 NA	
rs16914586     	18895873	1	-0.318	 NA 	 193		 NA	
rs16914590     	18896450	1	-0.328	 NA 	 194		 NA	
rs931349       	18896652	1	-0.396	 NA 	 195		 NA	
