rs 	 chr 	 pos 	 postc 	 postrb 	 beta 	 betarb
rs77197374     	1	26834695	 0.00120 	 0.00164 	 -0.00394 	 -0.00004
rs10741113     	1	26835205	 0.00143 	 0.00170 	 0.00961 	 0.00001
rs10829023     	1	26835754	 0.00156 	 0.00201 	 -0.01277 	 -0.00002
rs10764632     	1	26836125	 0.00151 	 0.00170 	 0.00917 	 0.00001
rs7091260      	1	26837585	 0.00126 	 0.00139 	 -0.00301 	 -0.00000
rs11597181     	1	26838406	 0.00124 	 0.00136 	 0.00229 	 0.00000
rs10829024     	1	26839487	 0.00121 	 0.00136 	 -0.00337 	 0.00000
rs7096433      	1	26841700	 0.00149 	 0.00169 	 -0.00981 	 -0.00001
rs7096704      	1	26842576	 0.00123 	 0.00137 	 0.00203 	 0.00000
rs7081291      	1	26842600	 0.00129 	 0.00137 	 0.00240 	 0.00000
rs12355051     	1	26843303	 0.00130 	 0.00138 	 0.01003 	 0.00000
rs12354674     	1	26845199	 0.00129 	 0.00138 	 0.01005 	 0.00000
rs10741114     	1	26845247	 0.00138 	 0.00168 	 0.00804 	 0.00001
rs10764633     	1	26845653	 0.00130 	 0.00137 	 0.00213 	 0.00000
rs11015175     	1	26846518	 0.00137 	 0.00202 	 0.01243 	 0.00006
rs7899859      	1	26850059	 0.00120 	 0.00145 	 -0.00498 	 -0.00000
rs1539407      	1	26855327	 0.00111 	 0.00163 	 -0.00130 	 -0.00001
rs787016       	1	26861229	 0.00129 	 0.00141 	 -0.00365 	 -0.00000
rs17669071     	1	26866377	 0.00119 	 0.00142 	 0.00102 	 0.00000
rs11814809     	1	26867093	 0.00118 	 0.00142 	 0.00125 	 0.00000
rs11815280     	1	26867795	 0.00174 	 0.00228 	 -0.02077 	 -0.00002
rs74128368     	1	26871852	 0.00119 	 0.00170 	 0.00041 	 0.00001
rs7897115      	1	26874458	 0.00118 	 0.00145 	 0.00502 	 0.00000
rs4749165      	1	26875066	 0.00121 	 0.00137 	 0.00268 	 0.00000
rs6482566      	1	26876272	 0.00110 	 0.00132 	 -0.00358 	 -0.00000
rs16927137     	1	26876804	 0.00128 	 0.00147 	 0.00868 	 0.00000
rs1815724      	1	26880857	 0.00108 	 0.00133 	 -0.00045 	 -0.00000
rs4749167      	1	26881718	 0.00118 	 0.00135 	 -0.00286 	 -0.00000
rs72788603     	1	26881968	 0.00170 	 0.00211 	 0.01642 	 0.00002
rs7078123      	1	26913852	 0.00111 	 0.00135 	 -0.00106 	 -0.00000
rs4747572      	1	26920259	 0.00128 	 0.00152 	 0.00675 	 0.00000
rs112827465    	1	26961004	 0.00254 	 0.00303 	 0.02368 	 0.00003
rs10829053     	1	26992105	 0.00213 	 0.00249 	 -0.02177 	 -0.00002
rs7090448      	1	26992283	 0.00206 	 0.00242 	 -0.02024 	 -0.00002
rs1780183      	1	26992715	 0.00130 	 0.00145 	 -0.00829 	 -0.00000
rs2477294      	1	26992935	 0.00129 	 0.00145 	 -0.00923 	 -0.00000
rs74985049     	1	26992953	 0.00199 	 0.00247 	 -0.01810 	 -0.00005
rs12252759     	1	26993037	 0.00201 	 0.00223 	 -0.01122 	 -0.00002
rs11015236     	1	26993080	 0.00192 	 0.00259 	 -0.00959 	 0.00005
rs1780194      	1	26993191	 0.00131 	 0.00185 	 -0.00786 	 0.00002
rs1677729      	1	26993961	 0.00126 	 0.00162 	 -0.00226 	 -0.00001
rs2477296      	1	26994732	 0.00136 	 0.00163 	 -0.00583 	 -0.00001
rs12245888     	1	26995048	 0.00194 	 0.00222 	 -0.00931 	 -0.00002
rs11015237     	1	26995255	 0.00198 	 0.00226 	 -0.01364 	 -0.00002
rs11015238     	1	26995422	 0.00216 	 0.00249 	 -0.01840 	 -0.00003
rs7100835      	1	26996517	 0.00197 	 0.00227 	 -0.01497 	 -0.00002
rs72797950     	1	26996592	 0.00231 	 0.00262 	 -0.02396 	 -0.00003
rs11015239     	1	26997043	 0.00201 	 0.00246 	 -0.01496 	 -0.00005
rs1748358      	1	26997972	 0.00125 	 0.00140 	 0.01163 	 -0.00000
rs56290865     	1	27003042	 0.00244 	 0.00299 	 -0.02633 	 -0.00002
rs11015244     	1	27004841	 0.00225 	 0.00289 	 -0.02352 	 -0.00006
rs2477300      	1	27006263	 0.00138 	 0.00177 	 0.00118 	 -0.00001
rs1780196      	1	27009334	 0.00148 	 0.00158 	 -0.02038 	 -0.00001
rs2448106      	1	27010069	 0.00145 	 0.00156 	 -0.02163 	 -0.00001
rs2489552      	1	27010096	 0.00148 	 0.00174 	 -0.01259 	 -0.00003
rs2489551      	1	27011296	 0.00144 	 0.00156 	 -0.01771 	 -0.00001
rs2489550      	1	27011355	 0.00135 	 0.00195 	 -0.01468 	 -0.00000
rs11015250     	1	27012096	 0.00173 	 0.00236 	 -0.01192 	 0.00001
rs1197423      	1	27013715	 0.00133 	 0.00210 	 -0.00780 	 -0.00004
rs4749184      	1	27020568	 0.00153 	 0.00192 	 0.02989 	 0.00004
rs2448111      	1	27021006	 0.00144 	 0.00172 	 0.02355 	 0.00001
rs11015253     	1	27023882	 0.00206 	 0.00255 	 -0.01316 	 -0.00002
rs3802609      	1	27025659	 0.00138 	 0.00186 	 0.00214 	 0.00001
rs6482572      	1	27030204	 0.00144 	 0.00186 	 0.00009 	 0.00000
rs79286440     	1	27030431	 0.00140 	 0.00184 	 -0.00096 	 0.00000
rs10764638     	1	27031214	 0.00156 	 0.00227 	 -0.00874 	 0.00001
rs6482573      	1	27033193	 0.00190 	 0.00278 	 0.00506 	 0.00002
rs11015260     	1	27034224	 0.00658 	 0.00643 	 0.03356 	 0.00013
rs7923912      	1	27034247	 0.00490 	 0.00574 	 0.03037 	 0.00007
rs10741117     	1	27034320	 0.00177 	 0.00244 	 -0.00967 	 -0.00000
rs11015261     	1	27034322	 0.00829 	 0.00973 	 0.05025 	 0.00024
rs3802612      	1	27037893	 0.00192 	 0.00208 	 -0.01296 	 -0.00000
rs7078094      	1	27038916	 0.00798 	 0.00858 	 0.05246 	 0.00025
rs7078119      	1	27038969	 0.00203 	 0.00282 	 -0.01462 	 -0.00002
rs7078227      	1	27038983	 0.00190 	 0.00284 	 -0.00610 	 -0.00003
rs16927314     	1	27039151	 0.00431 	 0.00529 	 0.02910 	 0.00001
rs2368184      	1	27039517	 0.00183 	 0.00231 	 -0.01456 	 -0.00001
rs10764639     	1	27039844	 0.00195 	 0.00213 	 -0.00280 	 -0.00001
rs11015265     	1	27042917	 0.00454 	 0.00529 	 0.02858 	 0.00008
rs2368185      	1	27044049	 0.00203 	 0.00233 	 -0.02239 	 -0.00001
rs1031858      	1	27045387	 0.00203 	 0.00250 	 -0.03229 	 -0.00001
rs1998634      	1	27047593	 0.00191 	 0.00230 	 -0.01805 	 -0.00001
rs1998632      	1	27047739	 0.00187 	 0.00220 	 -0.01287 	 -0.00000
rs1998631      	1	27047820	 0.00192 	 0.00249 	 -0.00831 	 -0.00002
rs16927324     	1	27048470	 0.00451 	 0.00587 	 0.02523 	 0.00014
rs12416171     	1	27050961	 0.00462 	 0.00528 	 0.02329 	 0.00009
rs11015272     	1	27053990	 0.00863 	 0.00924 	 0.03723 	 0.00010
rs7915128      	1	27054375	 0.00196 	 0.00265 	 -0.02191 	 0.00001
rs6482574      	1	27055896	 0.00427 	 0.00506 	 0.02205 	 0.00007
rs1324637      	1	27059608	 0.00203 	 0.00326 	 -0.05938 	 -0.00019
rs117156395    	1	27062393	 0.00874 	 0.00948 	 0.05043 	 0.00019
rs117741982    	1	27063077	 0.00897 	 0.01051 	 0.05285 	 0.00026
rs17754347     	1	27063358	 0.00837 	 0.00883 	 0.03255 	 0.00017
rs78973287     	1	27063764	 0.00709 	 0.00809 	 0.01669 	 0.00002
rs11015279     	1	27064648	 0.00897 	 0.00949 	 0.05069 	 0.00019
rs10764641     	1	27069902	 0.00196 	 0.00269 	 0.03747 	 0.00007
rs7907630      	1	27070290	 0.00192 	 0.00226 	 0.00380 	 0.00002
rs10829063     	1	27071565	 0.00191 	 0.00228 	 -0.00863 	 -0.00018
rs10829064     	1	27072989	 0.00189 	 0.00307 	 0.02170 	 0.00014
rs10741118     	1	27074012	 0.00303 	 0.00354 	 -0.02042 	 -0.00003
rs10741119     	1	27075473	 0.00168 	 0.00226 	 -0.00032 	 -0.00001
rs148697855    	1	27084052	 0.00858 	 0.00863 	 0.04240 	 0.00015
rs10741121     	1	27085818	 0.00192 	 0.00207 	 0.01089 	 0.00001
rs7094688      	1	27090454	 0.00971 	 0.01106 	 0.06947 	 0.00044
rs10764643     	1	27094095	 0.00186 	 0.00258 	 0.00900 	 0.00019
rs10764644     	1	27094249	 0.12060 	 0.12470 	 0.10765 	 0.00678
rs1542553      	1	27096068	 0.00201 	 0.00210 	 0.04538 	 0.00001
rs10764645     	1	27096928	 0.12056 	 0.12249 	 0.10696 	 0.00616
rs12243481     	1	27097481	 0.11941 	 0.11654 	 0.10945 	 0.00660
rs1543849      	1	27099870	 0.00181 	 0.00231 	 0.00855 	 0.00007
rs10829071     	1	27101718	 0.00188 	 0.00227 	 -0.00718 	 -0.00000
rs4747575      	1	27102522	 0.00189 	 0.00254 	 -0.00689 	 -0.00001
rs3916988      	1	27102957	 0.00192 	 0.00247 	 -0.00359 	 0.00003
rs11015305     	1	27104745	 0.00924 	 0.00939 	 0.05721 	 0.00023
rs12256219     	1	27106219	 0.12220 	 0.12043 	 0.11452 	 0.00654
rs11015309     	1	27106807	 0.00927 	 0.00970 	 0.06154 	 0.00023
rs4581345      	1	27107044	 0.00299 	 0.00341 	 -0.02073 	 -0.00003
rs11015314     	1	27108147	 0.00949 	 0.01028 	 0.06142 	 0.00051
rs147578045    	1	27110597	 0.00972 	 0.01026 	 0.06265 	 0.00035
rs10829076     	1	27110648	 0.13402 	 0.14208 	 0.12576 	 0.00935
rs2148112      	1	27111539	 0.00220 	 0.00299 	 0.01126 	 0.00001
rs72629732     	1	27114543	 0.00610 	 0.00688 	 -0.03993 	 -0.00016
rs9664597      	1	27116164	 0.01658 	 0.01744 	 -0.05201 	 -0.00053
rs7923125      	1	27116701	 0.00977 	 0.00991 	 0.06761 	 0.00031
rs10829077     	1	27117701	 0.02626 	 0.02705 	 0.01890 	 0.00066
rs11015320     	1	27118227	 0.00940 	 0.00984 	 0.06497 	 0.00024
rs2182293      	1	27119082	 0.00205 	 0.00274 	 0.02952 	 0.00004
rs11015321     	1	27119122	 0.01015 	 0.01021 	 0.06415 	 0.00033
rs2148110      	1	27119145	 0.00206 	 0.00250 	 0.03801 	 -0.00002
rs9804395      	1	27120097	 0.02708 	 0.03125 	 0.03272 	 0.00053
rs9804398      	1	27120278	 0.00272 	 0.00356 	 -0.01686 	 -0.00002
rs9804217      	1	27120331	 0.02670 	 0.02713 	 0.03772 	 0.00027
rs10764646     	1	27120378	 0.02683 	 0.02753 	 0.03430 	 0.00041
rs10764647     	1	27120459	 0.02706 	 0.02745 	 0.03849 	 0.00042
rs7097837      	1	27121114	 0.03101 	 0.02901 	 0.10274 	 0.00189
rs7082825      	1	27121329	 0.00247 	 0.00307 	 0.01860 	 0.00005
rs7082828      	1	27121339	 0.00198 	 0.00247 	 -0.00251 	 -0.00002
rs7914180      	1	27121796	 0.00931 	 0.00921 	 0.06453 	 0.00030
rs10829078     	1	27122316	 0.02571 	 0.02587 	 0.01402 	 0.00065
rs17754556     	1	27122790	 0.02547 	 0.02688 	 0.02185 	 -0.00046
rs718826       	1	27123281	 0.02573 	 0.02835 	 0.02687 	 0.00035
rs718825       	1	27123333	 0.02543 	 0.02813 	 0.02601 	 0.00029
rs10764648     	1	27123468	 0.02562 	 0.02711 	 0.05179 	 0.00020
rs10829080     	1	27123769	 0.02561 	 0.02413 	 0.02931 	 0.00054
rs11015324     	1	27123875	 0.02585 	 0.02476 	 0.02449 	 0.00054
rs10829081     	1	27124448	 0.02626 	 0.02402 	 0.03139 	 0.00045
rs12356134     	1	27124623	 0.00944 	 0.01064 	 0.06387 	 0.00038
rs11015327     	1	27124755	 0.03238 	 0.03276 	 0.08366 	 0.00138
rs11015328     	1	27124782	 0.02580 	 0.02728 	 0.04794 	 0.00075
rs10829082     	1	27124837	 0.02558 	 0.02216 	 0.06563 	 0.00058
rs10829084     	1	27124952	 0.02612 	 0.02855 	 0.05916 	 0.00052
rs10829086     	1	27125017	 0.02632 	 0.02781 	 0.07885 	 0.00129
rs10829087     	1	27125117	 0.02349 	 0.02662 	 -0.05248 	 -0.00107
rs7893800      	1	27125289	 0.00208 	 0.00260 	 0.01438 	 0.00002
rs10829089     	1	27126196	 0.01778 	 0.02016 	 0.00937 	 0.00003
rs12251277     	1	27126212	 0.02317 	 0.02344 	 0.07220 	 0.00077
