rs 	 chr 	 pos 	 postc 	 postrb 	 beta 	 betarb
rs10999996     	1	73537821	 0.00033 	 0.00485 	 -0.00761 	 -0.00006
rs10762480     	1	73537978	 0.00029 	 0.00436 	 -0.00214 	 -0.00005
rs7068810      	1	73544604	 0.00030 	 0.00418 	 0.00430 	 -0.00005
rs3802710      	1	73545164	 0.00031 	 0.00409 	 0.00795 	 -0.00004
rs11000000     	1	73546061	 0.00030 	 0.00387 	 -0.01107 	 -0.00004
rs35841269     	1	73546848	 0.00032 	 0.00430 	 -0.00292 	 -0.00005
rs10823845     	1	73547827	 0.00033 	 0.00411 	 -0.00360 	 -0.00004
rs10466026     	1	73550969	 0.00035 	 0.00754 	 -0.01093 	 -0.00011
rs10823847     	1	73551258	 0.00039 	 0.00750 	 -0.01157 	 -0.00011
rs4747194      	1	73558886	 0.00041 	 0.00539 	 -0.01221 	 -0.00007
rs72802193     	1	73565278	 0.00106 	 0.00852 	 0.04332 	 0.00018
rs10762482     	1	73578159	 0.00033 	 0.00408 	 0.00254 	 -0.00004
rs749823       	1	73578672	 0.00032 	 0.00403 	 0.00292 	 -0.00004
rs11000016     	1	73579217	 0.00034 	 0.00388 	 -0.00746 	 -0.00004
rs3747860      	1	73579405	 0.00034 	 0.00406 	 0.00380 	 -0.00004
rs2070968      	1	73581560	 0.00030 	 0.00405 	 0.00033 	 -0.00004
rs727414       	1	73582781	 0.00032 	 0.00405 	 -0.00058 	 -0.00004
rs1015193      	1	73584426	 0.00069 	 0.00836 	 0.01957 	 0.00009
rs3819341      	1	73585937	 0.00037 	 0.00283 	 0.00920 	 -0.00001
rs12782637     	1	73588299	 0.00037 	 0.00323 	 0.01945 	 -0.00000
rs12413995     	1	73590657	 0.00039 	 0.00378 	 -0.01231 	 -0.00002
rs2854990      	1	73591149	 0.00041 	 0.00438 	 -0.00845 	 -0.00009
rs41306532     	1	73591829	 0.00043 	 0.00495 	 -0.00157 	 0.00002
rs6480560      	1	73593443	 0.00041 	 0.00321 	 -0.00736 	 -0.00001
rs3747855      	1	73593913	 0.00041 	 0.00478 	 -0.01236 	 -0.00004
rs3878001      	1	73594358	 0.00045 	 0.00359 	 -0.00947 	 -0.00002
rs762571       	1	73594499	 0.00032 	 0.00757 	 -0.00817 	 -0.00010
rs1811087      	1	73594891	 0.00036 	 0.00421 	 -0.00299 	 0.00007
rs1867981      	1	73595221	 0.00046 	 0.01006 	 -0.01051 	 -0.00016
rs56041351     	1	73595738	 0.00038 	 0.00316 	 -0.00279 	 -0.00001
rs7905774      	1	73596364	 0.00052 	 0.00460 	 0.02136 	 0.00006
rs720295       	1	73597352	 0.00041 	 0.00383 	 -0.01866 	 -0.00002
rs728289       	1	73597960	 0.00038 	 0.00318 	 -0.00550 	 -0.00001
rs7350390      	1	73598904	 0.00031 	 0.00269 	 0.00660 	 0.00001
rs28535035     	1	73599428	 0.00037 	 0.00270 	 0.00783 	 -0.00001
rs7899959      	1	73600316	 0.00045 	 0.00377 	 -0.02768 	 -0.00003
rs61853692     	1	73600504	 0.00040 	 0.00323 	 -0.01040 	 -0.00002
rs58647707     	1	73601274	 0.00048 	 0.00631 	 -0.01748 	 -0.00004
rs11813373     	1	73601730	 0.00039 	 0.00322 	 -0.00607 	 -0.00001
rs9665661      	1	73602240	 0.00043 	 0.00382 	 -0.01990 	 -0.00002
rs9663508      	1	73602452	 0.00033 	 0.00274 	 0.00230 	 -0.00001
rs11596365     	1	73604537	 0.00035 	 0.00280 	 -0.00856 	 -0.00001
rs10823852     	1	73605140	 0.00054 	 0.00443 	 0.01703 	 0.00005
rs7922255      	1	73605490	 0.00041 	 0.00277 	 -0.00373 	 -0.00001
rs10762484     	1	73606261	 0.00034 	 0.00267 	 0.00659 	 0.00001
rs12413014     	1	73606980	 0.00047 	 0.00363 	 -0.01097 	 -0.00002
rs4747208      	1	73607210	 0.00034 	 0.00277 	 -0.00618 	 -0.00001
rs4237332      	1	73607325	 0.00039 	 0.00277 	 -0.01463 	 -0.00001
rs2394846      	1	73609059	 0.00043 	 0.00417 	 0.03287 	 0.00001
rs11592448     	1	73610055	 0.00037 	 0.00310 	 0.00123 	 -0.00001
rs2070188      	1	73610982	 0.00042 	 0.00364 	 0.01435 	 0.00003
rs6480562      	1	73615916	 0.00040 	 0.00360 	 0.01399 	 0.00003
rs6480563      	1	73616017	 0.00041 	 0.00340 	 0.01286 	 0.00002
rs11000032     	1	73619601	 0.00046 	 0.00387 	 -0.01374 	 -0.00003
rs11000035     	1	73625754	 0.00037 	 0.00373 	 -0.00257 	 -0.00003
rs36009580     	1	73627786	 0.00047 	 0.00367 	 -0.02153 	 -0.00003
rs11000044     	1	73637050	 0.00033 	 0.00308 	 -0.00747 	 -0.00001
rs10823862     	1	73649592	 0.00047 	 0.00330 	 0.01179 	 0.00002
rs11000064     	1	73655176	 0.00495 	 0.01669 	 -0.03554 	 -0.00028
rs7086891      	1	73655350	 0.00474 	 0.01725 	 -0.03603 	 -0.00029
rs4746098      	1	73655598	 0.00486 	 0.01826 	 -0.03563 	 -0.00031
rs10823867     	1	73656018	 0.00053 	 0.00351 	 0.01987 	 0.00002
rs10509340     	1	73656982	 0.00052 	 0.00351 	 0.01369 	 0.00002
rs12355186     	1	73657132	 0.00050 	 0.00347 	 0.01691 	 0.00002
rs10823868     	1	73657256	 0.00040 	 0.00312 	 0.01011 	 0.00001
rs7919590      	1	73657517	 0.00040 	 0.00310 	 0.01091 	 0.00001
rs7905071      	1	73657579	 0.00053 	 0.00346 	 0.00984 	 0.00002
rs12781096     	1	73657950	 0.00050 	 0.00347 	 0.01363 	 0.00002
rs1917830      	1	73658091	 0.00050 	 0.00347 	 0.01054 	 0.00002
rs1917829      	1	73658128	 0.00047 	 0.00353 	 0.01649 	 0.00002
rs10762490     	1	73658936	 0.00037 	 0.00275 	 0.00700 	 0.00000
rs7909860      	1	73660542	 0.00039 	 0.00269 	 0.00354 	 0.00000
rs10740392     	1	73661432	 0.00034 	 0.00269 	 -0.00437 	 0.00000
rs10823869     	1	73661682	 0.00037 	 0.00269 	 0.01977 	 0.00000
rs10823870     	1	73661842	 0.00038 	 0.00269 	 -0.00383 	 -0.00000
rs10823871     	1	73662111	 0.00034 	 0.00269 	 0.00019 	 -0.00000
rs10823872     	1	73662113	 0.00039 	 0.00269 	 -0.00468 	 -0.00000
rs10823873     	1	73662181	 0.00037 	 0.00269 	 -0.00469 	 -0.00000
rs11000077     	1	73663146	 0.00033 	 0.00257 	 0.00167 	 -0.00000
rs10823874     	1	73663739	 0.00035 	 0.00260 	 0.00174 	 0.00000
rs10823875     	1	73664067	 0.00035 	 0.00297 	 -0.00951 	 -0.00001
rs10823876     	1	73664118	 0.00034 	 0.00298 	 -0.00617 	 -0.00001
rs10762491     	1	73664284	 0.00038 	 0.00282 	 0.00720 	 0.00000
rs11000080     	1	73664826	 0.00034 	 0.00320 	 0.01457 	 0.00002
rs3924344      	1	73664839	 0.00106 	 0.00585 	 -0.02084 	 -0.00006
rs3924345      	1	73665019	 0.00097 	 0.00565 	 -0.02170 	 -0.00005
rs4747217      	1	73665651	 0.00069 	 0.00423 	 -0.01436 	 -0.00003
rs1009987      	1	73667348	 0.00169 	 0.00803 	 -0.02752 	 -0.00009
rs1009986      	1	73667572	 0.00195 	 0.01161 	 -0.03752 	 -0.00015
rs4271314      	1	73667946	 0.00144 	 0.00887 	 -0.01845 	 -0.00010
rs7089348      	1	73668168	 0.00151 	 0.00745 	 -0.01034 	 -0.00008
rs11000083     	1	73670814	 0.00035 	 0.00283 	 0.00439 	 0.00001
rs4582891      	1	73670874	 0.00180 	 0.00909 	 -0.02768 	 -0.00011
rs6480580      	1	73672150	 0.00153 	 0.00740 	 -0.02188 	 -0.00007
rs10823877     	1	73672711	 0.00038 	 0.00281 	 0.00408 	 0.00001
rs10823878     	1	73673114	 0.00037 	 0.00281 	 0.01026 	 0.00001
rs10762492     	1	73675570	 0.00159 	 0.00776 	 -0.02504 	 -0.00008
rs10823880     	1	73675614	 0.00146 	 0.00725 	 -0.02073 	 -0.00007
rs11000084     	1	73675976	 0.00034 	 0.00282 	 0.00556 	 0.00001
rs7894094      	1	73676405	 0.00162 	 0.01702 	 -0.02425 	 -0.00031
rs12356736     	1	73678535	 0.00035 	 0.00272 	 -0.01221 	 0.00000
rs73285942     	1	73678883	 0.00701 	 0.02977 	 -0.03991 	 -0.00061
rs56786630     	1	73684106	 0.00037 	 0.00307 	 -0.00217 	 0.00000
rs7070491      	1	73685302	 0.00331 	 0.02115 	 -0.02955 	 -0.00034
rs11000087     	1	73685303	 0.00032 	 0.00309 	 -0.00641 	 -0.00000
rs72804060     	1	73685359	 0.00044 	 0.00502 	 0.00022 	 0.00007
rs11000090     	1	73686875	 0.00062 	 0.00348 	 0.03257 	 0.00003
rs7095505      	1	73686961	 0.00351 	 0.01843 	 -0.03291 	 -0.00028
rs7095640      	1	73687049	 0.00044 	 0.00355 	 -0.00522 	 -0.00001
rs113919650    	1	73689247	 0.00053 	 0.00308 	 -0.01100 	 -0.00001
rs10823882     	1	73689875	 0.00050 	 0.00433 	 -0.01021 	 -0.00012
rs7084831      	1	73690205	 0.00044 	 0.00367 	 -0.01032 	 -0.00002
rs4581366      	1	73690471	 0.00046 	 0.00367 	 -0.01918 	 -0.00002
rs4393235      	1	73690834	 0.00045 	 0.00388 	 -0.01019 	 -0.00002
rs76404869     	1	73691623	 0.00047 	 0.00416 	 -0.00748 	 -0.00003
rs79203202     	1	73691908	 0.00059 	 0.00332 	 0.02299 	 0.00002
rs4747220      	1	73692412	 0.00047 	 0.00368 	 -0.01299 	 -0.00002
rs4747222      	1	73692494	 0.00053 	 0.00368 	 -0.00889 	 -0.00002
rs111427091    	1	73692876	 0.00049 	 0.00311 	 -0.01376 	 -0.00001
rs7099077      	1	73692981	 0.00046 	 0.00369 	 -0.01603 	 -0.00002
rs7098756      	1	73692985	 0.00050 	 0.00370 	 -0.01399 	 -0.00002
rs11000101     	1	73693728	 0.00047 	 0.00368 	 -0.00171 	 -0.00002
rs74459528     	1	73693830	 0.00057 	 0.00336 	 0.01561 	 0.00003
rs72804075     	1	73694764	 0.00045 	 0.00369 	 -0.01736 	 -0.00002
rs112010193    	1	73695143	 0.00052 	 0.00337 	 0.01801 	 0.00003
rs112368548    	1	73695526	 0.00056 	 0.00327 	 0.02449 	 0.00002
rs116926439    	1	73695651	 0.00034 	 0.00313 	 -0.00549 	 -0.00000
rs72804082     	1	73695904	 0.00046 	 0.00369 	 -0.01315 	 -0.00002
rs11000103     	1	73696947	 0.00047 	 0.00371 	 -0.01508 	 -0.00002
rs11000104     	1	73697158	 0.00044 	 0.00344 	 -0.01775 	 -0.00002
rs7086624      	1	73699145	 0.00047 	 0.00319 	 -0.00203 	 -0.00001
rs11000105     	1	73699506	 0.00045 	 0.00393 	 -0.01475 	 -0.00002
rs11000106     	1	73699556	 0.00049 	 0.00546 	 -0.01837 	 -0.00006
rs61852219     	1	73700561	 0.00130 	 0.00611 	 -0.02470 	 -0.00006
rs10823884     	1	73700864	 0.00042 	 0.00377 	 -0.01406 	 -0.00002
