chr	rs	ps	n_miss	alpha	beta	gamma
1	rs6545928	62592120	0	0.000000e+00	3.998673e-03	6.800000e-04
1	rs3922971	62598031	0	0.000000e+00	1.902943e-03	5.300000e-04
1	rs6755155	62602378	0	0.000000e+00	-2.990602e-03	4.700000e-04
1	rs6755181	62602424	0	0.000000e+00	1.563343e-03	5.100000e-04
1	rs12995151	62602438	0	0.000000e+00	1.362328e-03	5.200000e-04
1	rs9751083	62602920	0	0.000000e+00	4.148048e-03	6.300000e-04
1	rs6759654	62603629	0	0.000000e+00	6.711574e-04	5.500000e-04
1	rs7568056	62605427	0	0.000000e+00	5.162192e-03	6.700000e-04
1	rs67712041	62605869	0	0.000000e+00	6.840759e-03	5.300000e-04
1	rs11679660	62606635	0	0.000000e+00	4.936877e-03	5.800000e-04
1	rs11673860	62606781	0	0.000000e+00	1.005223e-02	5.800000e-04
1	rs4401198	62607138	0	0.000000e+00	6.944535e-03	5.600000e-04
1	rs6715590	62608098	0	0.000000e+00	2.206666e-03	6.500000e-04
1	rs13026691	62608474	0	0.000000e+00	6.165386e-03	5.400000e-04
1	rs11125916	62609378	0	0.000000e+00	1.784120e-02	8.100000e-04
1	rs6545929	62610179	0	0.000000e+00	1.459070e-02	8.500000e-04
1	rs6737838	62610777	0	0.000000e+00	7.801204e-03	5.600000e-04
1	rs6709579	62610937	0	0.000000e+00	1.925781e-02	9.100000e-04
1	rs6713620	62612045	0	0.000000e+00	9.646476e-03	6.400000e-04
1	rs12616942	62612674	0	0.000000e+00	1.201199e-02	6.300000e-04
1	rs12617013	62612908	0	0.000000e+00	1.756345e-02	7.700000e-04
1	rs11893909	62613073	0	0.000000e+00	2.159577e-02	8.600000e-04
1	rs11125917	62613293	0	0.000000e+00	1.439485e-02	9.600000e-04
1	rs4611630	62613467	0	0.000000e+00	1.140602e-02	7.900000e-04
1	rs4502391	62613500	0	0.000000e+00	1.760644e-02	9.700000e-04
1	rs4375851	62613501	0	0.000000e+00	1.886116e-02	9.300000e-04
1	rs4359635	62613628	0	0.000000e+00	1.998102e-02	9.500000e-04
1	rs7572248	62613976	0	0.000000e+00	2.109646e-02	8.600000e-04
1	rs11893236	62614525	0	0.000000e+00	1.418026e-02	6.900000e-04
1	rs11887689	62614675	0	0.000000e+00	1.629033e-02	8.200000e-04
1	rs11898467	62614795	0	0.000000e+00	1.513584e-02	6.500000e-04
1	rs11898473	62614815	0	0.000000e+00	2.193113e-02	8.600000e-04
1	rs72899532	62615124	0	0.000000e+00	1.944500e-02	7.300000e-04
1	rs79950782	62615139	0	0.000000e+00	1.741329e-02	7.600000e-04
1	rs79387404	62615244	0	0.000000e+00	2.025042e-02	7.600000e-04
1	rs34629022	62615263	0	0.000000e+00	1.278613e-02	5.900000e-04
1	rs7586079	62615684	0	0.000000e+00	1.821112e-02	9.500000e-04
1	rs7559519	62615701	0	0.000000e+00	1.717748e-02	9.300000e-04
1	rs11690771	62615849	0	0.000000e+00	1.470039e-02	8.400000e-04
1	rs11679733	62615880	0	0.000000e+00	1.745777e-02	8.200000e-04
1	rs12104939	62616113	0	0.000000e+00	1.061027e-02	8.200000e-04
1	rs34659852	62616186	0	0.000000e+00	1.587670e-02	9.300000e-04
1	rs146875043	62616430	0	0.000000e+00	1.800432e-02	9.900000e-04
1	rs6727115	62616541	0	0.000000e+00	1.398693e-02	8.900000e-04
1	rs6743832	62617142	0	0.000000e+00	1.580326e-02	8.800000e-04
1	rs11682865	62617796	0	0.000000e+00	2.026099e-02	1.020000e-03
1	rs6744778	62617964	0	0.000000e+00	1.840215e-02	8.900000e-04
1	rs6545934	62618959	0	0.000000e+00	2.052934e-02	9.500000e-04
1	rs72805544	62665571	0	0.000000e+00	-6.635525e-02	1.692000e-02
1	rs4350731	62699790	0	0.000000e+00	-5.080927e-02	3.286000e-02
1	rs79766835	62710273	0	0.000000e+00	7.295979e-02	2.520000e-03
1	rs78408772	62710608	0	0.000000e+00	8.290336e-02	3.010000e-03
1	rs62178011	62724451	0	0.000000e+00	-5.044255e-02	9.620000e-03
1	rs10200802	62724752	0	0.000000e+00	-3.631143e-02	6.100000e-03
1	rs62178012	62724915	0	0.000000e+00	-5.053799e-02	1.685000e-02
1	rs10191428	62725407	0	0.000000e+00	6.562642e-02	3.090000e-03
1	rs13388903	62726068	0	0.000000e+00	4.060078e-02	2.640000e-03
1	rs7425836	62726166	0	0.000000e+00	-4.917162e-02	7.050000e-03
1	rs13389363	62726509	0	0.000000e+00	4.816379e-02	2.260000e-03
1	rs72805586	62726887	0	0.000000e+00	-4.808294e-02	6.970000e-03
1	rs7582882	62727154	0	0.000000e+00	3.829337e-02	2.550000e-03
1	rs11678340	62727363	0	0.000000e+00	-1.866373e-02	1.120000e-03
1	rs4233979	62727902	0	0.000000e+00	1.220293e-01	9.781000e-01
1	rs73934253	62728740	0	0.000000e+00	5.620690e-02	2.720000e-03
1	rs6756655	62729297	0	0.000000e+00	-1.457572e-02	8.500000e-04
1	rs4672527	62729674	0	0.000000e+00	-5.012601e-02	2.980000e-03
1	rs4672528	62730048	0	0.000000e+00	-6.732493e-02	2.870000e-03
1	rs36006708	62730126	0	0.000000e+00	-1.665248e-02	8.500000e-04
1	rs6745280	62730222	0	0.000000e+00	-5.044394e-02	2.930000e-03
1	rs62178013	62730325	0	0.000000e+00	-4.934474e-02	7.020000e-03
1	rs11903221	62730506	0	0.000000e+00	-4.420623e-02	2.740000e-03
1	rs62178014	62730628	0	0.000000e+00	-4.834178e-02	6.630000e-03
1	rs13035295	62731070	0	0.000000e+00	-3.106601e-02	2.550000e-03
1	rs72805589	62731270	0	0.000000e+00	-1.573307e-02	8.700000e-04
1	rs4286259	62732614	0	0.000000e+00	-5.435169e-02	2.700000e-03
1	rs17854454	62733189	0	0.000000e+00	-1.271138e-02	7.400000e-04
1	rs11692210	62734185	0	0.000000e+00	-1.907316e-02	7.700000e-04
1	rs4514865	62734943	0	0.000000e+00	-1.720854e-02	8.800000e-04
1	rs66636810	62735882	0	0.000000e+00	-1.596382e-02	8.900000e-04
1	rs62178019	62736084	0	0.000000e+00	-4.984348e-02	9.180000e-03
1	rs72805590	62737506	0	0.000000e+00	-1.726730e-02	7.900000e-04
1	rs12998202	62738577	0	0.000000e+00	-1.172025e-02	8.000000e-04
1	rs4405748	62739135	0	0.000000e+00	-1.535460e-02	1.980000e-03
1	rs4075354	62739707	0	0.000000e+00	-1.977209e-02	8.500000e-04
1	rs12622031	62741388	0	0.000000e+00	1.742206e-02	8.300000e-04
1	rs28545369	62742085	0	0.000000e+00	-4.486189e-02	5.110000e-03
1	rs28805615	62742576	0	0.000000e+00	-5.064548e-02	9.240000e-03
1	rs62178021	62742728	0	0.000000e+00	-5.205739e-02	9.710000e-03
1	rs4479417	62744830	0	0.000000e+00	-4.587845e-02	5.700000e-03
1	rs137898431	62745024	0	0.000000e+00	-4.951868e-02	7.850000e-03
1	rs77187027	62745118	0	0.000000e+00	-4.829409e-02	7.090000e-03
1	rs4484026	62745197	0	0.000000e+00	-5.070917e-02	8.500000e-03
1	rs147820827	62745762	0	0.000000e+00	1.489147e-02	8.300000e-04
1	rs146373565	62746438	0	0.000000e+00	2.426170e-02	1.410000e-03
1	rs183310573	62747214	0	0.000000e+00	-4.659489e-02	5.890000e-03
1	rs140661696	62748141	0	0.000000e+00	-4.312889e-02	4.390000e-03
1	rs149600610	62748161	0	0.000000e+00	-4.472034e-02	5.770000e-03
1	rs115480908	62748190	0	0.000000e+00	-4.556553e-02	5.860000e-03
1	rs4672530	62748319	0	0.000000e+00	-1.566764e-02	2.050000e-03
1	rs13404899	62748380	0	0.000000e+00	-4.577448e-02	5.330000e-03
1	rs72805599	62750141	0	0.000000e+00	-4.698679e-02	5.440000e-03
1	rs12622342	62750220	0	0.000000e+00	1.833164e-02	8.700000e-04
1	rs62178038	62751095	0	0.000000e+00	-4.119641e-02	4.800000e-03
1	rs6545950	62751619	0	0.000000e+00	1.689347e-02	1.010000e-03
1	rs13035483	62752277	0	0.000000e+00	-1.376480e-02	8.300000e-04
1	rs17575198	62752798	0	0.000000e+00	-4.559363e-02	4.420000e-03
1	rs11125927	62752975	0	0.000000e+00	2.600509e-02	2.020000e-03
1	rs17575232	62753357	0	0.000000e+00	-4.376682e-02	4.460000e-03
1	rs17575260	62753487	0	0.000000e+00	-4.150670e-02	4.360000e-03
1	rs116462490	62754113	0	0.000000e+00	6.645822e-03	6.700000e-04
1	rs77866671	62754146	0	0.000000e+00	1.310401e-02	8.800000e-04
1	rs75629441	62754206	0	0.000000e+00	8.392730e-04	7.600000e-04
1	rs12471388	62754382	0	0.000000e+00	2.865553e-03	1.190000e-03
1	rs6726083	62756049	0	0.000000e+00	1.061823e-02	1.410000e-03
1	rs10496097	62757393	0	0.000000e+00	-3.011317e-02	1.590000e-03
1	rs1997247	62757555	0	0.000000e+00	2.322400e-02	1.080000e-03
1	rs4494727	62757683	0	0.000000e+00	9.588239e-03	1.230000e-03
1	rs17025438	62757790	0	0.000000e+00	-3.433584e-02	1.720000e-03
1	rs4490165	62757985	0	0.000000e+00	2.936374e-02	1.830000e-03
1	rs6752833	62758620	0	0.000000e+00	2.456074e-02	1.550000e-03
1	rs6708968	62758756	0	0.000000e+00	3.066751e-02	1.460000e-03
1	rs13429359	62760555	0	0.000000e+00	-1.366819e-02	1.320000e-03
1	rs901532	62763347	0	0.000000e+00	-2.337994e-02	1.260000e-03
1	rs11676135	62768351	0	0.000000e+00	-3.064174e-02	1.610000e-03
1	rs12613959	62769988	0	0.000000e+00	-2.157583e-02	1.280000e-03
1	rs17025634	62773092	0	0.000000e+00	-3.075739e-02	1.620000e-03
1	rs4672533	62788692	0	0.000000e+00	3.791608e-02	6.780000e-03
1	rs17025780	62790823	0	0.000000e+00	-6.561845e-03	8.100000e-04
1	rs11689464	62792082	0	0.000000e+00	-1.976363e-02	1.030000e-03
1	rs17025794	62793191	0	0.000000e+00	1.013226e-02	7.600000e-04
1	rs76778776	62798363	0	0.000000e+00	3.477924e-03	6.500000e-04
1	rs12691187	62804436	0	0.000000e+00	-4.742912e-02	2.088000e-02
1	rs12713462	62804482	0	0.000000e+00	-2.628594e-02	1.660000e-03
1	rs17025954	62805224	0	0.000000e+00	-1.500375e-05	8.100000e-04
1	rs10496099	62805902	0	0.000000e+00	-1.257976e-02	8.000000e-04
1	rs9636442	62806286	0	0.000000e+00	-4.763062e-02	2.309000e-02
1	rs1906202	62806359	0	0.000000e+00	-4.796497e-02	2.390000e-02
1	rs1906201	62806373	0	0.000000e+00	-4.816404e-02	2.306000e-02
1	rs1906200	62806598	0	0.000000e+00	-4.670975e-02	2.158000e-02
1	rs1406002	62807091	0	0.000000e+00	-2.560899e-02	1.680000e-03
