chr	rs	ps	n_miss	alpha	beta	gamma
1	rs5021865	2585814	0	0.000000e+00	-1.533471e-02	6.000000e-04
1	rs4428693	2586382	0	0.000000e+00	-8.843785e-03	4.400000e-04
1	rs6558681	2586394	0	0.000000e+00	-3.257236e-03	4.800000e-04
1	rs6558682	2586464	0	0.000000e+00	-5.376687e-03	4.300000e-04
1	rs6993235	2587648	0	0.000000e+00	1.970838e-03	4.500000e-04
1	rs62490172	2588443	0	0.000000e+00	-3.249815e-03	3.600000e-04
1	rs4623454	2589793	0	0.000000e+00	1.087182e-02	3.800000e-04
1	rs7827228	2589993	0	0.000000e+00	-6.047260e-04	3.000000e-04
1	rs4457357	2590103	0	0.000000e+00	1.533108e-02	6.600000e-04
1	rs6982142	2590639	0	0.000000e+00	1.991866e-02	6.000000e-04
1	rs6981160	2590819	0	0.000000e+00	1.730082e-02	5.100000e-04
1	rs7007281	2621859	0	0.000000e+00	8.374004e-03	6.900000e-04
1	rs4642676	2622767	0	0.000000e+00	2.808312e-02	1.330000e-03
1	rs4412393	2622860	0	0.000000e+00	1.876714e-02	8.200000e-04
1	rs7002095	2624454	0	0.000000e+00	2.032059e-02	9.300000e-04
1	rs7003361	2624560	0	0.000000e+00	8.512799e-03	6.400000e-04
1	rs10091798	2624635	0	0.000000e+00	2.571068e-02	9.100000e-04
1	rs10091989	2624821	0	0.000000e+00	2.368663e-02	9.200000e-04
1	rs1542372	2625240	0	0.000000e+00	6.973196e-03	6.300000e-04
1	rs969477	2626159	0	0.000000e+00	2.199401e-02	7.000000e-04
1	rs17833845	2626600	0	0.000000e+00	1.426485e-02	6.300000e-04
1	rs6987587	2629108	0	0.000000e+00	5.482545e-03	8.300000e-04
1	rs11998286	2630182	0	0.000000e+00	1.152418e-02	6.500000e-04
1	rs58650703	2631495	0	0.000000e+00	7.186581e-03	6.700000e-04
1	rs6980620	2633046	0	0.000000e+00	1.074954e-02	6.500000e-04
1	rs13340633	2633538	0	0.000000e+00	3.099630e-03	7.100000e-04
1	rs13340631	2633637	0	0.000000e+00	7.431246e-03	5.600000e-04
1	rs13340632	2633681	0	0.000000e+00	1.139913e-02	5.900000e-04
1	rs7009783	2634201	0	0.000000e+00	1.965346e-02	5.200000e-04
1	rs4394423	2634697	0	0.000000e+00	8.680661e-03	6.100000e-04
1	rs9969671	2635020	0	0.000000e+00	-5.107819e-04	5.600000e-04
1	rs9314465	2635152	0	0.000000e+00	1.165298e-02	6.100000e-04
1	rs9314466	2635201	0	0.000000e+00	5.768616e-03	5.700000e-04
1	rs9314467	2635509	0	0.000000e+00	5.161594e-03	5.000000e-04
1	rs2924902	2636743	0	0.000000e+00	1.920287e-02	7.000000e-04
1	rs2924900	2636961	0	0.000000e+00	2.276478e-02	6.300000e-04
1	rs77113523	2637712	0	0.000000e+00	2.242893e-02	7.900000e-04
1	rs2924896	2639448	0	0.000000e+00	1.610215e-02	6.100000e-04
1	rs80038253	2641921	0	0.000000e+00	2.413073e-03	9.300000e-04
1	rs77079843	2643788	0	0.000000e+00	2.549041e-02	7.500000e-04
1	rs2124154	2643793	0	0.000000e+00	1.431145e-02	6.600000e-04
1	rs12114092	2645891	0	0.000000e+00	2.619356e-02	8.400000e-04
1	rs12114410	2645926	0	0.000000e+00	3.547359e-02	1.420000e-03
1	rs116074621	2647262	0	0.000000e+00	2.104613e-02	1.000000e-03
1	rs73503034	2647452	0	0.000000e+00	3.518076e-02	7.800000e-04
1	rs11996865	2650567	0	0.000000e+00	1.413747e-02	8.700000e-04
1	rs61335795	2650814	0	0.000000e+00	1.387820e-02	7.100000e-04
1	rs74489464	2652365	0	0.000000e+00	-1.391399e-02	8.000000e-04
1	rs111410676	2652401	0	0.000000e+00	1.183345e-02	7.500000e-04
1	rs35292574	2652693	0	0.000000e+00	2.179098e-02	1.010000e-03
1	rs11991129	2652984	0	0.000000e+00	3.226989e-03	8.000000e-04
1	rs1026377	2653455	0	0.000000e+00	6.861314e-03	7.200000e-04
1	rs11991685	2657540	0	0.000000e+00	1.717464e-02	8.900000e-04
1	rs140069799	2657744	0	0.000000e+00	1.815067e-02	8.800000e-04
1	rs1378261	2659537	0	0.000000e+00	4.244860e-03	8.000000e-04
1	rs7833894	2660650	0	0.000000e+00	1.441440e-02	9.000000e-04
1	rs75172951	2661306	0	0.000000e+00	1.491203e-02	8.600000e-04
1	rs77178899	2661445	0	0.000000e+00	6.940255e-03	8.800000e-04
1	rs78234986	2675173	0	0.000000e+00	-2.288399e-02	7.400000e-04
1	rs76397102	2679925	0	0.000000e+00	-1.738344e-02	7.500000e-04
1	rs6558692	2683775	0	0.000000e+00	-2.349606e-02	1.030000e-03
1	rs6558693	2683805	0	0.000000e+00	-2.703282e-02	1.370000e-03
1	rs2978337	2683929	0	0.000000e+00	-2.361244e-02	8.700000e-04
1	rs4876048	2693046	0	0.000000e+00	-3.417825e-02	2.140000e-03
1	rs13252666	2700581	0	0.000000e+00	-2.557920e-02	1.260000e-03
1	rs17694897	2701640	0	0.000000e+00	-2.852352e-02	1.470000e-03
1	rs2924879	2702216	0	0.000000e+00	-3.075605e-02	1.450000e-03
1	rs2924878	2702789	0	0.000000e+00	-2.353722e-02	1.220000e-03
1	rs2978315	2703064	0	0.000000e+00	-5.739888e-03	1.000000e-03
1	rs7844440	2703068	0	0.000000e+00	9.094378e-04	4.400000e-04
1	rs67591681	2703440	0	0.000000e+00	-4.273418e-03	3.700000e-04
1	rs13274535	2703712	0	0.000000e+00	-4.618307e-03	3.800000e-04
1	rs17694927	2703841	0	0.000000e+00	-1.479297e-02	5.900000e-04
1	rs2924876	2703866	0	0.000000e+00	-3.909278e-02	1.150000e-03
1	rs17078711	2704274	0	0.000000e+00	-7.869547e-03	4.000000e-04
1	rs2978314	2704538	0	0.000000e+00	-2.640613e-02	1.240000e-03
1	rs2045175	2704670	0	0.000000e+00	-7.438005e-03	5.300000e-04
1	rs12543783	2705178	0	0.000000e+00	-1.737496e-02	1.050000e-03
1	rs11778496	2705774	0	0.000000e+00	-2.139469e-02	1.060000e-03
1	rs7014765	2706079	0	0.000000e+00	-3.160020e-02	1.330000e-03
1	rs2924873	2706658	0	0.000000e+00	-9.117178e-03	8.900000e-04
1	rs2978313	2708496	0	0.000000e+00	-2.258849e-02	1.040000e-03
1	rs2124153	2709107	0	0.000000e+00	-2.488919e-02	1.070000e-03
1	rs68139569	2709185	0	0.000000e+00	-9.408233e-03	3.600000e-04
1	rs6993378	2710928	0	0.000000e+00	-1.005633e-02	3.900000e-04
1	rs1513335	2711543	0	0.000000e+00	-3.246697e-02	1.330000e-03
1	rs4876050	2712043	0	0.000000e+00	-4.057078e-03	4.100000e-04
1	rs2978312	2712061	0	0.000000e+00	-3.316607e-02	1.160000e-03
1	rs4357316	2712400	0	0.000000e+00	-7.205406e-03	5.800000e-04
1	rs74429252	2712401	0	0.000000e+00	-6.153996e-03	3.900000e-04
1	rs9987306	2712469	0	0.000000e+00	-8.830923e-03	4.900000e-04
1	rs341669	2712769	0	0.000000e+00	-1.786467e-02	5.800000e-04
1	rs341668	2712829	0	0.000000e+00	-1.186818e-02	6.000000e-04
1	rs17756764	2712873	0	0.000000e+00	-7.970851e-04	3.300000e-04
1	rs341665	2713296	0	0.000000e+00	-1.389399e-02	6.400000e-04
1	rs7833451	2713324	0	0.000000e+00	-2.092949e-02	7.700000e-04
1	rs341664	2713352	0	0.000000e+00	-1.966016e-02	9.100000e-04
1	rs7833475	2713378	0	0.000000e+00	-2.265919e-02	1.210000e-03
1	rs138369603	2713384	0	0.000000e+00	2.137377e-02	7.800000e-04
1	rs7010001	2714248	0	0.000000e+00	-1.177470e-02	5.200000e-04
1	rs2942801	2714971	0	0.000000e+00	-1.398204e-02	6.800000e-04
1	rs2930287	2714972	0	0.000000e+00	-2.723867e-02	1.090000e-03
1	rs2942800	2715180	0	0.000000e+00	-2.671442e-02	1.170000e-03
1	rs56403518	2716359	0	0.000000e+00	-2.283479e-02	6.200000e-04
1	rs341654	2717642	0	0.000000e+00	-4.010970e-02	1.310000e-03
1	rs7842600	2720228	0	0.000000e+00	-1.148916e-03	4.200000e-04
1	rs2045178	2722715	0	0.000000e+00	-5.462895e-03	4.900000e-04
1	rs2045179	2722862	0	0.000000e+00	-6.287788e-03	4.500000e-04
1	rs9644266	2723169	0	0.000000e+00	-2.022726e-02	8.700000e-04
1	rs2924920	2723396	0	0.000000e+00	-1.514362e-02	7.100000e-04
1	rs2978339	2723686	0	0.000000e+00	-1.020882e-02	8.200000e-04
1	rs7341630	2724938	0	0.000000e+00	-6.601904e-03	4.500000e-04
1	rs13269161	2725903	0	0.000000e+00	1.037555e-03	4.400000e-04
1	rs2924918	2726283	0	0.000000e+00	-1.665820e-02	7.000000e-04
1	rs2978352	2726469	0	0.000000e+00	-1.620106e-02	8.400000e-04
1	rs12550356	2726660	0	0.000000e+00	-1.192862e-02	4.300000e-04
1	rs7845417	2727864	0	0.000000e+00	-2.476528e-03	4.600000e-04
1	rs2924914	2728576	0	0.000000e+00	-1.883647e-02	8.500000e-04
1	rs2978341	2728891	0	0.000000e+00	-2.462116e-02	9.100000e-04
1	rs2942805	2729078	0	0.000000e+00	-9.979235e-03	8.100000e-04
1	rs2924913	2729483	0	0.000000e+00	-1.044730e-02	8.200000e-04
1	rs2924912	2729538	0	0.000000e+00	1.469258e-03	8.000000e-04
1	rs1031530	2730043	0	0.000000e+00	-1.723844e-03	4.000000e-04
1	rs2924908	2730902	0	0.000000e+00	-3.588258e-02	9.000000e-04
1	rs2924907	2731382	0	0.000000e+00	-2.040311e-02	9.500000e-04
1	rs10090546	2731912	0	0.000000e+00	-2.734697e-02	9.500000e-04
1	rs2942808	2731986	0	0.000000e+00	-2.360203e-02	1.000000e-03
1	rs13258860	2732044	0	0.000000e+00	-3.396305e-03	4.300000e-04
1	rs2930284	2732239	0	0.000000e+00	-1.126793e-02	7.300000e-04
1	rs73177138	2732654	0	0.000000e+00	-4.853063e-03	4.100000e-04
1	rs2930285	2733202	0	0.000000e+00	-1.890216e-02	9.000000e-04
1	rs341672	2734202	0	0.000000e+00	1.605582e-02	6.900000e-04
1	rs4876051	2734339	0	0.000000e+00	-3.264692e-02	3.400000e-04
1	rs2721282	2734438	0	0.000000e+00	5.717046e-04	5.000000e-04
1	rs4875854	2734771	0	0.000000e+00	1.759585e-02	3.800000e-04
1	rs12114166	2735376	0	0.000000e+00	6.830019e-03	4.000000e-04
1	rs2721280	2735767	0	0.000000e+00	-4.704672e-03	4.700000e-04
1	rs2604143	2736092	0	0.000000e+00	-4.962423e-03	6.400000e-04
1	rs12543252	2736315	0	0.000000e+00	1.860412e-03	3.900000e-04
1	rs341677	2737997	0	0.000000e+00	1.986453e-02	7.500000e-04
1	rs34503572	2739065	0	0.000000e+00	-3.671569e-03	3.000000e-04
1	rs35928782	2739105	0	0.000000e+00	-3.545448e-03	5.200000e-04
1	rs35965711	2739220	0	0.000000e+00	-1.253559e-02	3.400000e-04
1	rs35439003	2739534	0	0.000000e+00	-9.519466e-03	4.200000e-04
1	rs73490763	2739703	0	0.000000e+00	-1.734656e-02	7.300000e-04
1	rs60547587	2740031	0	0.000000e+00	6.867359e-03	4.400000e-04
1	rs34413781	2740397	0	0.000000e+00	9.152397e-03	3.700000e-04
1	rs35244385	2740426	0	0.000000e+00	-3.442552e-03	4.400000e-04
1	rs641525	2740502	0	0.000000e+00	-1.149430e-03	7.300000e-04
1	rs653754	2740941	0	0.000000e+00	3.636934e-03	6.000000e-04
1	rs7823974	2741015	0	0.000000e+00	1.128829e-02	8.100000e-04
1	rs13267085	2741643	0	0.000000e+00	-7.586073e-03	4.700000e-04
1	rs341697	2742089	0	0.000000e+00	-1.168444e-02	5.200000e-04
1	rs7829261	2742187	0	0.000000e+00	-6.101103e-03	4.000000e-04
1	rs897271	2742292	0	0.000000e+00	-1.631318e-02	6.200000e-04
1	rs897272	2742297	0	0.000000e+00	-1.588615e-02	4.800000e-04
1	rs17835147	2742774	0	0.000000e+00	-6.907624e-03	4.600000e-04
1	rs7003127	2743067	0	0.000000e+00	-2.406953e-03	4.100000e-04
1	rs76495391	2743285	0	0.000000e+00	1.820842e-02	6.300000e-04
1	rs13272772	2743456	0	0.000000e+00	-1.359552e-03	4.100000e-04
1	rs17835177	2743854	0	0.000000e+00	-8.280583e-04	4.300000e-04
1	rs35348787	2743899	0	0.000000e+00	-8.568033e-03	5.300000e-04
1	rs341699	2744059	0	0.000000e+00	9.639854e-03	6.700000e-04
1	rs341700	2744321	0	0.000000e+00	-1.365933e-02	6.000000e-04
1	rs341701	2744338	0	0.000000e+00	-8.589509e-03	3.900000e-04
1	rs341702	2744433	0	0.000000e+00	9.748819e-03	3.400000e-04
1	rs11136553	2744620	0	0.000000e+00	-2.971918e-03	3.800000e-04
1	rs341703	2745525	0	0.000000e+00	2.581825e-03	2.800000e-04
1	rs13265251	2745751	0	0.000000e+00	-2.380605e-03	4.800000e-04
1	rs341704	2745873	0	0.000000e+00	-7.735635e-03	5.100000e-04
1	rs13257288	2745925	0	0.000000e+00	1.232668e-03	4.100000e-04
1	rs341705	2746195	0	0.000000e+00	-1.069262e-02	7.200000e-04
1	rs56020361	2746642	0	0.000000e+00	2.542311e-03	4.500000e-04
1	rs341707	2747235	0	0.000000e+00	-1.430997e-02	6.400000e-04
1	rs341708	2747689	0	0.000000e+00	6.870060e-03	5.900000e-04
1	rs341709	2747940	0	0.000000e+00	7.836442e-03	3.300000e-04
1	rs341710	2748176	0	0.000000e+00	3.154643e-03	4.000000e-04
1	rs12678289	2748326	0	0.000000e+00	-7.141251e-03	4.800000e-04
1	rs12678295	2748377	0	0.000000e+00	3.670356e-04	4.000000e-04
1	rs12680714	2748843	0	0.000000e+00	-5.337342e-03	3.400000e-04
1	rs341712	2748965	0	0.000000e+00	-8.597593e-03	6.800000e-04
1	rs341713	2749012	0	0.000000e+00	-4.114477e-03	6.900000e-04
1	rs341714	2749070	0	0.000000e+00	3.309437e-03	3.000000e-04
1	rs12676779	2749183	0	0.000000e+00	-2.897734e-03	4.000000e-04
1	rs341715	2749204	0	0.000000e+00	4.319312e-03	3.500000e-04
1	rs341717	2749365	0	0.000000e+00	5.320199e-03	4.400000e-04
1	rs35389904	2749892	0	0.000000e+00	-4.181434e-03	4.900000e-04
1	rs4503124	2750228	0	0.000000e+00	-8.420610e-03	4.200000e-04
1	rs341718	2751282	0	0.000000e+00	-2.115640e-02	5.500000e-04
1	rs13270946	2751355	0	0.000000e+00	-2.483255e-02	4.700000e-04
1	rs35446825	2752462	0	0.000000e+00	-2.024491e-03	3.500000e-04
1	rs341719	2752882	0	0.000000e+00	-3.189987e-03	6.400000e-04
1	rs2604138	2753585	0	0.000000e+00	5.398709e-03	4.700000e-04
1	rs33923920	2754403	0	0.000000e+00	-2.210368e-02	6.200000e-04
1	rs35107790	2754504	0	0.000000e+00	-1.536536e-02	4.800000e-04
