chr	rs	ps	n_miss	alpha	beta	gamma
1	rs8031646	98452412	0	0.000000e+00	1.134423e-02	8.900000e-04
1	rs7171736	98470417	0	0.000000e+00	1.295783e-03	7.900000e-04
1	rs1021392	98479609	0	0.000000e+00	2.606766e-03	7.400000e-04
1	rs4965115	98490612	0	0.000000e+00	-2.228231e-03	6.600000e-04
1	rs4965117	98492250	0	0.000000e+00	3.543708e-05	6.200000e-04
1	rs11634101	98493040	0	0.000000e+00	-5.879151e-03	5.200000e-04
1	rs1062702	98516260	0	0.000000e+00	5.904193e-03	6.600000e-04
1	rs6496272	98517933	0	0.000000e+00	-2.555355e-02	1.830000e-03
1	rs190524788	98545559	0	0.000000e+00	3.866981e-03	5.700000e-04
1	rs145368286	98546400	0	0.000000e+00	3.248176e-03	5.300000e-04
1	rs72756716	98561201	0	0.000000e+00	4.830522e-02	2.640000e-03
1	rs35598712	98562066	0	0.000000e+00	-8.295869e-05	1.380000e-03
1	rs7162717	98566040	0	0.000000e+00	-3.584897e-02	2.530000e-03
1	rs7177806	98566141	0	0.000000e+00	5.438003e-02	3.670000e-03
1	rs66510110	98567095	0	0.000000e+00	-3.767259e-02	2.720000e-03
1	rs73465486	98567181	0	0.000000e+00	-3.622837e-02	2.660000e-03
1	rs4561450	98569809	0	0.000000e+00	-4.415282e-02	2.044000e-02
1	rs34468353	98570046	0	0.000000e+00	8.294431e-04	1.450000e-03
1	rs4398093	98570823	0	0.000000e+00	-3.525991e-03	1.320000e-03
1	rs72756727	98573635	0	0.000000e+00	2.979459e-02	1.720000e-03
1	rs28500670	98576180	0	0.000000e+00	-7.681607e-03	1.210000e-03
1	rs28396781	98577388	0	0.000000e+00	-1.951774e-03	1.380000e-03
1	rs7170981	98580596	0	0.000000e+00	-2.931464e-02	1.970000e-03
1	rs75834869	98581583	0	0.000000e+00	-2.224103e-02	1.780000e-03
1	rs4558396	98583551	0	0.000000e+00	-2.132476e-02	1.820000e-03
1	rs8030721	98584534	0	0.000000e+00	-2.299969e-02	2.900000e-03
1	rs8038397	98584578	0	0.000000e+00	-2.332243e-02	2.920000e-03
1	rs72756742	98584928	0	0.000000e+00	-4.093059e-02	3.120000e-03
1	rs28418823	98586636	0	0.000000e+00	7.527352e-02	6.940000e-03
1	rs8026076	98586926	0	0.000000e+00	4.196990e-02	3.020000e-03
1	rs58965013	98589858	0	0.000000e+00	-4.867626e-02	3.460000e-03
1	rs8030387	98590171	0	0.000000e+00	3.575382e-02	3.110000e-03
1	rs4965371	98590218	0	0.000000e+00	3.431156e-02	2.800000e-03
1	rs150519139	98590464	0	0.000000e+00	7.630291e-02	6.810000e-03
1	rs9972490	98592577	0	0.000000e+00	-1.686554e-02	1.750000e-03
1	rs7180197	98593823	0	0.000000e+00	4.431459e-02	3.600000e-03
1	rs6598496	98595237	0	0.000000e+00	4.881866e-02	3.900000e-03
1	rs4246339	98595622	0	0.000000e+00	3.102706e-02	1.900000e-03
1	rs58608426	98595944	0	0.000000e+00	4.815113e-02	3.590000e-03
1	rs12593815	98596529	0	0.000000e+00	6.719316e-02	6.100000e-03
1	rs28477300	98596649	0	0.000000e+00	6.629574e-02	6.290000e-03
1	rs28622146	98596697	0	0.000000e+00	6.925408e-02	6.610000e-03
1	rs28547243	98596943	0	0.000000e+00	6.115676e-02	5.870000e-03
1	rs28529334	98597229	0	0.000000e+00	7.273211e-02	6.720000e-03
1	rs28482307	98597252	0	0.000000e+00	7.171765e-02	7.570000e-03
1	rs28713196	98597269	0	0.000000e+00	7.422682e-02	7.900000e-03
1	rs28524985	98597280	0	0.000000e+00	6.990746e-02	7.860000e-03
1	rs28881820	98597509	0	0.000000e+00	6.893530e-02	7.520000e-03
1	rs28872593	98597569	0	0.000000e+00	4.786975e-02	4.510000e-03
1	rs28852783	98597574	0	0.000000e+00	7.235998e-02	7.940000e-03
1	rs28786836	98597612	0	0.000000e+00	7.262110e-02	8.070000e-03
1	rs11247343	98597809	0	0.000000e+00	-7.008240e-02	8.120000e-03
1	rs62026165	98598400	0	0.000000e+00	7.122680e-02	6.950000e-03
1	rs62026166	98598403	0	0.000000e+00	7.187795e-02	7.790000e-03
1	rs66514354	98598500	0	0.000000e+00	6.976936e-02	6.730000e-03
1	rs67260482	98598534	0	0.000000e+00	7.004316e-02	7.250000e-03
1	rs67544351	98598602	0	0.000000e+00	6.297572e-02	5.600000e-03
1	rs67176041	98598634	0	0.000000e+00	6.671359e-02	5.900000e-03
1	rs66460935	98598641	0	0.000000e+00	6.396032e-02	5.880000e-03
1	rs150855228	98598768	0	0.000000e+00	9.639470e-02	2.414000e-02
1	rs139238380	98598778	0	0.000000e+00	9.518511e-02	2.299000e-02
1	rs147256667	98598822	0	0.000000e+00	9.489774e-02	2.314000e-02
1	rs141020108	98598866	0	0.000000e+00	9.656509e-02	2.467000e-02
1	rs74465744	98599048	0	0.000000e+00	5.363677e-02	3.730000e-03
1	rs190715758	98599050	0	0.000000e+00	4.911649e-02	3.060000e-03
1	rs28831185	98599246	0	0.000000e+00	6.235719e-02	6.410000e-03
1	rs28886127	98599288	0	0.000000e+00	5.345079e-02	4.600000e-03
1	rs28763397	98599289	0	0.000000e+00	5.538333e-02	4.380000e-03
1	rs28762186	98599355	0	0.000000e+00	6.385066e-02	4.310000e-03
1	rs28787308	98599510	0	0.000000e+00	6.409200e-02	3.610000e-03
1	rs9920073	98599660	0	0.000000e+00	7.298427e-02	8.600000e-03
1	rs28856352	98599686	0	0.000000e+00	7.264082e-02	7.870000e-03
1	rs9920491	98599761	0	0.000000e+00	6.865723e-02	7.610000e-03
1	rs9920100	98599946	0	0.000000e+00	-3.817036e-03	1.900000e-03
1	rs4305003	98600728	0	0.000000e+00	-3.275856e-02	2.350000e-03
1	rs12148884	98601045	0	0.000000e+00	-3.442135e-02	2.150000e-03
1	rs899668	98601467	0	0.000000e+00	7.184562e-02	8.680000e-03
1	rs899670	98601779	0	0.000000e+00	7.957678e-02	8.830000e-03
1	rs899671	98601846	0	0.000000e+00	7.390911e-02	9.450000e-03
1	rs4441250	98602241	0	0.000000e+00	7.017094e-02	4.410000e-03
1	rs2310786	98602642	0	0.000000e+00	7.453689e-02	9.270000e-03
1	rs11247348	98602847	0	0.000000e+00	6.705174e-02	3.790000e-03
1	rs2219877	98604007	0	0.000000e+00	2.745664e-03	1.440000e-03
1	rs1600527	98604458	0	0.000000e+00	-2.581533e-03	1.600000e-03
1	rs1842330	98604647	0	0.000000e+00	9.201317e-04	1.490000e-03
1	rs72756771	98604999	0	0.000000e+00	-3.439040e-02	2.230000e-03
1	rs1118043	98605348	0	0.000000e+00	7.738571e-02	7.300000e-03
1	rs2127555	98605496	0	0.000000e+00	9.650799e-02	7.560500e-01
1	rs2127556	98605613	0	0.000000e+00	7.177773e-02	4.880000e-03
1	rs1480096	98605991	0	0.000000e+00	8.199991e-02	1.178000e-02
1	rs7178508	98606157	0	0.000000e+00	8.345266e-02	1.665000e-02
1	rs1993976	98606313	0	0.000000e+00	7.393908e-02	5.390000e-03
1	rs4144488	98608281	0	0.000000e+00	1.021688e-02	1.380000e-03
1	rs62026167	98608618	0	0.000000e+00	5.702581e-02	8.970000e-03
1	rs12148124	98608693	0	0.000000e+00	1.065879e-02	1.330000e-03
1	rs12148125	98608746	0	0.000000e+00	8.222417e-03	1.540000e-03
1	rs12148342	98608818	0	0.000000e+00	1.636182e-02	1.430000e-03
1	rs28415722	98609746	0	0.000000e+00	6.060738e-03	1.020000e-03
1	rs1383149	98610131	0	0.000000e+00	8.201808e-04	8.100000e-04
1	rs2089	98610817	0	0.000000e+00	2.309186e-02	1.390000e-03
1	rs1480097	98611412	0	0.000000e+00	9.566553e-03	1.090000e-03
1	rs72756784	98611504	0	0.000000e+00	-4.013916e-02	2.670000e-03
1	rs72756785	98611915	0	0.000000e+00	2.441749e-02	1.460000e-03
1	rs28728168	98611986	0	0.000000e+00	7.181871e-04	7.000000e-04
1	rs62026191	98612063	0	0.000000e+00	2.550305e-02	1.590000e-03
1	rs59942618	98612876	0	0.000000e+00	-1.555784e-02	1.570000e-03
1	rs4965992	98612920	0	0.000000e+00	5.657337e-02	4.300000e-03
1	rs4965993	98613063	0	0.000000e+00	5.614923e-02	4.150000e-03
1	rs11854776	98613684	0	0.000000e+00	4.436767e-02	1.640000e-03
1	rs13329373	98614824	0	0.000000e+00	2.599466e-03	8.600000e-04
1	rs4144489	98614923	0	0.000000e+00	3.462556e-03	1.000000e-03
1	rs79206933	98615113	0	0.000000e+00	-1.807648e-02	1.510000e-03
1	rs28424020	98615147	0	0.000000e+00	-3.849138e-03	1.130000e-03
1	rs11857308	98615560	0	0.000000e+00	-4.163980e-02	2.660000e-03
1	rs59400223	98615970	0	0.000000e+00	-3.549598e-02	2.560000e-03
1	rs11637299	98616278	0	0.000000e+00	5.536582e-02	3.450000e-03
1	rs12592103	98616662	0	0.000000e+00	6.237174e-02	3.060000e-03
1	rs77506196	98616734	0	0.000000e+00	-1.788230e-02	1.530000e-03
1	rs2086366	98617241	0	0.000000e+00	5.873622e-02	4.790000e-03
1	rs72756793	98617306	0	0.000000e+00	-4.060804e-02	2.860000e-03
1	rs12372962	98617828	0	0.000000e+00	5.235109e-02	2.600000e-03
1	rs56012642	98618661	0	0.000000e+00	6.193697e-02	4.150000e-03
1	rs2086367	98619468	0	0.000000e+00	-2.111284e-02	1.540000e-03
1	rs12148172	98619816	0	0.000000e+00	5.475131e-02	3.700000e-03
1	rs56254795	98620203	0	0.000000e+00	-3.631528e-02	2.400000e-03
1	rs56087861	98620322	0	0.000000e+00	-4.217659e-02	2.990000e-03
1	rs72756798	98623290	0	0.000000e+00	-4.429857e-02	2.910000e-03
1	rs28545098	98623571	0	0.000000e+00	6.550576e-02	6.240000e-03
1	rs12593369	98624180	0	0.000000e+00	2.705523e-02	1.810000e-03
1	rs12591387	98624251	0	0.000000e+00	5.033713e-02	7.080000e-03
1	rs12594533	98624254	0	0.000000e+00	4.998525e-02	6.890000e-03
1	rs12592382	98624268	0	0.000000e+00	4.595785e-02	5.970000e-03
1	rs8027435	98624886	0	0.000000e+00	4.486640e-02	2.850000e-03
1	rs79038239	98625389	0	0.000000e+00	-1.862002e-02	1.720000e-03
1	rs751483	98628640	0	0.000000e+00	4.403909e-03	8.300000e-04
1	rs1480086	98628690	0	0.000000e+00	-1.357922e-02	1.360000e-03
1	rs72758712	98630299	0	0.000000e+00	1.600886e-03	6.900000e-04
1	rs72758714	98631507	0	0.000000e+00	9.298706e-03	8.100000e-04
1	rs148321920	98631681	0	0.000000e+00	-8.863221e-03	1.310000e-03
