chr	rs	ps	n_miss	alpha	beta	gamma
1	rs927639	98359014	0	0.000000e+00	-6.051656e-03	6.900000e-04
1	rs1324261	98359623	0	0.000000e+00	-8.328349e-03	5.500000e-04
1	rs7101320	98367218	0	0.000000e+00	-1.691079e-02	8.400000e-04
1	rs11188853	98369256	0	0.000000e+00	1.242889e-02	8.600000e-04
1	rs11188854	98371061	0	0.000000e+00	-8.328849e-03	9.000000e-04
1	rs10882826	98371084	0	0.000000e+00	-2.064277e-02	1.040000e-03
1	rs4919040	98371147	0	0.000000e+00	-1.794573e-02	8.300000e-04
1	rs7478356	98371512	0	0.000000e+00	-1.773725e-02	8.600000e-04
1	rs1983831	98371748	0	0.000000e+00	-1.032254e-02	6.800000e-04
1	rs4917742	98374426	0	0.000000e+00	-1.786574e-02	8.900000e-04
1	rs10882828	98374601	0	0.000000e+00	9.993785e-03	5.700000e-04
1	rs10736114	98375000	0	0.000000e+00	-9.099571e-03	9.900000e-04
1	rs727329	98375785	0	0.000000e+00	-8.409618e-03	7.200000e-04
1	rs11596148	98377488	0	0.000000e+00	2.707490e-02	1.550000e-03
1	rs11188856	98377940	0	0.000000e+00	2.024032e-02	8.400000e-04
1	rs912480	98378250	0	0.000000e+00	1.919074e-02	8.000000e-04
1	rs3748235	98379928	0	0.000000e+00	-8.011611e-03	6.800000e-04
1	rs3748234	98380277	0	0.000000e+00	-4.125913e-03	5.900000e-04
1	rs7914154	98380544	0	0.000000e+00	-9.268860e-03	7.700000e-04
1	rs4917743	98381191	0	0.000000e+00	1.871357e-03	9.500000e-04
1	rs10882829	98381645	0	0.000000e+00	-1.038434e-02	7.100000e-04
1	rs9633706	98382303	0	0.000000e+00	1.020769e-02	5.600000e-04
1	rs12571884	98382554	0	0.000000e+00	4.231600e-03	6.100000e-04
1	rs4917744	98382882	0	0.000000e+00	-3.497084e-05	6.300000e-04
1	rs60138313	98383147	0	0.000000e+00	-6.774764e-03	1.120000e-03
1	rs4917745	98383329	0	0.000000e+00	2.284502e-03	1.180000e-03
1	rs7905024	98384147	0	0.000000e+00	4.423718e-03	9.500000e-04
1	rs4919042	98385545	0	0.000000e+00	-6.359780e-03	1.150000e-03
1	rs4919043	98386012	0	0.000000e+00	-5.833098e-03	1.110000e-03
1	rs1469847	98386433	0	0.000000e+00	-7.702127e-03	1.080000e-03
1	rs7895655	98389269	0	0.000000e+00	-3.995014e-03	1.170000e-03
1	rs7896097	98389358	0	0.000000e+00	-2.672663e-03	9.500000e-04
1	rs10882831	98389401	0	0.000000e+00	-3.380552e-03	1.240000e-03
1	rs72818983	98390046	0	0.000000e+00	-9.923930e-03	1.210000e-03
1	rs7900070	98390145	0	0.000000e+00	-4.886361e-03	1.050000e-03
1	rs6584091	98390239	0	0.000000e+00	-9.481315e-03	1.070000e-03
1	rs10882833	98390412	0	0.000000e+00	-2.092633e-03	1.250000e-03
1	rs4489672	98391416	0	0.000000e+00	3.686882e-03	1.160000e-03
1	rs2902004	98391887	0	0.000000e+00	-2.031156e-02	1.100000e-03
1	rs4919045	98393057	0	0.000000e+00	-1.162042e-01	8.700000e-04
1	rs7906662	98393332	0	0.000000e+00	-5.659169e-03	6.000000e-04
1	rs7921189	98393334	0	0.000000e+00	-1.179960e-02	7.100000e-04
1	rs6584093	98393725	0	0.000000e+00	-1.109976e-02	6.400000e-04
1	rs7894214	98393929	0	0.000000e+00	-9.413569e-02	1.200000e-03
1	rs7069485	98394374	0	0.000000e+00	-8.329140e-03	7.500000e-04
1	rs10882835	98394659	0	0.000000e+00	-8.886445e-03	6.600000e-04
1	rs2025452	98395083	0	0.000000e+00	9.218325e-02	1.190000e-03
1	rs1036432	98395287	0	0.000000e+00	7.961559e-02	1.220000e-03
1	rs1964409	98395449	0	0.000000e+00	7.803394e-02	1.260000e-03
1	rs12243605	98396227	0	0.000000e+00	1.377977e-03	5.400000e-04
1	rs7906985	98396739	0	0.000000e+00	-2.275865e-03	5.000000e-04
1	rs10218891	98396889	0	0.000000e+00	2.338103e-03	5.700000e-04
1	rs12251867	98399731	0	0.000000e+00	1.445114e-03	6.100000e-04
1	rs11188867	98400596	0	0.000000e+00	-1.316978e-02	7.600000e-04
1	rs11188868	98402047	0	0.000000e+00	-1.842252e-02	8.600000e-04
1	rs11188870	98403546	0	0.000000e+00	-1.838018e-02	1.050000e-03
1	rs11188871	98403893	0	0.000000e+00	-1.932100e-02	1.030000e-03
1	rs11188872	98404054	0	0.000000e+00	-1.558018e-02	9.600000e-04
1	rs7904212	98404708	0	0.000000e+00	-9.391648e-03	7.900000e-04
1	rs4919048	98407483	0	0.000000e+00	2.232974e-02	8.600000e-04
1	rs912482	98407991	0	0.000000e+00	1.810158e-02	1.160000e-03
1	rs10748687	98410170	0	0.000000e+00	-1.874996e-02	9.700000e-04
1	rs3748232	98410901	0	0.000000e+00	-2.562359e-02	1.700000e-03
1	rs11188874	98413029	0	0.000000e+00	-1.241447e-02	7.200000e-04
1	rs6584094	98414844	0	0.000000e+00	1.030621e-02	8.400000e-04
1	rs7098785	98417930	0	0.000000e+00	1.183580e-02	6.800000e-04
1	rs10509712	98433420	0	0.000000e+00	3.599353e-03	8.700000e-04
1	rs517490	98435912	0	0.000000e+00	1.234517e-03	9.800000e-04
1	rs610933	98435940	0	0.000000e+00	-3.793452e-03	9.700000e-04
1	rs611378	98436045	0	0.000000e+00	-1.400117e-02	8.100000e-04
1	rs624029	98436548	0	0.000000e+00	-2.482476e-03	8.900000e-04
1	rs624462	98436626	0	0.000000e+00	-2.494121e-04	8.700000e-04
1	rs569344	98437665	0	0.000000e+00	-5.640144e-03	9.500000e-04
1	rs2614953	98475564	0	0.000000e+00	1.687833e-02	9.200000e-04
1	rs563654	98478449	0	0.000000e+00	-1.275719e-03	8.800000e-04
1	rs1172459	98511811	0	0.000000e+00	-2.506056e-03	6.500000e-04
1	rs648634	98514274	0	0.000000e+00	9.919152e-03	6.000000e-04
1	rs9420692	98516687	0	0.000000e+00	6.452502e-03	5.500000e-04
1	rs2486645	98517581	0	0.000000e+00	7.499687e-03	5.600000e-04
1	rs668098	98518950	0	0.000000e+00	1.359371e-02	6.100000e-04
1	rs2790473	98519995	0	0.000000e+00	9.580927e-03	5.200000e-04
1	rs1769325	98521228	0	0.000000e+00	8.608865e-03	6.600000e-04
1	rs505010	98521516	0	0.000000e+00	9.408736e-03	6.900000e-04
1	rs75111067	98555220	0	0.000000e+00	-2.901167e-02	2.110000e-03
1	rs6584099	98556785	0	0.000000e+00	3.283015e-02	3.000000e-03
1	rs10882842	98557448	0	0.000000e+00	3.247867e-02	2.700000e-03
1	rs11188924	98558094	0	0.000000e+00	3.399936e-02	3.230000e-03
1	rs112476011	98558276	0	0.000000e+00	1.158907e-02	2.040000e-03
1	rs57807455	98558501	0	0.000000e+00	4.184373e-02	3.270000e-03
1	rs7090880	98559018	0	0.000000e+00	-2.283412e-02	1.920000e-03
1	rs6584100	98559942	0	0.000000e+00	4.906377e-02	8.510000e-03
1	rs9419827	98560869	0	0.000000e+00	3.186510e-02	2.090000e-03
1	rs57262746	98560916	0	0.000000e+00	4.882819e-03	2.250000e-03
1	rs58409956	98560970	0	0.000000e+00	3.361868e-02	2.620000e-03
1	rs56978815	98561013	0	0.000000e+00	7.431163e-02	6.170000e-03
1	rs115858856	98561043	0	0.000000e+00	-1.666498e-02	1.720000e-03
1	rs12243114	98561197	0	0.000000e+00	8.943524e-03	2.120000e-03
1	rs10786311	98561226	0	0.000000e+00	5.180236e-02	1.137000e-02
1	rs12265606	98563189	0	0.000000e+00	-1.317346e-02	2.070000e-03
1	rs73318637	98568445	0	0.000000e+00	1.260578e-02	2.110000e-03
1	rs12248349	98568742	0	0.000000e+00	1.752722e-02	2.100000e-03
1	rs12264950	98569570	0	0.000000e+00	8.260939e-03	2.030000e-03
1	rs12250548	98569734	0	0.000000e+00	-2.303117e-02	2.240000e-03
1	rs73318641	98571255	0	0.000000e+00	1.779488e-02	2.120000e-03
1	rs11188929	98573366	0	0.000000e+00	3.797195e-03	2.200000e-03
1	rs11188930	98574299	0	0.000000e+00	2.534130e-02	1.850000e-03
1	rs72826107	98577794	0	0.000000e+00	1.314474e-02	1.430000e-03
1	rs57391478	98578149	0	0.000000e+00	3.584497e-02	2.900000e-03
1	rs2486642	98579208	0	0.000000e+00	-4.282100e-02	7.500000e-03
1	rs28505353	98581070	0	0.000000e+00	3.835195e-02	3.120000e-03
1	rs7895914	98582808	0	0.000000e+00	3.753025e-02	3.220000e-03
1	rs111682442	98583442	0	0.000000e+00	1.447037e-02	3.090000e-03
1	rs6584101	98584546	0	0.000000e+00	2.982667e-02	2.820000e-03
1	rs2185294	98584805	0	0.000000e+00	4.671724e-02	8.670000e-03
1	rs6584102	98585382	0	0.000000e+00	2.841277e-02	4.480000e-03
1	rs12264014	98587136	0	0.000000e+00	4.534132e-02	2.890000e-03
1	rs76608037	98587496	0	0.000000e+00	2.375103e-02	2.010000e-03
1	rs74153734	98587656	0	0.000000e+00	7.743509e-02	4.440000e-03
1	rs12244490	98588223	0	0.000000e+00	8.857408e-02	4.680000e-03
1	rs6584103	98589730	0	0.000000e+00	4.533126e-02	6.720000e-03
1	rs111835023	98592843	0	0.000000e+00	4.695898e-02	9.070000e-03
1	rs11188937	98594223	0	0.000000e+00	3.155021e-02	2.710000e-03
1	rs7894418	98594701	0	0.000000e+00	1.950207e-02	2.540000e-03
1	rs7895214	98595326	0	0.000000e+00	1.616827e-02	2.230000e-03
1	rs12242330	98596053	0	0.000000e+00	3.867859e-02	2.980000e-03
1	rs7899594	98596282	0	0.000000e+00	-2.386851e-03	1.300000e-03
1	rs12259265	98597420	0	0.000000e+00	3.130286e-02	3.070000e-03
1	rs11188940	98598274	0	0.000000e+00	7.824229e-02	3.800000e-03
1	rs7921193	98601157	0	0.000000e+00	6.477412e-02	2.910000e-03
1	rs12246067	98603196	0	0.000000e+00	2.720982e-02	2.890000e-03
1	rs12262784	98604466	0	0.000000e+00	-2.919798e-02	2.750000e-03
1	rs7893144	98607167	0	0.000000e+00	1.036970e-02	1.730000e-03
1	rs4919056	98607280	0	0.000000e+00	4.932808e-02	9.790000e-03
1	rs7893564	98607355	0	0.000000e+00	3.530224e-02	2.700000e-03
1	rs12266068	98609059	0	0.000000e+00	7.093748e-02	3.120000e-03
1	rs59751908	98609993	0	0.000000e+00	3.493052e-02	2.960000e-03
1	rs4542327	98611907	0	0.000000e+00	4.883134e-02	9.720000e-03
1	rs7922565	98619035	0	0.000000e+00	1.999697e-02	1.610000e-03
1	rs7911787	98619568	0	0.000000e+00	2.052486e-02	1.350000e-03
1	rs58550844	98619715	0	0.000000e+00	1.938009e-02	1.550000e-03
1	rs7921885	98624279	0	0.000000e+00	3.836297e-02	2.860000e-03
1	rs7069290	98624993	0	0.000000e+00	5.173448e-02	8.870000e-03
1	rs11188954	98628892	0	0.000000e+00	3.825651e-02	3.150000e-03
1	rs10882853	98629802	0	0.000000e+00	4.997432e-02	9.930000e-03
1	rs11188956	98630588	0	0.000000e+00	5.030899e-02	3.690000e-03
1	rs4532970	98633942	0	0.000000e+00	-4.772057e-02	9.050000e-03
1	rs57408003	98635142	0	0.000000e+00	2.784766e-02	2.060000e-03
