rs 	 chr 	 pos 	 postc 	 beta
rs10281617     	1	153069527	 0.00296 	 -0.00042
rs1444456      	1	153076708	 0.00303 	 0.00044
rs12703288     	1	153083815	 0.01469 	 -0.03259
rs1822707      	1	153084208	 0.00555 	 0.00158
rs1373516      	1	153084501	 0.00564 	 0.00019
rs1037004      	1	153084998	 0.00660 	 -0.00969
rs1037003      	1	153085037	 0.00543 	 -0.00368
rs982113       	1	153085650	 0.00579 	 -0.00814
rs982112       	1	153085940	 0.00502 	 0.00603
rs2017337      	1	153086054	 0.00518 	 -0.00779
rs1444454      	1	153086649	 0.00539 	 -0.00727
rs1596604      	1	153087218	 0.00608 	 -0.02998
rs1596603      	1	153087226	 0.00600 	 -0.03260
rs1596602      	1	153087365	 0.00561 	 -0.01302
rs2312354      	1	153087571	 0.00616 	 -0.03225
rs10271618     	1	153088664	 0.00587 	 -0.02055
rs10271744     	1	153088772	 0.01420 	 -0.03460
rs11768904     	1	153089250	 0.00697 	 -0.02189
rs10808003     	1	153089510	 0.00809 	 -0.03358
rs10808004     	1	153089729	 0.00751 	 -0.03186
rs10246760     	1	153089742	 0.00767 	 -0.03241
rs2312353      	1	153090137	 0.00773 	 -0.03336
rs2872011      	1	153090163	 0.00738 	 -0.00347
rs2099980      	1	153090221	 0.00787 	 -0.03230
rs2312352      	1	153090406	 0.00732 	 0.01971
rs1444452      	1	153090623	 0.00758 	 -0.03338
rs1444451      	1	153090657	 0.00748 	 -0.03353
rs4726294      	1	153090892	 0.00792 	 -0.03267
rs1596601      	1	153091579	 0.00737 	 -0.01577
rs1596600      	1	153091783	 0.00704 	 -0.01709
rs7803049      	1	153091907	 0.00728 	 -0.01932
rs12703289     	1	153092155	 0.00719 	 -0.02200
rs1373515      	1	153092375	 0.00755 	 -0.01751
rs2166119      	1	153092994	 0.00695 	 -0.00733
rs920866       	1	153093161	 0.00666 	 -0.00777
rs920865       	1	153093247	 0.00665 	 -0.00579
rs920867       	1	153093591	 0.00677 	 -0.00429
rs2120701      	1	153094414	 0.00691 	 -0.01657
rs6966291      	1	153094677	 0.00737 	 -0.00126
rs12703290     	1	153096589	 0.01584 	 -0.03562
rs10269340     	1	153096810	 0.00860 	 -0.03410
rs7786678      	1	153097259	 0.00811 	 -0.02918
rs7787854      	1	153097973	 0.00922 	 -0.03939
rs6946670      	1	153099627	 0.00813 	 -0.03058
rs6965505      	1	153100186	 0.00858 	 -0.05090
rs10234469     	1	153102116	 0.00790 	 -0.03068
rs10278147     	1	153102152	 0.00803 	 0.02623
rs6942956      	1	153102751	 0.00662 	 -0.02846
rs28671105     	1	153103095	 0.00754 	 0.01992
rs28648695     	1	153103203	 0.00808 	 0.02019
rs6973631      	1	153104693	 0.00698 	 -0.02498
rs13235094     	1	153105283	 0.01427 	 -0.03295
rs10952418     	1	153107059	 0.00792 	 -0.02679
rs6979538      	1	153107903	 0.00790 	 -0.02784
rs34123236     	1	153108670	 0.00740 	 0.00677
rs13223314     	1	153109508	 0.00793 	 0.01653
rs6464331      	1	153109821	 0.00495 	 -0.02066
rs9986879      	1	153109979	 0.00495 	 -0.00204
rs13226467     	1	153110039	 0.01751 	 -0.03830
rs10259737     	1	153110376	 0.00628 	 -0.01796
rs6978344      	1	153111150	 0.00656 	 -0.02098
rs10239341     	1	153112794	 0.00783 	 -0.00200
rs6955095      	1	153113272	 0.00683 	 -0.02000
rs11760609     	1	153114423	 0.00756 	 0.00335
rs6971127      	1	153118270	 0.00775 	 -0.00488
rs6953662      	1	153118364	 0.00789 	 -0.00588
rs1838416      	1	153118809	 0.00544 	 0.00290
rs1444458      	1	153120067	 0.01435 	 -0.03297
rs12703291     	1	153126261	 0.00811 	 -0.01038
rs2312345      	1	153133178	 0.00611 	 -0.03251
rs34628166     	1	153133987	 0.01323 	 -0.01065
rs35792470     	1	153134044	 0.01353 	 -0.01190
rs34396242     	1	153134231	 0.01380 	 -0.02094
rs7805637      	1	153134549	 0.00378 	 -0.00504
rs2872008      	1	153134888	 0.00378 	 -0.00310
rs2312343      	1	153135288	 0.01476 	 -0.03497
rs7791985      	1	153135652	 0.01410 	 -0.02964
rs7811018      	1	153135737	 0.01405 	 -0.02706
rs2312342      	1	153135797	 0.01512 	 -0.04007
rs2872007      	1	153135998	 0.01502 	 -0.03491
rs12703293     	1	153136687	 0.01464 	 -0.03470
rs34140991     	1	153137636	 0.01506 	 -0.04086
rs35425384     	1	153137686	 0.01452 	 -0.04069
rs13224388     	1	153137916	 0.01491 	 -0.03537
rs12703295     	1	153138417	 0.01305 	 -0.02581
rs12703296     	1	153138680	 0.01166 	 0.06184
rs12703297     	1	153138796	 0.01278 	 -0.02745
rs12703298     	1	153138871	 0.01299 	 -0.02497
rs12703299     	1	153139410	 0.01307 	 -0.02723
rs7803966      	1	153139432	 0.01204 	 0.06528
rs13231619     	1	153139503	 0.01286 	 -0.02557
rs12703300     	1	153139558	 0.01148 	 -0.02424
rs1470373      	1	153139568	 0.00566 	 -0.02083
rs12703301     	1	153139716	 0.01229 	 0.02007
rs13231707     	1	153139838	 0.01234 	 -0.01851
rs987675       	1	153140043	 0.01287 	 -0.02908
rs987674       	1	153140082	 0.01322 	 -0.03133
rs987673       	1	153140185	 0.01303 	 -0.03282
rs12703302     	1	153140505	 0.01288 	 -0.03317
rs1319653      	1	153140517	 0.01316 	 -0.03258
rs12703303     	1	153140805	 0.01283 	 -0.03289
rs13238866     	1	153141160	 0.01293 	 -0.03473
rs7800865      	1	153142675	 0.01330 	 -0.03981
rs7800637      	1	153142708	 0.01309 	 -0.03893
rs7805371      	1	153143403	 0.01316 	 -0.04420
rs7805698      	1	153143564	 0.01353 	 -0.04412
rs989754       	1	153144396	 0.01284 	 -0.03497
rs884853       	1	153144778	 0.01169 	 0.05504
rs884852       	1	153144806	 0.01136 	 0.04175
rs13230671     	1	153144983	 0.01153 	 0.04176
rs13233777     	1	153145278	 0.01278 	 -0.03779
rs13234416     	1	153145541	 0.01359 	 -0.05557
rs7779733      	1	153145713	 0.01255 	 -0.02378
rs7784310      	1	153146333	 0.01394 	 -0.06781
rs7785473      	1	153146905	 0.01391 	 -0.06863
rs7804377      	1	153146950	 0.01148 	 0.04337
rs7785383      	1	153147014	 0.01135 	 0.00773
rs7798819      	1	153147531	 0.01420 	 -0.07459
rs10246632     	1	153147619	 0.01106 	 0.03652
rs12703304     	1	153147638	 0.01443 	 -0.06623
rs12703305     	1	153147715	 0.01221 	 -0.03266
rs12703306     	1	153148355	 0.01384 	 -0.07371
rs6971281      	1	153148433	 0.01364 	 -0.07033
rs6971902      	1	153148726	 0.01303 	 -0.03305
rs1444463      	1	153149762	 0.01254 	 -0.01326
rs1444462      	1	153150090	 0.01271 	 -0.03886
rs1444461      	1	153150189	 0.00641 	 -0.02237
rs1992624      	1	153150347	 0.01270 	 -0.03289
rs7783111      	1	153151294	 0.00616 	 -0.02466
rs6974731      	1	153152286	 0.01210 	 -0.01230
rs6955304      	1	153152474	 0.01203 	 0.01690
rs55838859     	1	153153175	 0.01217 	 -0.01630
rs6960892      	1	153153920	 0.00639 	 -0.03120
rs11766913     	1	153154034	 0.00539 	 0.01201
rs11773882     	1	153154107	 0.00517 	 -0.00256
rs11760259     	1	153154196	 0.00519 	 0.00480
rs35444218     	1	153156569	 0.01156 	 0.03588
rs1596608      	1	153158188	 0.00638 	 -0.04086
rs6464333      	1	153158604	 0.00400 	 -0.01133
rs12154671     	1	153159049	 0.01080 	 0.01567
rs12703312     	1	153159933	 0.01137 	 0.02074
rs2312039      	1	153160306	 0.00402 	 -0.01450
rs12154800     	1	153160540	 0.01132 	 0.02164
rs4623331      	1	153160799	 0.00523 	 0.02548
rs12703313     	1	153162233	 0.01020 	 -0.00750
rs4495333      	1	153162601	 0.01041 	 -0.00654
rs4574763      	1	153163028	 0.00576 	 -0.03079
rs9655628      	1	153163860	 0.01221 	 0.02826
rs11764739     	1	153163989	 0.00532 	 -0.01646
rs60991669     	1	153164491	 0.01216 	 -0.04675
rs60403847     	1	153164583	 0.01266 	 -0.04764
rs67038409     	1	153164705	 0.00937 	 -0.02761
rs13242850     	1	153165393	 0.01232 	 -0.03833
rs7802464      	1	153165654	 0.00514 	 -0.01659
rs7802831      	1	153165718	 0.00386 	 -0.01283
rs10952423     	1	153166034	 0.00389 	 -0.01132
rs13246649     	1	153166181	 0.01072 	 -0.01611
rs13246676     	1	153166315	 0.01206 	 -0.04597
rs2961094      	1	153167194	 0.00458 	 0.00104
rs7785341      	1	153167347	 0.00998 	 0.04322
rs10276403     	1	153168722	 0.00377 	 -0.00487
rs58392192     	1	153168744	 0.00982 	 0.02545
rs12671356     	1	153168763	 0.00498 	 -0.00502
rs10952425     	1	153168902	 0.00362 	 -0.00579
rs13245532     	1	153169452	 0.01324 	 -0.06076
rs6968031      	1	153170494	 0.00378 	 -0.01432
rs34726402     	1	153170561	 0.01188 	 -0.03530
rs6464335      	1	153170761	 0.00493 	 -0.00789
rs6464337      	1	153170985	 0.00529 	 -0.03236
rs4434538      	1	153171348	 0.00378 	 -0.00691
rs2953094      	1	153173300	 0.00373 	 -0.00779
rs28675346     	1	153173776	 0.01066 	 -0.02809
rs7780839      	1	153173950	 0.01083 	 -0.02691
rs4431510      	1	153175815	 0.00352 	 -0.00369
rs4629773      	1	153176705	 0.00368 	 -0.01262
rs4289724      	1	153177275	 0.00407 	 -0.01369
rs4330607      	1	153177340	 0.00379 	 0.00021
rs4560718      	1	153177373	 0.01164 	 -0.03723
rs13245156     	1	153178288	 0.01102 	 -0.03796
rs6965233      	1	153178696	 0.00369 	 -0.00139
rs7783405      	1	153179278	 0.00869 	 0.01417
rs34837583     	1	153179859	 0.01160 	 -0.03239
