rs 	 chr 	 pos 	 postc 	 beta
rs6727130      	1	160144072	 0.00674 	 -0.01510
rs13026048     	1	160146177	 0.00785 	 -0.01737
rs11675128     	1	160186901	 0.00636 	 -0.00986
rs7559681      	1	160194623	 0.00663 	 -0.00979
rs72947569     	1	160324187	 0.01016 	 -0.01989
rs72947571     	1	160324188	 0.01024 	 -0.01706
rs72947573     	1	160324457	 0.01003 	 -0.02078
rs61036734     	1	160325770	 0.00914 	 -0.01045
rs4271723      	1	160326049	 0.01090 	 0.01782
rs4505475      	1	160326073	 0.00670 	 -0.01103
rs60423754     	1	160326769	 0.00910 	 0.00078
rs10203503     	1	160327870	 0.00645 	 -0.00783
rs7578689      	1	160331390	 0.01071 	 -0.00261
rs11696006     	1	160331681	 0.00682 	 -0.00886
rs11690141     	1	160331858	 0.00668 	 -0.01210
rs72947586     	1	160333180	 0.00905 	 -0.00364
rs72947590     	1	160335315	 0.00766 	 -0.00952
rs72947593     	1	160337089	 0.00780 	 -0.00304
rs72965169     	1	160345590	 0.00930 	 -0.01556
rs72965170     	1	160345899	 0.00929 	 -0.01658
rs11901769     	1	160346257	 0.01046 	 0.01061
rs72965172     	1	160346814	 0.00947 	 -0.01369
rs76506323     	1	160346877	 0.00776 	 -0.00697
rs74604044     	1	160351763	 0.00907 	 -0.01140
rs58707547     	1	160356253	 0.00944 	 -0.01508
rs13391913     	1	160356371	 0.00828 	 0.01563
rs12692551     	1	160357774	 0.00802 	 0.00756
rs12692552     	1	160357946	 0.00854 	 0.02169
rs2113859      	1	160358710	 0.00796 	 0.00961
rs62173243     	1	160359204	 0.00805 	 0.01084
rs10205689     	1	160363669	 0.01246 	 0.02874
rs10206214     	1	160364292	 0.01262 	 0.02774
rs1425045      	1	160364747	 0.01212 	 0.01570
rs35019796     	1	160367155	 0.01227 	 0.03921
rs1863218      	1	160368787	 0.00769 	 0.00132
rs72950408     	1	160373816	 0.00833 	 -0.01723
rs72950410     	1	160374141	 0.00832 	 -0.01671
rs1425047      	1	160374457	 0.00801 	 0.00384
rs72950412     	1	160376357	 0.00912 	 -0.01445
rs6432534      	1	160378072	 0.00999 	 0.00685
rs17495695     	1	160379160	 0.00852 	 -0.00181
rs933794       	1	160380891	 0.01023 	 0.01188
rs72950416     	1	160380907	 0.00891 	 -0.01114
rs17423809     	1	160382382	 0.01081 	 -0.02328
rs56328422     	1	160386220	 0.00868 	 -0.01694
rs1030328      	1	160386260	 0.00783 	 0.01263
rs17495716     	1	160386523	 0.00890 	 -0.01587
rs13431621     	1	160390262	 0.00712 	 0.00273
rs12692553     	1	160390848	 0.01320 	 0.02098
rs6754092      	1	160391890	 0.00672 	 -0.00088
rs10165197     	1	160393648	 0.00681 	 0.00631
rs12476343     	1	160397825	 0.00839 	 -0.01128
rs13386318     	1	160398357	 0.01509 	 0.02641
rs111616683    	1	160400278	 0.00713 	 -0.00916
rs4665077      	1	160402769	 0.00815 	 -0.01023
rs4665078      	1	160402820	 0.00815 	 -0.00985
rs10489997     	1	160405498	 0.00809 	 -0.01015
rs10929944     	1	160406425	 0.00701 	 0.00759
rs7585513      	1	160406890	 0.01477 	 0.02495
rs6751744      	1	160407485	 0.01796 	 0.02973
rs12466650     	1	160408763	 0.00836 	 -0.01185
rs145652571    	1	160409923	 0.00736 	 -0.00336
rs73967884     	1	160411254	 0.01020 	 0.01868
rs1549386      	1	160414526	 0.00842 	 -0.01203
rs1549387      	1	160417540	 0.00928 	 0.01680
rs1863219      	1	160418171	 0.00912 	 0.02085
rs35299907     	1	160418653	 0.00981 	 0.03036
rs72960224     	1	160420504	 0.01122 	 -0.03605
rs10192408     	1	160424594	 0.00844 	 0.00354
rs57575372     	1	160425764	 0.00875 	 -0.01734
rs5006302      	1	160426727	 0.00827 	 0.00179
rs55946200     	1	160426844	 0.00863 	 -0.02049
rs10202187     	1	160427646	 0.00739 	 -0.01840
rs1124334      	1	160428859	 0.00842 	 -0.01995
rs4665083      	1	160430127	 0.00761 	 -0.01652
rs17605928     	1	160432819	 0.00662 	 -0.00654
rs58614783     	1	160433142	 0.00813 	 -0.01666
rs12622391     	1	160433666	 0.00765 	 -0.01112
rs12477092     	1	160433681	 0.00906 	 -0.01906
rs12465237     	1	160433748	 0.00769 	 -0.01521
rs142509445    	1	160436139	 0.00885 	 0.01765
rs10165041     	1	160436579	 0.00741 	 -0.00231
rs2081423      	1	160438288	 0.00804 	 0.01479
rs56317534     	1	160439807	 0.00799 	 0.02836
rs72960256     	1	160440775	 0.00737 	 -0.00304
rs2113861      	1	160441744	 0.00885 	 -0.02609
rs12991516     	1	160442065	 0.00811 	 -0.01307
rs12468868     	1	160446464	 0.00882 	 -0.02602
rs3903306      	1	160448682	 0.00882 	 -0.02460
rs6714917      	1	160449453	 0.00960 	 0.05963
rs4665089      	1	160450020	 0.00811 	 -0.02442
rs6432540      	1	160450703	 0.00737 	 0.01579
rs6745766      	1	160454795	 0.00753 	 0.00016
rs66499418     	1	160454876	 0.00833 	 -0.01749
rs74974787     	1	160456133	 0.00840 	 0.01623
rs113542967    	1	160456355	 0.00780 	 -0.01054
rs7563368      	1	160457075	 0.00780 	 -0.02145
rs10195287     	1	160461478	 0.00686 	 0.00193
rs4664290      	1	160462582	 0.00737 	 -0.00794
rs10204535     	1	160463692	 0.00751 	 -0.01423
rs747707       	1	160465514	 0.00836 	 0.00526
rs918969       	1	160466656	 0.00827 	 0.00216
rs6731277      	1	160467117	 0.00842 	 0.00260
rs76202233     	1	160468234	 0.00659 	 0.00827
rs1046496      	1	160473399	 0.00913 	 -0.04838
rs56164018     	1	160474599	 0.00787 	 -0.01006
rs1425044      	1	160474937	 0.00700 	 0.00255
rs13020365     	1	160476404	 0.00783 	 -0.02122
rs66537229     	1	160480606	 0.00827 	 -0.00358
rs10460340     	1	160482081	 0.00714 	 0.00724
rs357008       	1	160482601	 0.00867 	 -0.00900
rs357009       	1	160483148	 0.00945 	 0.04527
rs4665094      	1	160483473	 0.00763 	 -0.00976
rs4665097      	1	160484368	 0.00773 	 -0.00917
rs357012       	1	160484415	 0.00856 	 -0.01491
rs146452144    	1	160484801	 0.00767 	 -0.00664
rs357014       	1	160485978	 0.00914 	 -0.07499
rs357016       	1	160486314	 0.00839 	 0.00264
rs357019       	1	160487194	 0.00865 	 0.00458
rs357020       	1	160487267	 0.00956 	 0.03379
rs72956113     	1	160487643	 0.00816 	 0.00154
rs66571608     	1	160492362	 0.00825 	 0.00387
rs6753181      	1	160492438	 0.00724 	 0.00848
rs2357382      	1	160493125	 0.00740 	 0.00475
rs357033       	1	160494473	 0.00845 	 -0.02938
rs3940435      	1	160494783	 0.00734 	 -0.00963
rs6432543      	1	160495331	 0.00864 	 -0.00331
rs10432413     	1	160495754	 0.00734 	 -0.01902
rs6432545      	1	160498997	 0.00838 	 0.00354
rs75317087     	1	160501274	 0.00692 	 0.01046
rs6711125      	1	160501551	 0.00874 	 -0.01814
rs67961847     	1	160501761	 0.00834 	 -0.00101
rs12463861     	1	160502918	 0.00671 	 -0.00221
rs12467561     	1	160502927	 0.00696 	 -0.00476
rs13002625     	1	160504625	 0.00715 	 0.00173
rs55996124     	1	160505080	 0.00750 	 -0.00890
rs10184034     	1	160505427	 0.00761 	 0.03779
rs4665100      	1	160505790	 0.00766 	 -0.01836
rs66589863     	1	160506195	 0.00830 	 0.00041
rs4144512      	1	160507519	 0.00881 	 0.01830
rs11676412     	1	160508071	 0.00749 	 0.01210
rs35241460     	1	160508200	 0.00865 	 0.01594
rs13006088     	1	160509426	 0.00873 	 0.02767
rs72621692     	1	160509593	 0.00815 	 0.00152
rs2042774      	1	160510007	 0.00862 	 0.02452
rs2042775      	1	160510092	 0.00892 	 0.04484
rs2162496      	1	160510290	 0.00734 	 -0.00609
rs2042776      	1	160510304	 0.00666 	 0.00295
rs67018461     	1	160511897	 0.00872 	 0.01659
rs34385495     	1	160512883	 0.00843 	 -0.01749
rs7604482      	1	160513826	 0.00775 	 0.02607
rs12474082     	1	160513914	 0.00803 	 -0.01036
rs56186214     	1	160515266	 0.00722 	 -0.00546
rs10176436     	1	160515394	 0.00762 	 0.02654
