rs 	 chr 	 pos 	 postc 	 beta
rs12905452     	1	89371423	 0.00888 	 0.01918
rs953066       	1	89402896	 0.00513 	 -0.00798
rs1983332      	1	89409603	 0.00562 	 -0.00768
rs1516797      	1	89410314	 0.00587 	 -0.01244
rs6496527      	1	89410822	 0.00608 	 -0.01241
rs8042988      	1	89412279	 0.00574 	 -0.00959
rs1879529      	1	89414295	 0.00553 	 -0.00956
rs3817428      	1	89415247	 0.00620 	 -0.01337
rs875024       	1	89423749	 0.00710 	 0.01906
rs7179459      	1	89425639	 0.00662 	 0.00204
rs939590       	1	89425779	 0.01880 	 -0.03013
rs939589       	1	89426050	 0.00652 	 -0.00681
rs17791430     	1	89426935	 0.01679 	 -0.02518
rs8025485      	1	89427127	 0.01853 	 -0.02932
rs7170845      	1	89427533	 0.01757 	 -0.02393
rs7170063      	1	89427782	 0.01881 	 -0.02953
rs4932440      	1	89427821	 0.00641 	 -0.00511
rs12917052     	1	89430177	 0.01772 	 -0.02511
rs3743395      	1	89430506	 0.01812 	 -0.02930
rs35522681     	1	89430696	 0.00634 	 -0.00317
rs8040072      	1	89432622	 0.01677 	 -0.02788
rs35727670     	1	89433562	 0.00721 	 -0.01142
rs884727       	1	89436085	 0.01258 	 -0.02231
rs8039131      	1	89436295	 0.01227 	 -0.01519
rs8043470      	1	89436512	 0.02387 	 -0.01622
rs8024551      	1	89436635	 0.02451 	 -0.02561
rs8029546      	1	89436661	 0.02483 	 -0.02887
rs8029559      	1	89436671	 0.02462 	 -0.02793
rs6496531      	1	89437029	 0.02574 	 -0.03387
rs6496532      	1	89437062	 0.02812 	 -0.04999
rs6496533      	1	89437112	 0.02475 	 -0.03283
rs12148326     	1	89438478	 0.01324 	 -0.02730
rs1064085      	1	89445527	 0.03032 	 -0.04560
rs3743392      	1	89445651	 0.01305 	 -0.02222
rs1879530      	1	89445784	 0.02168 	 -0.03643
rs12148547     	1	89446301	 0.02715 	 -0.03444
rs4932447      	1	89446521	 0.01214 	 -0.01776
rs10852114     	1	89446786	 0.02703 	 -0.03716
rs35729705     	1	89447017	 0.02680 	 -0.03951
rs11073821     	1	89447092	 0.02480 	 -0.01201
rs8029053      	1	89450087	 0.01619 	 -0.00877
rs4932449      	1	89451511	 0.02536 	 -0.03301
rs2280213      	1	89452763	 0.00812 	 0.01389
rs3784752      	1	89453788	 0.01706 	 0.03105
rs3784751      	1	89453862	 0.00570 	 -0.00423
rs34239095     	1	89455768	 0.01098 	 0.02198
rs35936125     	1	89456306	 0.00705 	 0.01177
rs3743387      	1	89456356	 0.00710 	 0.01240
rs4945         	1	89456544	 0.00676 	 0.00203
rs12911703     	1	89456948	 0.01097 	 0.02302
rs60325296     	1	89459035	 0.00976 	 0.02042
rs71408896     	1	89459065	 0.00774 	 -0.02131
rs35706398     	1	89459179	 0.00686 	 0.01023
rs7168214      	1	89459266	 0.00815 	 -0.01134
rs7169845      	1	89459378	 0.00855 	 -0.01947
rs35043347     	1	89459603	 0.01019 	 0.01933
rs58743434     	1	89460555	 0.00861 	 -0.02111
rs34880771     	1	89460632	 0.00737 	 0.01089
rs72749924     	1	89460938	 0.00752 	 -0.01710
rs7171119      	1	89461996	 0.01107 	 0.02202
rs7172810      	1	89464652	 0.00986 	 0.01388
rs34717912     	1	89465534	 0.01157 	 -0.00258
rs12903721     	1	89466511	 0.01124 	 0.01724
rs35488492     	1	89466598	 0.00952 	 -0.02165
rs1961839      	1	89467454	 0.00907 	 -0.01891
rs34924463     	1	89468556	 0.01234 	 -0.04937
rs34452911     	1	89468661	 0.01201 	 -0.00446
rs12901796     	1	89470098	 0.01219 	 0.01669
rs12438753     	1	89470781	 0.00974 	 -0.02250
rs12903118     	1	89471101	 0.01263 	 -0.01914
rs1850324      	1	89472267	 0.00891 	 -0.00491
rs34779849     	1	89472597	 0.01277 	 -0.00411
rs55643402     	1	89473028	 0.00915 	 -0.02070
rs12912569     	1	89473153	 0.01266 	 -0.01397
rs12917490     	1	89473805	 0.00903 	 -0.01380
rs35861497     	1	89474338	 0.01360 	 0.08369
rs8039998      	1	89474659	 0.00904 	 -0.01858
rs12913878     	1	89475081	 0.01367 	 0.05303
rs8036287      	1	89476673	 0.00913 	 -0.01898
rs17792423     	1	89477088	 0.01248 	 0.03086
rs10520679     	1	89477225	 0.01315 	 0.03366
rs55953398     	1	89477902	 0.01290 	 0.04005
rs10520680     	1	89478638	 0.01354 	 0.04531
rs12898558     	1	89479043	 0.01336 	 0.02837
rs6496536      	1	89479975	 0.00869 	 -0.01499
rs35760425     	1	89480162	 0.01302 	 0.02260
rs12907042     	1	89480621	 0.01307 	 0.04056
rs12908884     	1	89481022	 0.01333 	 0.03665
rs12900886     	1	89483298	 0.01184 	 0.01921
rs12324224     	1	89483568	 0.01228 	 0.02648
rs68076149     	1	89486490	 0.00800 	 -0.01864
rs12438134     	1	89487518	 0.00819 	 -0.01866
rs68004146     	1	89487745	 0.00780 	 -0.01609
rs12442621     	1	89493201	 0.00592 	 -0.00543
rs907782       	1	89494091	 0.00624 	 0.00074
rs907781       	1	89494942	 0.00615 	 0.00484
rs8032849      	1	89495166	 0.00656 	 -0.00055
rs12439824     	1	89495383	 0.00627 	 0.00875
rs12439142     	1	89495389	 0.00630 	 0.00329
rs34286613     	1	89496283	 0.00651 	 0.01305
rs35207204     	1	89496711	 0.01010 	 0.03273
rs62023554     	1	89496780	 0.01000 	 0.02632
rs34528037     	1	89497031	 0.01010 	 0.01168
rs12437678     	1	89497084	 0.00646 	 0.01079
rs12440803     	1	89497100	 0.00595 	 0.00982
rs8025217      	1	89497224	 0.00984 	 -0.00848
rs11857520     	1	89497473	 0.00959 	 -0.00466
rs11073823     	1	89497651	 0.00975 	 0.03547
rs12050555     	1	89497822	 0.00985 	 -0.00920
rs7175309      	1	89497949	 0.00948 	 0.00034
rs35392854     	1	89498411	 0.00959 	 0.01171
rs62024762     	1	89498437	 0.00982 	 0.00670
rs35199895     	1	89498559	 0.00978 	 -0.00318
rs35336431     	1	89498775	 0.00953 	 -0.00929
