rs 	 chr 	 pos 	 postc 	 beta
rs113893746    	1	2552541	 0.00509 	 0.00781
rs6930814      	1	2553036	 0.00534 	 0.00864
rs73717014     	1	2553050	 0.00523 	 0.00491
rs6903891      	1	2553611	 0.00507 	 0.02390
rs7771984      	1	2554266	 0.00529 	 -0.02204
rs7748519      	1	2554405	 0.00521 	 0.00360
rs7748540      	1	2554457	 0.00512 	 -0.03022
rs56060084     	1	2555394	 0.00537 	 0.01546
rs55894727     	1	2555665	 0.00545 	 -0.01347
rs59126313     	1	2555896	 0.00499 	 -0.01449
rs76643298     	1	2556313	 0.00502 	 -0.00147
rs143874523    	1	2556396	 0.00539 	 0.01670
rs58282599     	1	2556706	 0.00524 	 0.02527
rs76936688     	1	2563856	 0.00570 	 0.01967
rs77715289     	1	2574094	 0.01071 	 0.04115
rs2794563      	1	2608796	 0.04594 	 -0.04010
rs12197076     	1	2610545	 0.00831 	 0.02008
rs7753970      	1	2613909	 0.00551 	 0.00597
rs7755154      	1	2613944	 0.00547 	 0.00682
rs12204551     	1	2614232	 0.00794 	 0.01624
rs6927985      	1	2615342	 0.00804 	 0.01540
rs12195939     	1	2619971	 0.00832 	 0.02554
rs12205879     	1	2620193	 0.00762 	 0.00849
rs900398       	1	2622105	 0.00809 	 0.02353
rs1545849      	1	2622911	 0.00779 	 0.01494
rs9501863      	1	2623423	 0.04346 	 -0.04112
rs17135340     	1	2624053	 0.00810 	 0.02029
rs12213592     	1	2624381	 0.00801 	 0.01796
rs12213751     	1	2624604	 0.00818 	 0.01449
rs12213864     	1	2624842	 0.00719 	 0.01219
rs7771891      	1	2625304	 0.00756 	 0.01547
rs12190315     	1	2626083	 0.00816 	 0.02373
rs9503235      	1	2627140	 0.04021 	 -0.03787
rs12199629     	1	2627901	 0.00731 	 0.01297
rs7759042      	1	2629151	 0.00767 	 0.01640
rs9503236      	1	2630467	 0.00656 	 -0.01890
rs9503237      	1	2631241	 0.00609 	 -0.00353
rs6920352      	1	2631965	 0.00633 	 -0.00383
rs72840036     	1	2632793	 0.00485 	 -0.00117
rs10900927     	1	2632929	 0.00952 	 0.01839
rs6930750      	1	2633674	 0.00730 	 0.01376
rs6938753      	1	2634939	 0.01478 	 0.02799
rs9328110      	1	2635495	 0.01454 	 0.02574
rs9405571      	1	2638542	 0.00510 	 -0.00568
rs71552133     	1	2659056	 0.00553 	 0.01028
rs733985       	1	2666932	 0.00484 	 -0.00444
rs34996268     	1	2669005	 0.00550 	 -0.01320
rs12208639     	1	2669246	 0.00770 	 0.02299
rs12195912     	1	2669793	 0.00615 	 0.01327
rs7772107      	1	2669896	 0.00483 	 -0.00123
rs12200414     	1	2670186	 0.00602 	 0.01719
rs12214362     	1	2670203	 0.00644 	 0.02501
rs9328113      	1	2671994	 0.00559 	 -0.00924
rs12193153     	1	2673122	 0.00629 	 0.02005
rs72840075     	1	2681733	 0.00595 	 -0.01198
rs9503250      	1	2682059	 0.00579 	 -0.00970
rs966232       	1	2685677	 0.00544 	 -0.00664
rs9501875      	1	2685970	 0.00539 	 -0.00575
rs9392414      	1	2686488	 0.00639 	 -0.01380
rs34400476     	1	2689553	 0.00604 	 0.01652
rs35893759     	1	2689688	 0.00609 	 0.01310
rs78143107     	1	2689826	 0.00608 	 0.01713
rs74687036     	1	2689827	 0.00657 	 0.02655
rs9503253      	1	2692122	 0.00527 	 0.00920
rs9391962      	1	2693442	 0.00686 	 0.01509
rs28576889     	1	2693786	 0.00719 	 0.01984
rs13211557     	1	2697688	 0.00528 	 -0.00595
rs6917059      	1	2699502	 0.00519 	 -0.00029
rs2147401      	1	2703750	 0.00813 	 -0.00807
rs4142287      	1	2705227	 0.00804 	 -0.00612
rs9328120      	1	2707403	 0.00816 	 0.00816
rs927714       	1	2710763	 0.00819 	 0.01752
rs6929056      	1	2718140	 0.00789 	 -0.02077
rs6929240      	1	2718204	 0.00803 	 0.01769
rs6596905      	1	2719399	 0.00818 	 -0.01955
rs6596907      	1	2719496	 0.00827 	 -0.01339
rs6596908      	1	2719591	 0.00839 	 -0.01633
rs4959205      	1	2719613	 0.00854 	 -0.01677
rs4959206      	1	2719902	 0.00851 	 -0.03405
rs4959209      	1	2720366	 0.00888 	 -0.04581
rs9405182      	1	2720502	 0.00861 	 -0.04065
rs9392421      	1	2720764	 0.00862 	 -0.03964
rs9501881      	1	2720867	 0.00823 	 -0.04033
rs10900928     	1	2721009	 0.00886 	 -0.04917
rs6931611      	1	2721266	 0.00709 	 -0.01169
rs6930284      	1	2721268	 0.00790 	 -0.01508
rs6930470      	1	2721323	 0.00764 	 -0.02019
rs4959713      	1	2721352	 0.00801 	 -0.02143
rs77699139     	1	2732971	 0.00576 	 -0.01038
rs4959717      	1	2737052	 0.00591 	 -0.00160
rs4959718      	1	2737077	 0.00613 	 -0.01089
rs4959719      	1	2737207	 0.00590 	 -0.01305
rs4959720      	1	2737208	 0.00577 	 -0.01119
rs4959722      	1	2738160	 0.00597 	 -0.01814
rs9503291      	1	2739429	 0.00628 	 -0.02357
rs4959724      	1	2740085	 0.00603 	 -0.01093
rs12206599     	1	2741241	 0.00605 	 -0.00870
rs6931608      	1	2742567	 0.00599 	 -0.01282
rs9392424      	1	2742621	 0.00715 	 -0.01693
rs62389653     	1	2742834	 0.00591 	 -0.00829
rs58073672     	1	2742845	 0.00719 	 -0.02388
rs35293043     	1	2743237	 0.00686 	 0.01471
rs7775946      	1	2743245	 0.00635 	 -0.01299
rs12194035     	1	2746568	 0.00726 	 0.01569
rs72838577     	1	2747040	 0.00745 	 0.01661
rs2169375      	1	2747530	 0.00603 	 -0.00325
rs4959726      	1	2747741	 0.00571 	 0.00825
rs34867293     	1	2747884	 0.00620 	 -0.00054
rs12525682     	1	2748046	 0.00675 	 -0.01140
rs17135668     	1	2748517	 0.00671 	 -0.00928
rs2219634      	1	2748877	 0.00761 	 0.02628
rs2296356      	1	2749381	 0.01357 	 -0.03220
rs2296355      	1	2749661	 0.00680 	 -0.01283
rs1033916      	1	2750426	 0.00619 	 -0.01077
rs9405584      	1	2750745	 0.00722 	 -0.01413
rs13204159     	1	2752338	 0.00784 	 0.01541
rs17135673     	1	2753152	 0.01484 	 -0.03560
rs34477540     	1	2754776	 0.00591 	 -0.00837
rs1466390      	1	2754794	 0.01076 	 -0.05671
rs17135674     	1	2755258	 0.00940 	 0.01763
rs7750121      	1	2755934	 0.00869 	 0.02836
rs1535923      	1	2756683	 0.00750 	 -0.01520
rs1018620      	1	2756785	 0.00741 	 -0.01497
rs4959729      	1	2756880	 0.00732 	 -0.01659
rs17135676     	1	2756982	 0.01515 	 -0.03443
rs12198380     	1	2757009	 0.00605 	 0.01404
rs9501886      	1	2758152	 0.00726 	 -0.00993
rs12202342     	1	2759201	 0.00619 	 0.01613
rs13202839     	1	2759271	 0.00849 	 0.03109
rs75785721     	1	2759490	 0.01618 	 -0.04040
rs9503296      	1	2759913	 0.00729 	 -0.01470
rs10080768     	1	2760245	 0.00754 	 -0.01322
rs10080269     	1	2760373	 0.00590 	 0.00802
rs12211792     	1	2760407	 0.00845 	 0.03436
rs1381326      	1	2760872	 0.00902 	 0.04772
rs75797932     	1	2761485	 0.01021 	 0.03456
rs6919796      	1	2762291	 0.00616 	 -0.01004
rs6596914      	1	2762566	 0.00640 	 -0.01243
rs7757318      	1	2762742	 0.00824 	 0.03251
rs12215900     	1	2762802	 0.00854 	 0.02833
rs9501887      	1	2762828	 0.00517 	 0.00380
rs80197871     	1	2762941	 0.01427 	 -0.02027
rs75357382     	1	2763051	 0.00909 	 0.02464
rs12191927     	1	2763052	 0.00820 	 -0.00021
rs12196542     	1	2763101	 0.00830 	 0.02846
rs4959730      	1	2763112	 0.00744 	 -0.00726
rs34503764     	1	2763354	 0.00606 	 -0.01462
rs13196284     	1	2763515	 0.00907 	 -0.02488
rs13193327     	1	2763613	 0.00897 	 -0.02265
rs6596916      	1	2763629	 0.00730 	 -0.01080
rs13193342     	1	2763663	 0.00608 	 -0.00557
rs6596917      	1	2763668	 0.00726 	 -0.01015
rs13207957     	1	2763682	 0.00610 	 -0.01373
rs13196532     	1	2763726	 0.00796 	 -0.02307
rs6900099      	1	2763738	 0.01675 	 -0.04365
rs6922354      	1	2763885	 0.01013 	 -0.02414
rs6942236      	1	2763908	 0.01683 	 -0.04452
rs9392425      	1	2763923	 0.00665 	 0.01130
rs6922514      	1	2763935	 0.00915 	 -0.01243
rs13210509     	1	2764015	 0.00838 	 0.02584
