rs 	 chr 	 pos 	 postc 	 beta
rs10199046     	1	51669594	 0.00554 	 -0.00974
rs11563100     	1	51669730	 0.00562 	 -0.00439
rs4988641      	1	51669963	 0.00629 	 0.02363
rs2353825      	1	51669974	 0.00668 	 0.03234
rs888107       	1	51670142	 0.00599 	 0.02210
rs11563101     	1	51670973	 0.00570 	 0.00872
rs11562989     	1	51671047	 0.00557 	 0.01103
rs11563024     	1	51671057	 0.00732 	 0.05969
rs11563122     	1	51671398	 0.00588 	 -0.01167
rs7578318      	1	51671935	 0.00541 	 -0.00642
rs11888857     	1	51673576	 0.00682 	 0.01699
rs13011380     	1	51673643	 0.00733 	 0.03257
rs13011925     	1	51673712	 0.00760 	 0.06341
rs13012168     	1	51673864	 0.00723 	 0.03458
rs13012231     	1	51674029	 0.00641 	 -0.02140
rs13006383     	1	51674147	 0.00743 	 0.05315
rs13030070     	1	51674451	 0.00581 	 0.00593
rs6734029      	1	51675021	 0.00691 	 0.01808
rs6721908      	1	51675198	 0.00683 	 0.02109
rs6737158      	1	51675335	 0.00705 	 0.02380
rs6737381      	1	51675468	 0.00683 	 0.00125
rs13020816     	1	51676355	 0.00694 	 0.02763
rs12995306     	1	51676683	 0.00644 	 -0.01585
rs7591147      	1	51677024	 0.00567 	 -0.00793
rs13001371     	1	51677303	 0.00639 	 -0.01925
rs10207943     	1	51677549	 0.00566 	 0.01060
rs13001835     	1	51677624	 0.00702 	 0.01732
rs6709117      	1	51679160	 0.02041 	 0.09305
rs12992742     	1	51679655	 0.01419 	 0.05463
rs13016411     	1	51679656	 0.01402 	 0.05725
rs13017345     	1	51679915	 0.01587 	 0.04974
rs13022923     	1	51680339	 0.01337 	 0.03663
rs11563049     	1	51680692	 0.01210 	 0.01820
rs10221925     	1	51680885	 0.01039 	 0.04181
rs13023625     	1	51680935	 0.01634 	 0.04914
rs13024366     	1	51681065	 0.00940 	 0.03789
rs11563182     	1	51681081	 0.01106 	 0.04674
rs10221616     	1	51681607	 0.01013 	 0.02630
rs11563050     	1	51681732	 0.01895 	 0.08376
rs13036132     	1	51682157	 0.01600 	 0.05269
rs10221549     	1	51682222	 0.00996 	 0.03252
rs11563183     	1	51682417	 0.01669 	 0.05908
rs1528799      	1	51682764	 0.01024 	 0.04324
rs12988318     	1	51682854	 0.01581 	 0.05524
rs6712493      	1	51683481	 0.01013 	 0.03292
rs6754612      	1	51683487	 0.01029 	 0.03429
rs2103316      	1	51683511	 0.01033 	 0.04796
rs6754634      	1	51683566	 0.01024 	 0.04104
rs13021773     	1	51684035	 0.01795 	 0.07371
rs11562938     	1	51684362	 0.01906 	 0.08029
rs11562962     	1	51684776	 0.00981 	 0.02642
rs11563184     	1	51684852	 0.00980 	 0.02923
rs6721305      	1	51685273	 0.01006 	 0.02753
rs11563051     	1	51686537	 0.01193 	 -0.02959
rs6736983      	1	51689113	 0.00176 	 -0.00345
rs991903       	1	51689779	 0.00437 	 0.02380
rs983650       	1	51691850	 0.00192 	 0.00961
rs1406423      	1	51692366	 0.00414 	 0.00796
rs1406422      	1	51692406	 0.00453 	 0.02315
rs11563048     	1	51692541	 0.01413 	 0.05072
rs994132       	1	51692825	 0.00472 	 0.02136
rs11563179     	1	51693002	 0.00761 	 0.00892
rs1861459      	1	51693725	 0.00575 	 0.03513
rs13013375     	1	51694953	 0.00469 	 0.00312
rs1206399      	1	51695041	 0.00205 	 -0.01646
rs6740186      	1	51695441	 0.01176 	 -0.02930
rs11563047     	1	51696260	 0.00431 	 0.00146
rs1468819      	1	51697940	 0.00531 	 0.02208
rs7600494      	1	51698154	 0.00500 	 0.02127
rs7600686      	1	51698269	 0.00494 	 0.01653
rs12990453     	1	51698499	 0.00503 	 0.02411
rs12990624     	1	51698568	 0.01194 	 0.05407
rs13017602     	1	51698759	 0.01218 	 0.05101
rs12991242     	1	51698854	 0.01142 	 0.04469
rs17864503     	1	51699054	 0.01104 	 0.04334
rs13023184     	1	51699156	 0.00520 	 0.01729
rs12997062     	1	51699168	 0.00510 	 0.00551
rs13024202     	1	51699608	 0.00536 	 0.02585
rs6757147      	1	51699838	 0.00513 	 0.01668
rs17862671     	1	51699984	 0.00531 	 0.02175
rs17862672     	1	51700089	 0.00537 	 0.02107
rs13018831     	1	51702635	 0.04906 	 0.07936
rs2715053      	1	51702905	 0.00311 	 0.01883
rs6705941      	1	51706314	 0.00192 	 -0.01130
rs2031016      	1	51707157	 0.00262 	 -0.00233
rs10179539     	1	51707990	 0.00208 	 -0.02648
rs4971752      	1	51723275	 0.00704 	 0.03366
rs11884982     	1	51723794	 0.00758 	 0.03637
rs7589266      	1	51725168	 0.02734 	 0.06436
rs28950774     	1	51726096	 0.02247 	 0.05916
rs1919421      	1	51728315	 0.00900 	 0.04151
rs12991151     	1	51728688	 0.02349 	 0.06064
rs12996741     	1	51729256	 0.02574 	 0.06119
rs12996909     	1	51729261	 0.02744 	 0.06311
rs1528803      	1	51729505	 0.00912 	 0.04242
rs10170127     	1	51729681	 0.00589 	 0.03135
rs2698007      	1	51730887	 0.00866 	 0.03817
rs11125354     	1	51731236	 0.00180 	 0.01020
rs2354377      	1	51732257	 0.00183 	 -0.00496
rs2883423      	1	51732873	 0.00589 	 0.03034
rs2715063      	1	51733703	 0.00181 	 0.00618
rs1919426      	1	51735138	 0.00558 	 0.01030
rs2698009      	1	51735564	 0.00189 	 0.01224
rs1112550      	1	51735855	 0.00635 	 0.02331
rs1406426      	1	51736608	 0.00186 	 0.00421
rs1406427      	1	51736677	 0.00597 	 0.02002
rs1406428      	1	51736994	 0.00610 	 0.01727
rs11563172     	1	51742218	 0.00572 	 0.02986
rs11125360     	1	51742402	 0.01118 	 0.00901
rs11125361     	1	51742516	 0.01422 	 0.07638
rs13010068     	1	51743858	 0.01678 	 0.06812
rs13027868     	1	51744098	 0.01372 	 0.02787
rs11563170     	1	51744518	 0.01116 	 0.01410
rs2698005      	1	51744912	 0.00725 	 0.03541
rs13029605     	1	51744959	 0.03550 	 0.07055
rs13029262     	1	51744969	 0.02724 	 0.06446
rs1528795      	1	51745254	 0.00196 	 -0.01556
rs1528794      	1	51745293	 0.01197 	 0.04109
rs11563000     	1	51746397	 0.01161 	 0.03483
rs1534612      	1	51746897	 0.00191 	 -0.00379
rs13012007     	1	51754504	 0.03420 	 0.06946
rs1406419      	1	51755442	 0.01920 	 0.06039
rs2697999      	1	51756961	 0.00180 	 -0.00935
rs17862700     	1	51757112	 0.01195 	 0.03816
rs11884390     	1	51758566	 0.01417 	 0.05172
rs17863623     	1	51762755	 0.00302 	 -0.03040
rs2697996      	1	51763529	 0.00302 	 -0.02795
rs7580841      	1	51763928	 0.00255 	 0.00321
rs17864534     	1	51764360	 0.00261 	 0.00764
rs3915321      	1	51764718	 0.00305 	 0.01181
rs3915322      	1	51765008	 0.00317 	 0.01126
rs2354378      	1	51765416	 0.00314 	 0.01447
rs2698032      	1	51765855	 0.00278 	 0.00294
rs11680441     	1	51767398	 0.00362 	 0.02018
rs11680482     	1	51767543	 0.00320 	 0.01854
rs7592062      	1	51768912	 0.00285 	 0.01137
rs2950945      	1	51768939	 0.00293 	 0.01340
rs1997326      	1	51769196	 0.00296 	 0.00912
rs1528822      	1	51769647	 0.00294 	 0.00893
rs17864536     	1	51769693	 0.00544 	 -0.04166
rs1528821      	1	51770479	 0.00252 	 0.00514
rs1528820      	1	51770480	 0.00281 	 -0.00132
rs1528819      	1	51770770	 0.00289 	 0.01256
rs1528818      	1	51770818	 0.00295 	 0.00815
rs1919434      	1	51771417	 0.00251 	 0.00637
rs1528817      	1	51771557	 0.00283 	 0.00960
rs12995836     	1	51772064	 0.00430 	 0.02385
rs13001767     	1	51772415	 0.00330 	 0.01833
rs2698031      	1	51772808	 0.00288 	 0.01710
rs1358580      	1	51773028	 0.00292 	 0.01688
rs1358579      	1	51773348	 0.00305 	 0.01153
rs1358578      	1	51773393	 0.00356 	 0.02082
rs2715083      	1	51774235	 0.00369 	 0.02194
rs2715082      	1	51774246	 0.00322 	 0.01700
rs1528816      	1	51775261	 0.00264 	 0.00892
rs1528815      	1	51775273	 0.00302 	 0.01428
rs1528814      	1	51775511	 0.00266 	 0.01058
rs2715081      	1	51775814	 0.00307 	 0.01961
rs2715080      	1	51775858	 0.00346 	 0.02078
rs12991486     	1	51776115	 0.00407 	 0.02831
rs182639807    	1	51776814	 0.03113 	 0.05437
rs11563043     	1	51777241	 0.00262 	 0.00670
rs142161940    	1	51777658	 0.00276 	 0.00627
rs11563162     	1	51778608	 0.00276 	 0.00942
rs2715084      	1	51778654	 0.00275 	 0.00565
rs2715085      	1	51778714	 0.00306 	 -0.00040
rs2715086      	1	51778721	 0.00278 	 0.00021
rs2715087      	1	51778738	 0.00273 	 0.00318
rs2715088      	1	51778828	 0.00277 	 0.00148
rs2715089      	1	51779120	 0.00258 	 -0.00031
rs2204730      	1	51779847	 0.00285 	 0.01130
rs2222779      	1	51780150	 0.00269 	 -0.00310
rs2698029      	1	51780259	 0.00272 	 -0.00102
rs2715079      	1	51781034	 0.00290 	 0.01414
rs2698028      	1	51781853	 0.00277 	 -0.00020
rs2698027      	1	51781880	 0.00289 	 0.00341
rs2715078      	1	51782111	 0.00297 	 0.00452
rs2715077      	1	51782284	 0.00269 	 0.00295
rs2698026      	1	51782507	 0.00266 	 0.00184
rs13035778     	1	51782971	 0.00310 	 0.00738
rs13035960     	1	51783014	 0.00276 	 0.00938
rs147644186    	1	51784017	 0.00271 	 0.00458
rs146741962    	1	51784409	 0.00333 	 0.02053
rs145277379    	1	51784430	 0.00347 	 0.01755
rs141500117    	1	51784626	 0.00286 	 0.01359
rs79223146     	1	51784658	 0.00310 	 0.02058
rs141527667    	1	51784796	 0.00267 	 0.01248
rs2465527      	1	51785000	 0.00325 	 0.02580
rs2465528      	1	51785018	 0.00297 	 0.02222
rs2950943      	1	51785460	 0.00302 	 0.00246
rs17868175     	1	51785580	 0.02677 	 -0.05953
rs2950942      	1	51785617	 0.00277 	 0.00095
rs2715062      	1	51786142	 0.00282 	 -0.00428
rs2698024      	1	51786520	 0.00269 	 -0.00248
rs2698023      	1	51786784	 0.00286 	 -0.00019
rs2698022      	1	51787982	 0.00272 	 -0.00026
rs2698021      	1	51788504	 0.00253 	 0.00153
rs2715061      	1	51789314	 0.00258 	 0.00372
