rs 	 chr 	 pos 	 postc 	 beta
rs9493695      	1	134010506	 0.02295 	 0.07763
rs1468054      	1	134011168	 0.02976 	 0.08662
rs9493698      	1	134013272	 0.01470 	 0.05504
rs6569897      	1	134017281	 0.01471 	 0.05001
rs6569898      	1	134024675	 0.02466 	 0.08068
rs736572       	1	134027838	 0.02542 	 0.08068
rs6925029      	1	134030630	 0.03469 	 0.09382
rs7767765      	1	134032531	 0.02429 	 0.07695
rs6569899      	1	134033066	 0.00309 	 -0.01751
rs9493710      	1	134039061	 0.04333 	 0.09363
rs13196860     	1	134040748	 0.02072 	 0.07163
rs12660662     	1	134040919	 0.00318 	 -0.01945
rs12660720     	1	134041282	 0.00315 	 -0.02718
rs13219946     	1	134042701	 0.00290 	 -0.01879
rs12661599     	1	134043509	 0.00310 	 -0.01635
rs13194152     	1	134044034	 0.00302 	 -0.01349
rs35439350     	1	134045253	 0.00288 	 -0.01776
rs6921832      	1	134048274	 0.02472 	 0.08009
rs6906782      	1	134048639	 0.00302 	 -0.01346
rs12203961     	1	134048964	 0.02087 	 0.07643
rs17398664     	1	134049860	 0.00315 	 -0.01635
rs6939216      	1	134050715	 0.03133 	 0.08477
rs9493712      	1	134054349	 0.02153 	 0.07495
rs12660957     	1	134056100	 0.00276 	 -0.01360
rs13200337     	1	134056255	 0.00307 	 -0.01182
rs13203797     	1	134056573	 0.00295 	 -0.01961
rs13204047     	1	134056659	 0.00304 	 -0.01756
rs9321412      	1	134058352	 0.02609 	 0.08019
rs9493716      	1	134058643	 0.02400 	 0.08044
rs6941465      	1	134059623	 0.00315 	 -0.01551
rs6918525      	1	134059664	 0.00305 	 -0.01494
rs6918884      	1	134059834	 0.00296 	 -0.01346
rs6926195      	1	134061471	 0.00280 	 -0.01211
rs62427563     	1	134062298	 0.00289 	 -0.00790
rs68054668     	1	134062884	 0.00310 	 -0.01359
rs7739104      	1	134063880	 0.01222 	 0.03270
rs9493719      	1	134064081	 0.02033 	 0.07816
rs12216307     	1	134064162	 0.01191 	 -0.00050
rs36092198     	1	134064546	 0.01210 	 0.03927
rs13194345     	1	134067082	 0.00273 	 -0.00147
rs10485153     	1	134069098	 0.02920 	 0.08598
rs10485154     	1	134069129	 0.00284 	 0.00689
rs2069060      	1	134069329	 0.02692 	 0.08369
rs6917316      	1	134072259	 0.02965 	 0.08212
rs2207405      	1	134073214	 0.03933 	 0.09402
rs17399159     	1	134082867	 0.00331 	 0.02496
rs1000025      	1	134085319	 0.03669 	 0.08439
rs7739052      	1	134086768	 0.06842 	 0.09407
rs7739826      	1	134087010	 0.06300 	 0.09303
rs7739428      	1	134087068	 0.00304 	 0.01975
rs1999756      	1	134089019	 0.33637 	 0.10254
rs4895986      	1	134090759	 0.00642 	 -0.03453
rs62426198     	1	134090782	 0.00342 	 0.02997
rs1208240      	1	134097764	 0.00401 	 0.01815
rs12204363     	1	134098184	 0.00392 	 -0.01996
rs1208241      	1	134099327	 0.00394 	 0.02111
rs1208242      	1	134100937	 0.00428 	 0.01524
rs17062853     	1	134101045	 0.00256 	 0.00042
rs12203224     	1	134101494	 0.00384 	 -0.02001
rs1746011      	1	134101627	 0.00408 	 0.02168
rs12206782     	1	134103192	 0.00391 	 -0.02319
rs12193307     	1	134103250	 0.00423 	 -0.01906
rs1208256      	1	134104132	 0.00225 	 -0.00672
rs4895987      	1	134104468	 0.00238 	 -0.00663
rs12196907     	1	134105003	 0.00267 	 0.00752
rs1208259      	1	134107191	 0.00218 	 -0.00203
rs1414668      	1	134108060	 0.00362 	 -0.00781
rs1208260      	1	134108701	 0.00419 	 0.02019
rs1209415      	1	134110247	 0.00248 	 -0.01311
rs6909803      	1	134111198	 0.00376 	 0.00205
rs1763943      	1	134111571	 0.00219 	 -0.00882
rs12213745     	1	134111891	 0.00370 	 -0.00446
rs1763944      	1	134112649	 0.00420 	 0.01701
rs1414670      	1	134114096	 0.00390 	 0.00842
rs11154744     	1	134115357	 0.00460 	 0.03012
rs4895989      	1	134115864	 0.00398 	 0.00634
rs4895990      	1	134115915	 0.00356 	 -0.00226
rs4895991      	1	134116003	 0.00397 	 0.00585
rs1746012      	1	134117879	 0.00448 	 0.02287
rs4895992      	1	134118263	 0.00393 	 0.00934
rs1855895      	1	134118977	 0.00373 	 -0.00185
rs1763945      	1	134119829	 0.00421 	 0.02222
rs1616030      	1	134119854	 0.00419 	 0.02338
rs1575446      	1	134120196	 0.00447 	 0.02459
rs4895994      	1	134120826	 0.00406 	 0.00219
rs2104261      	1	134121502	 0.00430 	 0.02632
rs1853437      	1	134122100	 0.95273 	 0.08490
rs1208243      	1	134122462	 0.00572 	 0.03532
rs1208244      	1	134123071	 0.00417 	 -0.00197
rs4895387      	1	134123317	 0.00457 	 0.01608
rs11154745     	1	134123832	 0.00418 	 -0.00284
rs1208246      	1	134125630	 0.00450 	 0.03024
rs1208247      	1	134128283	 0.00459 	 -0.00255
rs1208248      	1	134129501	 0.00764 	 0.04203
rs716050       	1	134129825	 0.00449 	 -0.00157
rs1208249      	1	134130308	 0.00504 	 0.03727
rs1208250      	1	134130932	 0.00188 	 -0.01233
rs1208251      	1	134131005	 0.00480 	 0.02891
rs1208252      	1	134131421	 0.00485 	 -0.01633
rs1208253      	1	134132224	 0.00489 	 -0.00655
rs6569906      	1	134132333	 0.00420 	 0.00730
rs1208254      	1	134132516	 0.00531 	 0.03284
rs1208255      	1	134133046	 0.00216 	 -0.01763
rs1209414      	1	134134555	 0.00223 	 -0.01486
rs1208233      	1	134135151	 0.00227 	 -0.01706
rs1208234      	1	134135326	 0.00454 	 -0.01042
rs942130       	1	134135761	 0.00476 	 -0.01074
rs1208235      	1	134136079	 0.00481 	 0.02837
rs942131       	1	134136153	 0.00577 	 0.03797
rs1208236      	1	134138444	 0.00500 	 -0.00765
rs1208237      	1	134140524	 0.00483 	 -0.00467
rs1041714      	1	134141309	 0.00205 	 -0.01375
rs11154746     	1	134141977	 0.00222 	 0.01099
rs17062904     	1	134142442	 0.00504 	 0.01814
rs942132       	1	134142660	 0.00465 	 -0.00073
rs1208239      	1	134143009	 0.00500 	 -0.00446
rs4895998      	1	134143761	 0.00199 	 0.00385
rs1208264      	1	134144820	 0.00237 	 0.01141
rs1208265      	1	134146135	 0.00994 	 -0.03417
rs1208266      	1	134146509	 0.00190 	 0.01283
rs4895999      	1	134147153	 0.00188 	 -0.00465
rs1208267      	1	134147161	 0.01316 	 -0.04434
rs1208268      	1	134149230	 0.03236 	 -0.06366
rs9389106      	1	134150456	 0.00283 	 0.02145
rs4895388      	1	134150561	 0.00222 	 -0.00249
rs9321418      	1	134150633	 0.08433 	 -0.07605
rs12193973     	1	134151297	 0.00224 	 0.00610
rs1746015      	1	134152181	 0.07437 	 -0.07439
rs1763938      	1	134152505	 0.10870 	 -0.07800
rs1763937      	1	134152591	 0.07673 	 -0.07471
rs6906375      	1	134152627	 0.00240 	 -0.00571
rs2876224      	1	134153509	 0.00241 	 -0.00617
rs1746016      	1	134153531	 0.11528 	 -0.07852
rs11154750     	1	134156979	 0.00213 	 -0.00794
rs1208285      	1	134158800	 0.00365 	 0.02890
rs4895389      	1	134159152	 0.00240 	 0.00263
rs1535615      	1	134159189	 0.10224 	 -0.07692
rs1969783      	1	134159399	 0.00237 	 0.00728
rs1966248      	1	134159622	 0.00253 	 0.01551
rs1208281      	1	134159812	 0.00235 	 0.01548
rs9285476      	1	134159976	 0.00263 	 0.01270
rs1208282      	1	134160256	 0.09683 	 -0.07912
rs1208280      	1	134165237	 0.00219 	 0.01028
rs9375986      	1	134170124	 0.00199 	 -0.01088
rs6903612      	1	134170352	 0.00210 	 -0.01150
rs9389108      	1	134170549	 0.00203 	 -0.00880
rs1535616      	1	134171132	 0.00255 	 0.01800
rs1029212      	1	134171479	 0.00365 	 0.02484
rs1208279      	1	134171787	 0.03134 	 -0.06337
rs7752775      	1	134172346	 0.00232 	 0.01748
rs1126393      	1	134172762	 0.00214 	 -0.00772
rs4610586      	1	134172843	 0.03113 	 -0.06269
rs1126392      	1	134172950	 0.00224 	 -0.01193
rs12202017     	1	134173151	 0.00264 	 0.01948
rs9321419      	1	134173619	 0.03195 	 -0.06367
rs9375987      	1	134178405	 0.00193 	 -0.00815
rs1208273      	1	134178497	 0.02217 	 -0.05231
rs4518518      	1	134179260	 0.02146 	 -0.05217
rs9385670      	1	134180802	 0.00203 	 -0.00372
rs34523729     	1	134184826	 0.00220 	 0.00041
rs2105092      	1	134184972	 0.00214 	 0.00504
rs9375989      	1	134185707	 0.00205 	 -0.00559
rs1832181      	1	134186165	 0.00202 	 0.00162
rs2209042      	1	134188439	 0.00223 	 0.00304
rs10457618     	1	134188626	 0.00232 	 0.00046
rs7748433      	1	134188837	 0.03578 	 -0.06512
rs1613895      	1	134189219	 0.02437 	 -0.05385
rs12207772     	1	134189834	 0.00226 	 0.00349
rs9402538      	1	134189899	 0.00185 	 -0.00029
rs6924271      	1	134191426	 0.01358 	 -0.04814
rs6928765      	1	134191733	 0.03598 	 -0.06570
rs9321421      	1	134192156	 0.00218 	 -0.00326
rs17062983     	1	134193516	 0.00196 	 -0.00398
rs13218281     	1	134193714	 0.00211 	 0.00241
rs1001333      	1	134193859	 0.00182 	 -0.00200
rs17062991     	1	134193910	 0.00199 	 0.00113
rs1001331      	1	134194078	 0.03708 	 -0.06634
rs12192720     	1	134195719	 0.00215 	 0.00034
rs7769943      	1	134196327	 0.00204 	 0.00067
rs7769954      	1	134196381	 0.00226 	 0.00564
