rs 	 chr 	 pos 	 postc 	 beta
rs13289115     	1	110340820	 0.00700 	 0.00025
rs10759244     	1	110341137	 0.01287 	 -0.02482
rs10978931     	1	110346728	 0.01151 	 -0.01882
rs10978932     	1	110351687	 0.00735 	 0.01541
rs10217330     	1	110353261	 0.00765 	 0.00546
rs10816536     	1	110353625	 0.01232 	 0.02977
rs1815709      	1	110354931	 0.00965 	 -0.01617
rs10978933     	1	110355301	 0.00821 	 -0.01232
rs4978494      	1	110359718	 0.00952 	 -0.01829
rs7863505      	1	110359728	 0.00706 	 0.00974
rs1891654      	1	110360617	 0.00948 	 -0.01633
rs4979136      	1	110360883	 0.01246 	 -0.02425
rs10217796     	1	110360953	 0.01235 	 -0.02323
rs10217643     	1	110361014	 0.01208 	 -0.02311
rs7853054      	1	110361484	 0.01130 	 -0.01295
rs6477578      	1	110362000	 0.01209 	 -0.01541
rs7029115      	1	110362175	 0.00699 	 0.01832
rs7029218      	1	110362229	 0.00706 	 0.00259
rs6477579      	1	110362546	 0.00690 	 0.00018
rs6477580      	1	110362581	 0.00692 	 -0.00557
rs2066355      	1	110363360	 0.00673 	 -0.00107
rs7034018      	1	110363564	 0.00673 	 -0.00516
rs6477581      	1	110363810	 0.00678 	 0.00367
rs7046194      	1	110364562	 0.00784 	 0.01528
rs7019543      	1	110365310	 0.00705 	 0.00431
rs7019214      	1	110365337	 0.00646 	 0.00341
rs7019670      	1	110365382	 0.00687 	 0.01225
rs7022839      	1	110365749	 0.00689 	 -0.01842
rs7039322      	1	110365797	 0.00678 	 0.00533
rs10978934     	1	110366936	 0.00682 	 0.00779
rs2417801      	1	110367396	 0.00873 	 -0.00963
rs6415803      	1	110367550	 0.00855 	 -0.00964
rs10978936     	1	110367790	 0.00704 	 0.00055
rs10816538     	1	110368048	 0.00740 	 0.00794
rs10816540     	1	110370455	 0.00820 	 -0.01183
rs59932585     	1	110370488	 0.00863 	 -0.01518
rs10978939     	1	110371435	 0.00838 	 -0.01419
rs9299143      	1	110371479	 0.00805 	 -0.00999
rs10978940     	1	110372408	 0.00741 	 -0.03154
rs1891383      	1	110372800	 0.01007 	 -0.01639
rs10978941     	1	110373819	 0.00824 	 -0.01119
rs10118221     	1	110374819	 0.00886 	 -0.01167
rs10978942     	1	110375666	 0.00678 	 0.00124
rs10978943     	1	110375693	 0.01340 	 -0.02199
rs7869457      	1	110376654	 0.00956 	 -0.01463
rs6477585      	1	110376990	 0.00894 	 -0.01197
rs10978945     	1	110377174	 0.00699 	 0.01565
rs10978946     	1	110377780	 0.00696 	 0.01129
rs11788199     	1	110380433	 0.00696 	 0.00198
rs11788586     	1	110380582	 0.00708 	 0.00880
rs2017419      	1	110382117	 0.00719 	 -0.00392
rs12340796     	1	110383340	 0.00915 	 0.01516
rs1110403      	1	110383583	 0.00695 	 -0.00337
rs10759245     	1	110384379	 0.01107 	 0.01948
rs61523417     	1	110385156	 0.01012 	 -0.02372
rs10978948     	1	110387012	 0.00662 	 -0.00156
rs10978949     	1	110387076	 0.00708 	 0.00806
rs12345856     	1	110387266	 0.00658 	 -0.00190
rs12350781     	1	110387274	 0.00660 	 -0.00171
rs6477586      	1	110388405	 0.00654 	 0.00106
rs11792341     	1	110389295	 0.00780 	 0.00532
rs10978950     	1	110389815	 0.00808 	 0.01712
rs10978951     	1	110390063	 0.00829 	 0.01608
rs10816542     	1	110390064	 0.00800 	 0.00987
rs56119417     	1	110390544	 0.00809 	 0.01416
rs11789505     	1	110394583	 0.00961 	 -0.01790
rs73653613     	1	110394834	 0.00886 	 -0.01471
rs11794132     	1	110396073	 0.00833 	 0.01475
rs62568435     	1	110396548	 0.00798 	 0.01461
rs7864185      	1	110397107	 0.00784 	 -0.00282
rs10978956     	1	110397880	 0.00814 	 0.01684
rs62568436     	1	110402156	 0.00683 	 0.00565
rs12335966     	1	110404451	 0.00801 	 0.01537
rs11792278     	1	110405424	 0.00775 	 0.01431
rs7866207      	1	110409592	 0.00692 	 -0.00541
rs13440356     	1	110419280	 0.00748 	 0.00694
rs10978974     	1	110419626	 0.00774 	 0.02316
rs11790667     	1	110419649	 0.00823 	 0.10091
rs7029376      	1	110419935	 0.00767 	 0.01270
rs7029428      	1	110420189	 0.00790 	 0.00890
rs12344177     	1	110421125	 0.00771 	 0.00472
rs12344248     	1	110421151	 0.00765 	 0.00176
rs11791331     	1	110421445	 0.00788 	 -0.00615
rs9792647      	1	110421778	 0.00767 	 -0.01279
rs9792559      	1	110421989	 0.00782 	 -0.01719
rs12345493     	1	110422291	 0.00720 	 -0.00264
rs10978976     	1	110422418	 0.00770 	 -0.02636
rs10978978     	1	110422510	 0.00782 	 -0.01961
rs10816543     	1	110422723	 0.00774 	 -0.03099
rs10816545     	1	110422751	 0.00761 	 -0.03263
rs10978980     	1	110422980	 0.00774 	 -0.02888
rs4540459      	1	110425660	 0.00767 	 -0.02663
rs7871132      	1	110434141	 0.00768 	 0.01032
rs12236680     	1	110435685	 0.00761 	 0.00842
rs10816550     	1	110435868	 0.00744 	 0.00727
rs7026146      	1	110436690	 0.00732 	 0.00667
rs940290       	1	110436899	 0.00744 	 -0.00945
rs940288       	1	110436996	 0.00628 	 0.00090
rs10759247     	1	110438591	 0.00736 	 -0.00971
rs4524853      	1	110439352	 0.01072 	 0.01754
rs3858079      	1	110440040	 0.01035 	 0.01465
rs3858080      	1	110440081	 0.00747 	 -0.00574
rs10759250     	1	110446704	 0.00681 	 -0.00235
rs1916697      	1	110447570	 0.00671 	 -0.00304
rs35396193     	1	110448587	 0.00721 	 -0.00829
rs12686801     	1	110449021	 0.00678 	 -0.00102
rs72744125     	1	110452578	 0.00630 	 -0.00174
rs1523784      	1	110453475	 0.00667 	 0.00487
rs76747039     	1	110453984	 0.00725 	 -0.01126
rs2049366      	1	110454145	 0.00858 	 0.01385
rs7040076      	1	110454242	 0.00850 	 0.01240
rs183178047    	1	110454529	 0.00897 	 -0.01794
rs872522       	1	110457873	 0.00715 	 -0.00810
rs13288787     	1	110459086	 0.00670 	 -0.00433
rs1888152      	1	110461388	 0.00721 	 -0.01048
rs6477588      	1	110461629	 0.00654 	 -0.00233
rs7027151      	1	110461873	 0.00648 	 -0.00261
rs2183360      	1	110462650	 0.00670 	 0.00111
rs2149998      	1	110462930	 0.00727 	 -0.00630
rs4979258      	1	110463168	 0.00646 	 0.00103
rs4978544      	1	110464013	 0.00655 	 0.00371
rs7861362      	1	110465059	 0.00722 	 -0.00801
rs7861443      	1	110465086	 0.00711 	 -0.01114
rs4979263      	1	110465596	 0.00689 	 -0.00406
rs4979264      	1	110466214	 0.00723 	 -0.00609
rs6477590      	1	110467423	 0.00649 	 -0.00247
rs6477591      	1	110467498	 0.00636 	 -0.00260
rs1330145      	1	110467582	 0.00630 	 -0.00177
rs4979265      	1	110467834	 0.00661 	 -0.00224
rs1880147      	1	110469810	 0.00640 	 -0.00403
rs10816559     	1	110470612	 0.00673 	 -0.02146
rs13292222     	1	110472029	 0.00774 	 -0.00626
rs1411355      	1	110472296	 0.00763 	 -0.01025
rs10816561     	1	110472452	 0.00680 	 0.00776
rs955805       	1	110472479	 0.00780 	 -0.01435
rs7021898      	1	110473283	 0.00663 	 0.01510
rs7874022      	1	110474940	 0.00666 	 -0.00463
rs10979023     	1	110477887	 0.00630 	 -0.00366
rs7030148      	1	110478488	 0.00780 	 0.01312
rs184613986    	1	110479103	 0.00642 	 -0.00033
rs75456757     	1	110483739	 0.00690 	 0.00726
rs10979024     	1	110484117	 0.00669 	 0.00459
rs10816563     	1	110485142	 0.00642 	 -0.00152
rs10816564     	1	110485158	 0.00657 	 -0.00803
rs7036850      	1	110491910	 0.00774 	 0.00846
rs12352392     	1	110493942	 0.00694 	 -0.00597
rs6477593      	1	110494208	 0.00776 	 0.00853
rs78366498     	1	110495690	 0.00700 	 0.01079
rs1571572      	1	110495796	 0.01204 	 0.02094
rs10759255     	1	110497951	 0.00624 	 0.00290
rs2417804      	1	110498273	 0.00845 	 0.01324
rs117863928    	1	110498407	 0.01342 	 -0.04126
rs7044046      	1	110498815	 0.00809 	 0.01324
rs6477596      	1	110499193	 0.00724 	 0.01079
rs4978559      	1	110499323	 0.00779 	 0.01184
