rs 	 chr 	 pos 	 postc 	 beta
rs2211864      	1	39626474	 0.02566 	 0.02691
rs2836243      	1	39627470	 0.01600 	 -0.03680
rs13433471     	1	39628452	 0.01582 	 -0.04006
rs13433506     	1	39628793	 0.01389 	 -0.01578
rs2836248      	1	39629197	 0.01030 	 -0.01311
rs3787882      	1	39632333	 0.01283 	 -0.01747
rs2836251      	1	39633192	 0.00917 	 -0.01901
rs2836252      	1	39633387	 0.01568 	 -0.03221
rs2000457      	1	39633445	 0.03333 	 -0.02941
rs2836259      	1	39636575	 0.00793 	 -0.00491
rs2836260      	1	39637093	 0.01368 	 -0.04125
rs928769       	1	39637429	 0.02631 	 -0.03124
rs928770       	1	39637467	 0.01318 	 -0.02261
rs4491802      	1	39638459	 0.01329 	 -0.00756
rs2836262      	1	39639867	 0.00803 	 -0.00932
rs2836263      	1	39640302	 0.01338 	 -0.03185
rs2836264      	1	39642653	 0.02650 	 -0.02795
rs2836265      	1	39642804	 0.01338 	 -0.01688
rs13050229     	1	39644386	 0.02658 	 -0.02692
rs2836266      	1	39644613	 0.01349 	 0.00586
rs2836267      	1	39644650	 0.02954 	 -0.03763
rs2226370      	1	39645123	 0.01449 	 -0.04838
rs9974616      	1	39654032	 0.00815 	 -0.02914
rs9975143      	1	39654093	 0.00814 	 -0.02480
rs74526656     	1	39656113	 0.00820 	 -0.02078
rs2836293      	1	39664976	 0.03445 	 -0.03004
rs13049081     	1	39674094	 0.00869 	 -0.01673
rs71316638     	1	39683310	 0.00915 	 -0.02418
rs74336606     	1	39693732	 0.00854 	 -0.01072
rs56722007     	1	39697449	 0.01025 	 -0.03138
rs8128271      	1	39703136	 0.00856 	 -0.02543
rs17193649     	1	39704937	 0.00630 	 -0.00868
rs2836312      	1	39712065	 0.00910 	 -0.03108
rs2836373      	1	39775373	 0.01660 	 -0.03754
rs1543774      	1	39775964	 0.01679 	 -0.03902
rs1892570      	1	39776562	 0.01724 	 -0.04602
rs2253645      	1	39777220	 0.01690 	 0.03235
rs1984300      	1	39777831	 0.01738 	 -0.03732
rs1971496      	1	39777949	 0.01867 	 -0.04942
rs2836375      	1	39778792	 0.01802 	 -0.04757
rs2836376      	1	39779387	 0.01831 	 -0.04389
rs2836377      	1	39779533	 0.01869 	 -0.04881
rs2154564      	1	39780176	 0.01801 	 -0.04571
rs2836378      	1	39780552	 0.01796 	 -0.04740
rs2156074      	1	39780646	 0.01792 	 -0.04819
rs2018566      	1	39781143	 0.01921 	 -0.08106
rs2018567      	1	39781195	 0.01997 	 -0.07910
rs2018579      	1	39781355	 0.01441 	 0.02571
rs2226373      	1	39781660	 0.01920 	 -0.07693
rs2186345      	1	39781688	 0.01814 	 -0.01120
rs6517464      	1	39782417	 0.01978 	 -0.09588
rs2032092      	1	39782971	 0.01866 	 -0.01040
rs2032096      	1	39783390	 0.01704 	 -0.03687
rs989432       	1	39783562	 0.01881 	 -0.02854
rs989433       	1	39783808	 0.01868 	 -0.01690
rs2040234      	1	39785186	 0.01734 	 -0.04330
rs989554       	1	39786927	 0.00832 	 -0.01709
rs8126977      	1	39789160	 0.01825 	 -0.05083
rs6517466      	1	39791216	 0.01830 	 -0.05138
rs2836382      	1	39792601	 0.00943 	 -0.01169
rs62217908     	1	39794228	 0.00915 	 -0.00721
rs67677585     	1	39794501	 0.00916 	 -0.00863
rs1571704      	1	39794880	 0.02701 	 -0.06146
rs73213846     	1	39799014	 0.01311 	 -0.03038
rs2836385      	1	39800226	 0.01338 	 -0.03787
rs62217933     	1	39800967	 0.01371 	 -0.04164
rs58665757     	1	39801342	 0.00969 	 -0.00438
rs187450854    	1	39801392	 0.01085 	 -0.02288
rs183350656    	1	39801587	 0.01366 	 -0.03646
rs2836389      	1	39803662	 0.01161 	 -0.02513
rs56109010     	1	39803793	 0.01299 	 -0.03334
rs62217939     	1	39805178	 0.00590 	 -0.00226
rs56180262     	1	39805503	 0.01087 	 0.04719
rs2836391      	1	39805797	 0.01060 	 0.04424
rs2836395      	1	39808266	 0.01085 	 0.03943
rs12481820     	1	39809361	 0.00672 	 0.01002
rs6517468      	1	39837386	 0.00638 	 -0.00825
rs2836426      	1	39841399	 0.00616 	 -0.00713
rs2212931      	1	39859190	 0.00589 	 -0.00276
rs11910637     	1	39868781	 0.00622 	 -0.00516
rs2836443      	1	39871276	 0.00641 	 -0.00815
rs2836444      	1	39871435	 0.00594 	 -0.00148
rs2836445      	1	39872696	 0.00706 	 -0.01119
rs3787907      	1	39873084	 0.00999 	 0.01336
rs2836447      	1	39873981	 0.01117 	 0.02307
rs73906314     	1	39878586	 0.01216 	 0.02686
rs1015022      	1	39878982	 0.00707 	 -0.01042
rs2836452      	1	39879350	 0.01238 	 0.02520
rs7277942      	1	39880854	 0.02272 	 0.03439
rs9305650      	1	39881848	 0.00616 	 -0.00271
rs2836455      	1	39883631	 0.00592 	 -0.00485
rs11088432     	1	39885023	 0.00643 	 0.00416
rs67297531     	1	39887793	 0.00601 	 -0.00887
rs2836458      	1	39893041	 0.00645 	 -0.00635
rs2836463      	1	39896191	 0.00584 	 -0.00391
rs2836466      	1	39896856	 0.00716 	 -0.01410
rs3827204      	1	39897186	 0.00725 	 -0.01357
rs2836469      	1	39897553	 0.00680 	 -0.00511
rs2212598      	1	39897884	 0.00582 	 -0.00646
rs2212599      	1	39897899	 0.01103 	 -0.02564
rs2836472      	1	39898389	 0.00715 	 -0.01016
rs2836473      	1	39899477	 0.00693 	 -0.00333
rs1888469      	1	39899504	 0.00641 	 0.00569
rs8127366      	1	39900026	 0.00630 	 0.00271
rs8128428      	1	39900027	 0.00622 	 0.00415
rs2836474      	1	39902512	 0.00695 	 -0.00802
rs3787914      	1	39903359	 0.01052 	 -0.02388
rs2836485      	1	39908413	 0.00558 	 -0.00065
rs2836487      	1	39908510	 0.00750 	 0.00984
rs1893199      	1	39908521	 0.00851 	 0.01580
