rs 	 chr 	 pos 	 postc 	 beta
rs73064080     	1	56981715	 0.00261 	 -0.00508
rs17207460     	1	57000270	 0.00269 	 -0.01493
rs17305423     	1	57000806	 0.00376 	 -0.01750
rs7257925      	1	57000986	 0.00392 	 -0.02727
rs7258355      	1	57001418	 0.00434 	 -0.03580
rs61043204     	1	57004565	 0.00378 	 -0.03248
rs62122961     	1	57006721	 0.00287 	 0.00323
rs35347939     	1	57010111	 0.00456 	 -0.00491
rs11084452     	1	57013868	 0.00494 	 -0.00315
rs66522479     	1	57018997	 0.00515 	 -0.00544
rs16987295     	1	57020025	 0.00513 	 -0.01252
rs12978999     	1	57020754	 0.00556 	 -0.01150
rs12151254     	1	57023394	 0.00525 	 -0.00860
rs10405130     	1	57025540	 0.00263 	 -0.00375
rs12986047     	1	57026414	 0.00550 	 -0.00301
rs17207495     	1	57028079	 0.00328 	 0.01755
rs61144294     	1	57028447	 0.00516 	 -0.00317
rs7245557      	1	57028659	 0.00528 	 -0.00555
rs7250075      	1	57029172	 0.00525 	 -0.00744
rs73068061     	1	57029408	 0.00305 	 0.00973
rs117892314    	1	57032300	 0.00310 	 0.01631
rs10407163     	1	57032445	 0.00264 	 -0.00325
rs10413931     	1	57033125	 0.00318 	 0.01092
rs11671776     	1	57033303	 0.00586 	 -0.00314
rs35664312     	1	57034414	 0.00538 	 0.00745
rs12151151     	1	57035018	 0.00556 	 0.01435
rs10403034     	1	57035211	 0.00260 	 -0.00614
rs11667052     	1	57036012	 0.00555 	 0.01588
rs3752177      	1	57036678	 0.00248 	 -0.00493
rs16987303     	1	57037103	 0.00466 	 -0.02713
rs10418635     	1	57037606	 0.00304 	 0.00811
rs10405534     	1	57038981	 0.00323 	 0.01091
rs73070034     	1	57039357	 0.00319 	 0.01625
rs3813141      	1	57040664	 0.00590 	 0.03110
rs8110306      	1	57041203	 0.00569 	 0.00808
rs13346710     	1	57041257	 0.00252 	 -0.00179
rs15507        	1	57041384	 0.00566 	 0.00510
rs1054409      	1	57041522	 0.00545 	 0.00588
rs2058131      	1	57041758	 0.00338 	 0.02918
rs4267437      	1	57042247	 0.00569 	 0.03506
rs34269477     	1	57042647	 0.00545 	 0.01515
rs77247784     	1	57042858	 0.00549 	 0.01594
rs145395393    	1	57042906	 0.00545 	 0.01215
rs76894169     	1	57042956	 0.00567 	 0.01302
rs62124070     	1	57043052	 0.00564 	 0.01133
rs36062917     	1	57043074	 0.00543 	 0.01218
rs35908973     	1	57043271	 0.00552 	 0.01415
rs2869891      	1	57043304	 0.00576 	 0.01934
rs140037468    	1	57043454	 0.00333 	 0.03077
rs2215151      	1	57043981	 0.00547 	 0.02036
rs117216438    	1	57044118	 0.00336 	 0.02047
rs73070060     	1	57046100	 0.00330 	 0.02336
rs2286420      	1	57047188	 0.00309 	 0.01332
rs2286422      	1	57047859	 0.00555 	 -0.02788
rs917407       	1	57048394	 0.00556 	 -0.03201
rs10415931     	1	57049531	 0.00317 	 0.00526
rs78346163     	1	57050721	 0.00316 	 0.00538
rs7260223      	1	57052652	 0.00238 	 -0.00504
rs73070074     	1	57052948	 0.00307 	 0.01470
rs73070077     	1	57053811	 0.00323 	 0.01349
rs73070080     	1	57057197	 0.00320 	 0.01540
rs73055319     	1	57057730	 0.00322 	 0.01830
rs73055321     	1	57058146	 0.00337 	 0.01919
rs4801334      	1	57058605	 0.00247 	 -0.00723
rs34136271     	1	57058998	 0.00338 	 0.02150
rs2074941      	1	57060573	 0.00249 	 -0.00813
rs2074942      	1	57060606	 0.00245 	 -0.00741
rs2074943      	1	57060910	 0.00214 	 0.00038
rs1990575      	1	57062047	 0.00348 	 -0.02759
rs399350       	1	57063640	 0.00531 	 -0.02892
rs7253545      	1	57063676	 0.03837 	 0.06699
rs10415256     	1	57063693	 0.03833 	 0.06479
rs7253371      	1	57063801	 0.03458 	 0.05596
rs2024396      	1	57064265	 0.03894 	 0.07137
rs10409531     	1	57066013	 0.03547 	 0.05988
rs7259577      	1	57068663	 0.01062 	 0.01187
rs4801174      	1	57068749	 0.03024 	 -0.00305
rs1052280      	1	57068836	 0.02750 	 0.00446
rs10405702     	1	57068986	 0.02937 	 -0.01104
rs11670421     	1	57069080	 0.00416 	 -0.01672
rs1052284      	1	57069313	 0.00439 	 -0.01970
rs10408033     	1	57069507	 0.03141 	 0.00013
rs4401145      	1	57069631	 0.03174 	 -0.01511
rs8106879      	1	57070686	 0.03200 	 0.03222
rs11672842     	1	57071505	 0.00447 	 -0.01979
rs4801335      	1	57071619	 0.03724 	 0.06244
rs4801337      	1	57071901	 0.04175 	 0.08165
rs7254001      	1	57072421	 0.04142 	 0.08000
rs764999       	1	57073330	 0.04117 	 0.07842
rs765000       	1	57073442	 0.03667 	 0.05533
rs8101497      	1	57074432	 0.03213 	 0.05201
rs35452527     	1	57075541	 0.00504 	 -0.02392
rs10413682     	1	57075629	 0.04056 	 0.07024
rs4801339      	1	57076087	 0.01415 	 0.04136
rs10425965     	1	57077384	 0.03891 	 0.06195
rs10427145     	1	57077643	 0.03799 	 0.06309
rs10426619     	1	57077674	 0.03840 	 0.06449
rs28428635     	1	57078424	 0.02852 	 0.05473
rs4801341      	1	57078645	 0.00554 	 -0.02940
rs62124111     	1	57079083	 0.00522 	 -0.03257
rs11667718     	1	57079202	 0.00285 	 -0.00352
rs12979383     	1	57079997	 0.01427 	 0.03745
rs2869897      	1	57080028	 0.00263 	 -0.00145
rs12981572     	1	57080063	 0.01022 	 -0.04288
rs73935102     	1	57081943	 0.00565 	 -0.04447
rs62124113     	1	57082464	 0.00524 	 -0.03424
rs10412249     	1	57084156	 0.01135 	 -0.09996
rs12104204     	1	57084560	 0.01169 	 -0.10182
rs10419789     	1	57085224	 0.01143 	 -0.11103
rs73938004     	1	57085600	 0.00523 	 -0.03317
rs10421285     	1	57085769	 0.01114 	 -0.08876
rs62124115     	1	57086259	 0.00522 	 -0.03546
rs12104288     	1	57086749	 0.01178 	 -0.13936
rs995934       	1	57087951	 0.01125 	 -0.13336
rs3752180      	1	57088850	 0.00304 	 0.02841
rs4570977      	1	57089375	 0.01943 	 -0.03863
rs28668141     	1	57090343	 0.01018 	 -0.09081
rs9916995      	1	57092308	 0.00982 	 -0.04742
rs11084454     	1	57093168	 0.00915 	 -0.02675
rs56296230     	1	57094118	 0.00541 	 -0.03719
rs11672822     	1	57094249	 0.02055 	 0.03315
rs12980452     	1	57096010	 0.02086 	 0.04280
rs12981652     	1	57096294	 0.02061 	 0.04746
rs10410277     	1	57096486	 0.00960 	 0.01249
rs74849037     	1	57096560	 0.00510 	 -0.02722
rs12982632     	1	57096619	 0.02077 	 0.05022
rs10424437     	1	57098091	 0.00930 	 0.01914
rs2215929      	1	57098428	 0.02101 	 0.06467
rs7259531      	1	57098508	 0.00286 	 -0.01543
rs7259608      	1	57098796	 0.00886 	 0.05244
rs7259741      	1	57098809	 0.00891 	 0.03944
rs17239746     	1	57098885	 0.00290 	 -0.01929
rs10406660     	1	57098950	 0.00849 	 0.01582
rs62124117     	1	57099035	 0.00541 	 -0.03268
rs2904241      	1	57099477	 0.01038 	 0.14894
rs7252017      	1	57099817	 0.00282 	 0.01274
rs74542828     	1	57100080	 0.00519 	 -0.02845
rs759331       	1	57100243	 0.01085 	 0.18413
rs874104       	1	57100280	 0.00274 	 -0.01107
rs62124118     	1	57100327	 0.00543 	 -0.03570
rs56069810     	1	57100388	 0.02450 	 0.08149
rs7252934      	1	57100523	 0.00963 	 0.09031
rs741253       	1	57100894	 0.02398 	 0.06236
rs8110403      	1	57101367	 0.02528 	 0.06570
rs62124120     	1	57101760	 0.00523 	 -0.03286
rs34760888     	1	57103435	 0.01886 	 0.04586
rs62124157     	1	57104563	 0.00696 	 -0.04713
rs2870092      	1	57151653	 0.00214 	 -0.00657
rs12459802     	1	57154403	 0.00204 	 -0.00436
rs28375723     	1	57159367	 0.00240 	 -0.01151
