## bf=log10_BF	se=log10_std_err	pv=p-value	
rsnum	 	pos 	chr 	bf 	se 	rank 	pv
rs268328       	44550504	1	+5.051	 NA 	 1		 NA	
rs2128363      	44550715	1	+2.846	 NA 	 2		 NA	
rs2624694      	44551328	1	+2.733	 NA 	 3		 NA	
rs111385732    	44551842	1	+8.192	 NA 	 4		 NA	
rs2802492      	44552242	1	+5.307	 NA 	 5		 NA	
rs268326       	44553202	1	+8.227	 NA 	 6		 NA	
rs75676906     	44553233	1	+0.186	 NA 	 7		 NA	
rs268325       	44553342	1	+8.215	 NA 	 8		 NA	
rs2802493      	44553583	1	+5.332	 NA 	 9		 NA	
rs268323       	44554677	1	+8.265	 NA 	 10		 NA	
rs78708084     	44556043	1	+0.196	 NA 	 11		 NA	
rs2804029      	44558309	1	+2.906	 NA 	 12		 NA	
rs17155030     	44559434	1	+0.197	 NA 	 13		 NA	
rs2818904      	44560319	1	+2.786	 NA 	 14		 NA	
rs2639463      	44566061	1	+3.077	 NA 	 15		 NA	
rs2804027      	44569665	1	+3.033	 NA 	 16		 NA	
rs2639465      	44569677	1	+3.037	 NA 	 17		 NA	
rs11517247     	44569796	1	+1.533	 NA 	 18		 NA	
rs11238835     	44577326	1	+1.150	 NA 	 19		 NA	
rs61855683     	44579609	1	+1.372	 NA 	 20		 NA	
rs1384333      	44580847	1	+1.382	 NA 	 21		 NA	
rs11238837     	44582763	1	+1.417	 NA 	 22		 NA	
rs2818912      	44583027	1	+9.028	 NA 	 23		 NA	
rs11238839     	44583553	1	+1.435	 NA 	 24		 NA	
rs2624691      	44587857	1	+3.022	 NA 	 25		 NA	
rs4417222      	44588324	1	+2.857	 NA 	 26		 NA	
rs141385860    	44589843	1	+3.022	 NA 	 27		 NA	
rs2624692      	44589893	1	+2.996	 NA 	 28		 NA	
rs58920354     	44595627	1	+1.473	 NA 	 29		 NA	
rs1482478      	44596130	1	+2.872	 NA 	 30		 NA	
rs6593399      	44596885	1	+1.427	 NA 	 31		 NA	
rs11238850     	44597898	1	+1.311	 NA 	 32		 NA	
rs11238851     	44598039	1	+1.312	 NA 	 33		 NA	
rs2802490      	44599013	1	+2.551	 NA 	 34		 NA	
rs4285828      	44602514	1	+2.506	 NA 	 35		 NA	
rs140307048    	44605010	1	-0.306	 NA 	 36		 NA	
rs11238860     	44607059	1	+1.223	 NA 	 37		 NA	
rs2818914      	44607154	1	+2.508	 NA 	 38		 NA	
rs11238868     	44609231	1	+1.228	 NA 	 39		 NA	
rs11238871     	44613591	1	+1.297	 NA 	 40		 NA	
rs2804021      	44613887	1	+2.524	 NA 	 41		 NA	
rs61855693     	44619684	1	+1.253	 NA 	 42		 NA	
rs11238888     	44667265	1	+7.748	 NA 	 43		 NA	
rs11238889     	44668724	1	+13.496	 NA 	 44		 NA	
rs11238890     	44669226	1	+13.499	 NA 	 45		 NA	
rs11238891     	44670992	1	+13.575	 NA 	 46		 NA	
rs2624676      	44671715	1	+2.971	 NA 	 47		 NA	
rs1704228      	44673050	1	+13.723	 NA 	 48		 NA	
rs2802482      	44675851	1	+8.822	 NA 	 49		 NA	
rs1680636      	44675941	1	+12.611	 NA 	 50		 NA	
rs11594667     	44676695	1	+12.608	 NA 	 51		 NA	
rs2624681      	44677301	1	+8.818	 NA 	 52		 NA	
rs2664860      	44677870	1	+7.978	 NA 	 53		 NA	
rs2624682      	44678240	1	+8.819	 NA 	 54		 NA	
rs2624683      	44679140	1	+8.820	 NA 	 55		 NA	
rs1545845      	44679802	1	+8.822	 NA 	 56		 NA	
rs2804036      	44680405	1	+8.823	 NA 	 57		 NA	
rs11238902     	44681091	1	+13.616	 NA 	 58		 NA	
rs60685600     	44681591	1	+3.056	 NA 	 59		 NA	
rs1509931      	44682080	1	+8.990	 NA 	 60		 NA	
rs1704214      	44682729	1	+9.004	 NA 	 61		 NA	
rs1509929      	44682829	1	+3.682	 NA 	 62		 NA	
rs4948857      	44683281	1	+9.016	 NA 	 63		 NA	
rs10793525     	44683833	1	+3.793	 NA 	 64		 NA	
rs10899997     	44683841	1	+3.793	 NA 	 65		 NA	
rs11238904     	44684707	1	+9.047	 NA 	 66		 NA	
rs11238906     	44685925	1	+8.307	 NA 	 67		 NA	
rs12415866     	44686664	1	+9.057	 NA 	 68		 NA	
rs11238908     	44688080	1	+13.096	 NA 	 69		 NA	
rs10899998     	44688524	1	+13.103	 NA 	 70		 NA	
rs7917089      	44688587	1	+9.084	 NA 	 71		 NA	
rs7909598      	44688935	1	+3.732	 NA 	 72		 NA	
rs1704229      	44689529	1	+9.028	 NA 	 73		 NA	
rs10899999     	44690185	1	+9.097	 NA 	 74		 NA	
rs1623851      	44691241	1	+3.722	 NA 	 75		 NA	
rs1704231      	44691543	1	+10.109	 NA 	 76		 NA	
rs1626459      	44691548	1	+9.168	 NA 	 77		 NA	
rs2804034      	44692552	1	+0.891	 NA 	 78		 NA	
rs10160170     	44692843	1	+9.625	 NA 	 79		 NA	
rs10900000     	44694892	1	+14.058	 NA 	 80		 NA	
rs7902040      	44695308	1	+13.960	 NA 	 81		 NA	
rs10900001     	44695585	1	+14.053	 NA 	 82		 NA	
rs7900062      	44699801	1	+11.978	 NA 	 83		 NA	
rs2804031      	44702928	1	+14.081	 NA 	 84		 NA	
rs11238925     	44703730	1	+14.083	 NA 	 85		 NA	
rs11238927     	44704112	1	+14.083	 NA 	 86		 NA	
rs12355852     	44704280	1	+14.084	 NA 	 87		 NA	
rs58540467     	44705170	1	+14.081	 NA 	 88		 NA	
rs906944       	44705439	1	+14.043	 NA 	 89		 NA	
rs61857479     	44705516	1	+5.899	 NA 	 90		 NA	
rs58129751     	44706720	1	+14.183	 NA 	 91		 NA	
rs1482473      	44707598	1	+5.323	 NA 	 92		 NA	
rs17155641     	44708346	1	+5.454	 NA 	 93		 NA	
rs11238929     	44708596	1	+14.120	 NA 	 94		 NA	
rs1680641      	44709657	1	+5.324	 NA 	 95		 NA	
rs1704222      	44710465	1	+14.121	 NA 	 96		 NA	
rs1704221      	44710930	1	+14.121	 NA 	 97		 NA	
rs966161       	44712574	1	+13.993	 NA 	 98		 NA	
rs1905150      	44713311	1	+5.320	 NA 	 99		 NA	
rs11238933     	44714250	1	+14.124	 NA 	 100		 NA	
rs11238935     	44714402	1	+14.124	 NA 	 101		 NA	
rs1746034      	44714768	1	+14.125	 NA 	 102		 NA	
rs11511598     	44716036	1	+14.133	 NA 	 103		 NA	
rs61857482     	44716905	1	+14.139	 NA 	 104		 NA	
rs61857484     	44719215	1	+14.158	 NA 	 105		 NA	
rs61857485     	44719292	1	+14.195	 NA 	 106		 NA	
rs61857486     	44719361	1	+14.159	 NA 	 107		 NA	
rs11238937     	44719816	1	+14.161	 NA 	 108		 NA	
rs11238940     	44721459	1	+14.175	 NA 	 109		 NA	
rs11238943     	44723623	1	+14.193	 NA 	 110		 NA	
rs11238944     	44723801	1	+14.194	 NA 	 111		 NA	
rs11517251     	44724052	1	+14.196	 NA 	 112		 NA	
rs11511599     	44724172	1	+14.200	 NA 	 113		 NA	
rs11492882     	44724322	1	+14.198	 NA 	 114		 NA	
rs11238946     	44724842	1	+14.202	 NA 	 115		 NA	
rs11238947     	44725030	1	+14.280	 NA 	 116		 NA	
rs11517223     	44727038	1	+14.270	 NA 	 117		 NA	
rs11511571     	44727167	1	+14.218	 NA 	 118		 NA	
rs1704217      	44729307	1	+14.233	 NA 	 119		 NA	
rs1704218      	44729599	1	+14.283	 NA 	 120		 NA	
rs7079375      	44730310	1	+14.234	 NA 	 121		 NA	
rs2505745      	44730964	1	+0.727	 NA 	 122		 NA	
rs596152       	44731627	1	+14.239	 NA 	 123		 NA	
rs1746042      	44731897	1	+14.240	 NA 	 124		 NA	
rs556434       	44732519	1	+14.322	 NA 	 125		 NA	
rs677465       	44732917	1	+13.812	 NA 	 126		 NA	
rs11592445     	44732945	1	+14.244	 NA 	 127		 NA	
rs1619661      	44733383	1	+14.257	 NA 	 128		 NA	
rs674746       	44733522	1	+14.250	 NA 	 129		 NA	
rs673778       	44733739	1	+14.252	 NA 	 130		 NA	
rs673354       	44733816	1	+14.253	 NA 	 131		 NA	
rs2781545      	44734391	1	+14.263	 NA 	 132		 NA	
rs1657349      	44734464	1	+14.264	 NA 	 133		 NA	
rs1746044      	44734602	1	+14.279	 NA 	 134		 NA	
rs545025       	44736544	1	+14.835	 NA 	 135		 NA	
rs629213       	44736784	1	+14.842	 NA 	 136		 NA	
rs617019       	44737246	1	+14.850	 NA 	 137		 NA	
rs583489       	44738688	1	+13.572	 NA 	 138		 NA	
rs680091       	44738932	1	+14.905	 NA 	 139		 NA	
rs2457480      	44740010	1	+10.983	 NA 	 140		 NA	
rs113317060    	44740014	1	+11.638	 NA 	 141		 NA	
rs661697       	44740698	1	+14.840	 NA 	 142		 NA	
rs498810       	44740776	1	+10.143	 NA 	 143		 NA	
rs649192       	44741179	1	+13.275	 NA 	 144		 NA	
rs494207       	44741256	1	+13.263	 NA 	 145		 NA	
rs646890       	44741710	1	+13.238	 NA 	 146		 NA	
rs2760670      	44742021	1	+13.220	 NA 	 147		 NA	
rs140525041    	44742441	1	+13.198	 NA 	 148		 NA	
rs2476352      	44742469	1	+2.365	 NA 	 149		 NA	
rs77086803     	44742518	1	+13.057	 NA 	 150		 NA	
rs146921255    	44742572	1	+14.373	 NA 	 151		 NA	
rs114070077    	44742911	1	+13.168	 NA 	 152		 NA	
rs115299170    	44742925	1	+13.167	 NA 	 153		 NA	
rs146862843    	44742971	1	+13.164	 NA 	 154		 NA	
rs617542       	44743636	1	+13.124	 NA 	 155		 NA	
rs617035       	44743768	1	+12.110	 NA 	 156		 NA	
rs605414       	44744110	1	+13.094	 NA 	 157		 NA	
rs144399321    	44744252	1	+14.271	 NA 	 158		 NA	
rs2781543      	44744566	1	+12.356	 NA 	 159		 NA	
rs589655       	44745315	1	+14.270	 NA 	 160		 NA	
rs587375       	44745808	1	+9.637	 NA 	 161		 NA	
rs684666       	44745847	1	+9.635	 NA 	 162		 NA	
rs684196       	44745950	1	+9.634	 NA 	 163		 NA	
