## bf=log10_BF	se=log10_std_err	pv=p-value	
rsnum	 	pos 	chr 	bf 	se 	rank 	pv
rs13073599     	69808638	1	-0.627	 NA 	 1		 NA	
rs55921103     	69810294	1	-0.617	 NA 	 2		 NA	
rs62250968     	69811900	1	-0.567	 NA 	 3		 NA	
rs9825958      	69830674	1	-0.591	 NA 	 4		 NA	
rs11716109     	69832234	1	-0.592	 NA 	 5		 NA	
rs73111973     	69832851	1	-0.061	 NA 	 6		 NA	
rs4855448      	69834473	1	-0.566	 NA 	 7		 NA	
rs11128143     	69834555	1	-0.556	 NA 	 8		 NA	
rs1367369      	69835899	1	-0.554	 NA 	 9		 NA	
rs28378222     	69836431	1	-0.554	 NA 	 10		 NA	
rs28613540     	69836610	1	-0.554	 NA 	 11		 NA	
rs7648607      	69836936	1	-0.557	 NA 	 12		 NA	
rs9834743      	69837571	1	-0.631	 NA 	 13		 NA	
rs6762369      	69838111	1	-0.634	 NA 	 14		 NA	
rs6786207      	69838315	1	-0.645	 NA 	 15		 NA	
rs6786226      	69838356	1	-0.636	 NA 	 16		 NA	
rs2116000      	69838613	1	-0.634	 NA 	 17		 NA	
rs12637754     	69840865	1	-0.471	 NA 	 18		 NA	
rs10510991     	69841628	1	-0.609	 NA 	 19		 NA	
rs17006441     	69841880	1	-0.605	 NA 	 20		 NA	
rs59913237     	69841906	1	-0.600	 NA 	 21		 NA	
rs13097379     	69842428	1	-0.600	 NA 	 22		 NA	
rs35408095     	69842773	1	-0.606	 NA 	 23		 NA	
rs6785461      	69843537	1	-0.643	 NA 	 24		 NA	
rs6777363      	69843971	1	-0.610	 NA 	 25		 NA	
rs6785975      	69844059	1	-0.647	 NA 	 26		 NA	
rs11712880     	69844360	1	-0.646	 NA 	 27		 NA	
rs13097431     	69844663	1	-0.598	 NA 	 28		 NA	
rs11921548     	69844703	1	-0.597	 NA 	 29		 NA	
rs13078066     	69844818	1	-0.598	 NA 	 30		 NA	
rs7624235      	69844879	1	-0.599	 NA 	 31		 NA	
rs7626629      	69844940	1	-0.600	 NA 	 32		 NA	
rs7634376      	69844977	1	-0.599	 NA 	 33		 NA	
rs7626717      	69845194	1	-0.598	 NA 	 34		 NA	
rs7626718      	69845196	1	-0.598	 NA 	 35		 NA	
rs7636802      	69845216	1	-0.598	 NA 	 36		 NA	
rs6549251      	69845508	1	-0.609	 NA 	 37		 NA	
rs6549252      	69845515	1	-0.602	 NA 	 38		 NA	
rs6781171      	69845553	1	-0.602	 NA 	 39		 NA	
rs6768731      	69845572	1	-0.602	 NA 	 40		 NA	
rs6792677      	69845767	1	-0.638	 NA 	 41		 NA	
rs6795463      	69846108	1	-0.598	 NA 	 42		 NA	
rs6787022      	69846272	1	-0.646	 NA 	 43		 NA	
rs7635551      	69847460	1	-0.644	 NA 	 44		 NA	
rs7635653      	69847553	1	-0.645	 NA 	 45		 NA	
rs9831839      	69849713	1	-0.645	 NA 	 46		 NA	
rs17689208     	69849947	1	-0.356	 NA 	 47		 NA	
rs17638097     	69850603	1	-0.365	 NA 	 48		 NA	
rs9829724      	69851867	1	-0.645	 NA 	 49		 NA	
rs11918650     	69851919	1	-0.645	 NA 	 50		 NA	
rs1430611      	69853801	1	-0.625	 NA 	 51		 NA	
rs1430610      	69854549	1	-0.646	 NA 	 52		 NA	
rs1430609      	69854587	1	-0.646	 NA 	 53		 NA	
rs6781707      	69854818	1	-0.646	 NA 	 54		 NA	
rs6797168      	69855009	1	-0.646	 NA 	 55		 NA	
rs11917130     	69855694	1	-0.646	 NA 	 56		 NA	
rs7645126      	69856816	1	-0.646	 NA 	 57		 NA	
rs7611020      	69856827	1	-0.645	 NA 	 58		 NA	
rs7647683      	69857065	1	-0.645	 NA 	 59		 NA	
rs7650137      	69857317	1	-0.645	 NA 	 60		 NA	
rs1430608      	69859692	1	-0.593	 NA 	 61		 NA	
rs34818992     	69861779	1	-0.572	 NA 	 62		 NA	
rs9836493      	69863512	1	-0.645	 NA 	 63		 NA	
rs9854710      	69864325	1	-0.575	 NA 	 64		 NA	
rs11916348     	69864690	1	-0.569	 NA 	 65		 NA	
rs13080248     	69866379	1	-0.570	 NA 	 66		 NA	
rs11709948     	69866544	1	-0.478	 NA 	 67		 NA	
rs62251034     	69868072	1	-0.576	 NA 	 68		 NA	
rs62251035     	69868148	1	-0.603	 NA 	 69		 NA	
rs56056340     	69869008	1	-0.576	 NA 	 70		 NA	
rs1529584      	69870760	1	-0.573	 NA 	 71		 NA	
rs6764340      	69870962	1	-0.645	 NA 	 72		 NA	
rs78221612     	69872000	1	-0.259	 NA 	 73		 NA	
rs2262         	69873335	1	-0.539	 NA 	 74		 NA	
rs62252173     	69873721	1	-0.564	 NA 	 75		 NA	
rs9857999      	69873726	1	-0.645	 NA 	 76		 NA	
rs9838601      	69873784	1	-0.645	 NA 	 77		 NA	
rs9858495      	69874018	1	-0.563	 NA 	 78		 NA	
rs13327273     	69874928	1	-0.645	 NA 	 79		 NA	
rs2116001      	69876645	1	-0.644	 NA 	 80		 NA	
rs35879809     	69876984	1	-0.568	 NA 	 81		 NA	
rs12108009     	69877137	1	-0.643	 NA 	 82		 NA	
rs17006493     	69877605	1	-0.644	 NA 	 83		 NA	
rs55761397     	69877647	1	-0.644	 NA 	 84		 NA	
rs56199973     	69877651	1	-0.568	 NA 	 85		 NA	
rs9883334      	69877710	1	-0.644	 NA 	 86		 NA	
rs4582066      	69877874	1	-0.645	 NA 	 87		 NA	
rs1156255      	69878088	1	-0.645	 NA 	 88		 NA	
rs9825822      	69878253	1	-0.572	 NA 	 89		 NA	
rs9864805      	69878488	1	-0.572	 NA 	 90		 NA	
rs9826548      	69878747	1	-0.572	 NA 	 91		 NA	
rs6805563      	69879323	1	-0.569	 NA 	 92		 NA	
rs6794889      	69879405	1	-0.572	 NA 	 93		 NA	
rs6805924      	69879670	1	-0.569	 NA 	 94		 NA	
rs6795249      	69879741	1	-0.541	 NA 	 95		 NA	
rs9819188      	69880298	1	-0.569	 NA 	 96		 NA	
rs9819504      	69880469	1	-0.569	 NA 	 97		 NA	
rs9876482      	69881129	1	-0.646	 NA 	 98		 NA	
rs9828924      	69881523	1	-0.646	 NA 	 99		 NA	
rs9881217      	69881726	1	-0.645	 NA 	 100		 NA	
rs34162170     	69881853	1	-0.646	 NA 	 101		 NA	
rs62252216     	69881906	1	-0.566	 NA 	 102		 NA	
rs62252217     	69882495	1	-0.646	 NA 	 103		 NA	
rs62252223     	69883525	1	-0.566	 NA 	 104		 NA	
rs62252224     	69883624	1	-0.642	 NA 	 105		 NA	
rs6804686      	69884405	1	-0.566	 NA 	 106		 NA	
rs35759074     	69886263	1	-0.571	 NA 	 107		 NA	
rs12330279     	69886775	1	-0.571	 NA 	 108		 NA	
rs2217456      	69887578	1	-0.646	 NA 	 109		 NA	
rs1430605      	69888438	1	-0.646	 NA 	 110		 NA	
rs11713008     	69890012	1	-0.499	 NA 	 111		 NA	
rs11708183     	69890015	1	-0.646	 NA 	 112		 NA	
rs9825799      	69890746	1	-0.646	 NA 	 113		 NA	
rs9845679      	69891052	1	-0.646	 NA 	 114		 NA	
rs9849488      	69891184	1	-0.646	 NA 	 115		 NA	
rs35022873     	69891388	1	-0.568	 NA 	 116		 NA	
rs11715024     	69891560	1	-0.646	 NA 	 117		 NA	
rs930135       	69892281	1	-0.645	 NA 	 118		 NA	
rs9855804      	69892789	1	-0.645	 NA 	 119		 NA	
rs9855819      	69892816	1	-0.645	 NA 	 120		 NA	
rs9836575      	69892999	1	-0.645	 NA 	 121		 NA	
rs62252236     	69893064	1	-0.562	 NA 	 122		 NA	
rs113271527    	69893115	1	-0.501	 NA 	 123		 NA	
rs9881320      	69893384	1	-0.645	 NA 	 124		 NA	
rs9828215      	69894281	1	-0.645	 NA 	 125		 NA	
rs13066535     	69894651	1	-0.645	 NA 	 126		 NA	
rs13066581     	69894739	1	-0.645	 NA 	 127		 NA	
rs1812075      	69895139	1	-0.645	 NA 	 128		 NA	
rs2082173      	69896011	1	-0.644	 NA 	 129		 NA	
rs9310172      	69896876	1	-0.646	 NA 	 130		 NA	
rs62253173     	69897070	1	-0.569	 NA 	 131		 NA	
rs9310173      	69897092	1	-0.646	 NA 	 132		 NA	
rs9310175      	69898329	1	-0.009	 NA 	 133		 NA	
rs9310176      	69898587	1	-0.647	 NA 	 134		 NA	
rs1036053      	69898878	1	-0.647	 NA 	 135		 NA	
rs1036052      	69898911	1	-0.647	 NA 	 136		 NA	
rs1036051      	69899367	1	-0.644	 NA 	 137		 NA	
rs1549744      	69899446	1	-0.647	 NA 	 138		 NA	
rs12633759     	69900131	1	-0.456	 NA 	 139		 NA	
rs1544978      	69900137	1	-0.587	 NA 	 140		 NA	
rs11921388     	69900383	1	-0.588	 NA 	 141		 NA	
rs34255600     	69900520	1	-0.597	 NA 	 142		 NA	
rs7642834      	69901342	1	-0.646	 NA 	 143		 NA	
rs11923382     	69901613	1	-0.591	 NA 	 144		 NA	
rs13071701     	69902514	1	-0.582	 NA 	 145		 NA	
rs13071707     	69902525	1	-0.643	 NA 	 146		 NA	
rs2874181      	69903161	1	-0.646	 NA 	 147		 NA	
rs6793179      	69903331	1	-0.581	 NA 	 148		 NA	
rs2163327      	69903692	1	-0.646	 NA 	 149		 NA	
rs11919798     	69903734	1	-0.582	 NA 	 150		 NA	
rs2320171      	69904249	1	-0.638	 NA 	 151		 NA	
rs7641320      	69904872	1	-0.582	 NA 	 152		 NA	
rs77458651     	69907401	1	-0.484	 NA 	 153		 NA	
rs2320172      	69916637	1	-0.007	 NA 	 154		 NA	
rs56038322     	69925128	1	-0.522	 NA 	 155		 NA	
rs17006579     	69934529	1	-0.473	 NA 	 156		 NA	
rs62253188     	69941473	1	-0.489	 NA 	 157		 NA	
rs74568017     	69945362	1	-0.173	 NA 	 158		 NA	
rs1430601      	69951536	1	-0.530	 NA 	 159		 NA	
rs73117306     	69961473	1	-0.515	 NA 	 160		 NA	
rs11711047     	69963335	1	-0.603	 NA 	 161		 NA	
rs11128152     	69966933	1	-0.425	 NA 	 162		 NA	
rs7430957      	69978466	1	-0.466	 NA 	 163		 NA	
rs13067653     	69979628	1	-0.388	 NA 	 164		 NA	
rs9822057      	69980609	1	-0.506	 NA 	 165		 NA	
rs13072665     	69993313	1	-0.420	 NA 	 166		 NA	
rs62253190     	69994529	1	-0.591	 NA 	 167		 NA	
rs147594032    	70003326	1	-0.393	 NA 	 168		 NA	
rs7623610      	70005281	1	-0.658	 NA 	 169		 NA	
rs12639523     	70010220	1	-0.488	 NA 	 170		 NA	
rs4635708      	70010231	1	-0.577	 NA 	 171		 NA	
rs35996477     	70010930	1	-0.483	 NA 	 172		 NA	
rs3821364      	70011421	1	-0.510	 NA 	 173		 NA	
rs3772111      	70011743	1	-0.512	 NA 	 174		 NA	
rs2874270      	70013349	1	-0.587	 NA 	 175		 NA	
rs9863910      	70014447	1	-0.427	 NA 	 176		 NA	
rs576          	70016467	1	-0.585	 NA 	 177		 NA	
rs704246       	70016904	1	-0.483	 NA 	 178		 NA	
rs1491687      	70017701	1	-0.494	 NA 	 179		 NA	
rs6771970      	70019081	1	-0.484	 NA 	 180		 NA	
