## bf=log10_BF	se=log10_std_err	pv=p-value	
rsnum	 	pos 	chr 	bf 	se 	rank 	pv
rs75251133     	179049538	1	-0.434	 NA 	 1		 NA	
rs12124177     	179050935	1	-0.432	 NA 	 2		 NA	
rs12116579     	179053993	1	-0.431	 NA 	 3		 NA	
rs11589113     	179057504	1	-0.253	 NA 	 4		 NA	
rs76029399     	179057824	1	-0.419	 NA 	 5		 NA	
rs16853640     	179058010	1	-0.239	 NA 	 6		 NA	
rs12121752     	179058875	1	-0.420	 NA 	 7		 NA	
rs9730271      	179060393	1	-0.512	 NA 	 8		 NA	
rs56949555     	179060617	1	-0.265	 NA 	 9		 NA	
rs73045671     	179061317	1	-0.252	 NA 	 10		 NA	
rs10158768     	179061862	1	-0.516	 NA 	 11		 NA	
rs67939704     	179062458	1	-0.501	 NA 	 12		 NA	
rs16853647     	179062497	1	-0.540	 NA 	 13		 NA	
rs12143004     	179065563	1	-0.469	 NA 	 14		 NA	
rs12143033     	179065670	1	-0.047	 NA 	 15		 NA	
rs28913568     	179084779	1	-0.429	 NA 	 16		 NA	
rs28914538     	179089966	1	-0.402	 NA 	 17		 NA	
rs114031061    	179093071	1	-0.360	 NA 	 18		 NA	
rs11583272     	179098084	1	-0.349	 NA 	 19		 NA	
rs11588143     	179110190	1	-0.375	 NA 	 20		 NA	
rs2791935      	179118758	1	-0.434	 NA 	 21		 NA	
rs28914503     	179122459	1	-0.030	 NA 	 22		 NA	
rs28914497     	179124423	1	-0.365	 NA 	 23		 NA	
rs79657632     	179126827	1	-0.365	 NA 	 24		 NA	
rs6672395      	179130359	1	-0.519	 NA 	 25		 NA	
rs2011265      	179134994	1	-0.518	 NA 	 26		 NA	
rs2816192      	179138652	1	-0.417	 NA 	 27		 NA	
rs34535070     	179158781	1	-0.313	 NA 	 28		 NA	
rs12132572     	179167754	1	-0.629	 NA 	 29		 NA	
rs17362310     	179171870	1	-0.396	 NA 	 30		 NA	
rs1807915      	179174354	1	-0.521	 NA 	 31		 NA	
rs113411890    	179191645	1	-0.352	 NA 	 32		 NA	
rs142969095    	179195035	1	-0.390	 NA 	 33		 NA	
rs12032078     	179217543	1	-0.514	 NA 	 34		 NA	
rs115142324    	179219779	1	-0.399	 NA 	 35		 NA	
rs12130376     	179225584	1	-0.099	 NA 	 36		 NA	
rs2816174      	179226995	1	-0.442	 NA 	 37		 NA	
rs2793789      	179228474	1	-0.257	 NA 	 38		 NA	
rs4652358      	179230475	1	-0.236	 NA 	 39		 NA	
rs76784982     	179231702	1	-0.358	 NA 	 40		 NA	
rs12128920     	179233083	1	-0.087	 NA 	 41		 NA	
rs2265388      	179235049	1	-0.233	 NA 	 42		 NA	
rs142348212    	179235625	1	-0.125	 NA 	 43		 NA	
rs2783387      	179236814	1	-0.544	 NA 	 44		 NA	
rs2636270      	179239244	1	-0.205	 NA 	 45		 NA	
rs12727791     	179240405	1	-0.227	 NA 	 46		 NA	
rs2816175      	179240407	1	-0.229	 NA 	 47		 NA	
rs12568775     	179242136	1	-0.231	 NA 	 48		 NA	
rs2636269      	179244987	1	-0.210	 NA 	 49		 NA	
rs10798654     	179245565	1	-0.209	 NA 	 50		 NA	
rs6425523      	179245758	1	-0.209	 NA 	 51		 NA	
rs7534160      	179245876	1	-0.220	 NA 	 52		 NA	
rs7531676      	179245942	1	+0.203	 NA 	 53		 NA	
rs149990363    	179246060	1	-0.078	 NA 	 54		 NA	
rs12747779     	179248653	1	-0.212	 NA 	 55		 NA	
rs35954207     	179249891	1	-0.201	 NA 	 56		 NA	
rs76953780     	179249946	1	-0.085	 NA 	 57		 NA	
rs34900326     	179249955	1	-0.200	 NA 	 58		 NA	
rs417338       	179249960	1	-0.655	 NA 	 59		 NA	
rs56990776     	179250833	1	-0.193	 NA 	 60		 NA	
rs2816181      	179252097	1	-0.586	 NA 	 61		 NA	
rs2484440      	179254144	1	-0.575	 NA 	 62		 NA	
rs433722       	179254351	1	-0.575	 NA 	 63		 NA	
rs404818       	179254597	1	-0.576	 NA 	 64		 NA	
rs12725375     	179254965	1	-0.575	 NA 	 65		 NA	
rs12138973     	179254984	1	-0.603	 NA 	 66		 NA	
rs12042899     	179255140	1	-0.603	 NA 	 67		 NA	
rs12749666     	179255209	1	-0.575	 NA 	 68		 NA	
rs2493116      	179255645	1	-0.575	 NA 	 69		 NA	
rs2493117      	179255957	1	-0.575	 NA 	 70		 NA	
rs2493118      	179256650	1	-0.575	 NA 	 71		 NA	
rs2783391      	179257562	1	-0.574	 NA 	 72		 NA	
rs2783392      	179257649	1	-0.574	 NA 	 73		 NA	
rs2050450      	179258190	1	-0.605	 NA 	 74		 NA	
rs2050451      	179258424	1	-0.563	 NA 	 75		 NA	
rs2257089      	179258507	1	-0.574	 NA 	 76		 NA	
rs2257100      	179258818	1	-0.574	 NA 	 77		 NA	
rs10798655     	179259030	1	-0.605	 NA 	 78		 NA	
rs2783393      	179260732	1	-0.574	 NA 	 79		 NA	
rs2254214      	179261227	1	-0.573	 NA 	 80		 NA	
rs2254580      	179261761	1	-0.616	 NA 	 81		 NA	
rs2493119      	179263356	1	-0.558	 NA 	 82		 NA	
rs10798656     	179264291	1	-0.385	 NA 	 83		 NA	
rs6696464      	179265075	1	-0.381	 NA 	 84		 NA	
rs6671532      	179265191	1	-0.383	 NA 	 85		 NA	
rs2484443      	179267474	1	-0.569	 NA 	 86		 NA	
rs2247061      	179269079	1	-0.616	 NA 	 87		 NA	
rs7522641      	179269788	1	-0.399	 NA 	 88		 NA	
rs4287132      	179272717	1	-0.573	 NA 	 89		 NA	
rs12047131     	179273212	1	-0.395	 NA 	 90		 NA	
rs2250352      	179273941	1	-0.547	 NA 	 91		 NA	
rs10913710     	179274692	1	-0.578	 NA 	 92		 NA	
rs2250477      	179274897	1	-0.535	 NA 	 93		 NA	
rs10913713     	179275259	1	-0.417	 NA 	 94		 NA	
rs10798659     	179275519	1	-0.412	 NA 	 95		 NA	
rs10913714     	179275527	1	-0.401	 NA 	 96		 NA	
rs17368880     	179276195	1	-0.400	 NA 	 97		 NA	
rs6425530      	179277602	1	-0.534	 NA 	 98		 NA	
rs7523431      	179278005	1	-0.550	 NA 	 99		 NA	
rs16853894     	179279685	1	-0.584	 NA 	 100		 NA	
rs1543876      	179279809	1	-0.457	 NA 	 101		 NA	
rs4652364      	179283843	1	-0.551	 NA 	 102		 NA	
rs4446926      	179284423	1	-0.493	 NA 	 103		 NA	
rs6680899      	179285624	1	-0.430	 NA 	 104		 NA	
rs6685245      	179288374	1	-0.325	 NA 	 105		 NA	
rs78783843     	179289349	1	-0.428	 NA 	 106		 NA	
rs2484446      	179290195	1	-0.539	 NA 	 107		 NA	
rs12031660     	179290889	1	-0.576	 NA 	 108		 NA	
rs2152318      	179293511	1	-0.533	 NA 	 109		 NA	
rs56371666     	179294425	1	-0.553	 NA 	 110		 NA	
rs61824366     	179294486	1	-0.556	 NA 	 111		 NA	
rs2862616      	179295532	1	-0.429	 NA 	 112		 NA	
rs6699698      	179296008	1	-0.442	 NA 	 113		 NA	
rs2492778      	179299147	1	-0.605	 NA 	 114		 NA	
rs7531307      	179302003	1	-0.573	 NA 	 115		 NA	
rs72715598     	179305063	1	-0.578	 NA 	 116		 NA	
rs2492777      	179305458	1	-0.504	 NA 	 117		 NA	
rs10913725     	179305907	1	-0.571	 NA 	 118		 NA	
rs12039261     	179306200	1	-0.570	 NA 	 119		 NA	
rs7544217      	179308993	1	-0.573	 NA 	 120		 NA	
rs11576517     	179310262	1	-0.573	 NA 	 121		 NA	
rs2248979      	179310700	1	-0.567	 NA 	 122		 NA	
rs149824358    	179316447	1	-0.456	 NA 	 123		 NA	
rs13306729     	179316687	1	-0.453	 NA 	 124		 NA	
rs13306732     	179320665	1	-0.644	 NA 	 125		 NA	
rs7532326      	179321226	1	-0.629	 NA 	 126		 NA	
rs7529227      	179329126	1	-0.644	 NA 	 127		 NA	
rs111972952    	179331079	1	-0.652	 NA 	 128		 NA	
rs6697280      	179331541	1	-0.483	 NA 	 129		 NA	
rs6697373      	179331577	1	-0.483	 NA 	 130		 NA	
rs7542099      	179333194	1	-0.483	 NA 	 131		 NA	
rs61821463     	179334337	1	-0.442	 NA 	 132		 NA	
rs17369102     	179335138	1	-0.464	 NA 	 133		 NA	
rs6666455      	179339415	1	-0.648	 NA 	 134		 NA	
rs12121919     	179340485	1	-0.477	 NA 	 135		 NA	
rs10798671     	179341073	1	-0.570	 NA 	 136		 NA	
rs12752024     	179341187	1	-0.522	 NA 	 137		 NA	
rs56275144     	179341229	1	-0.648	 NA 	 138		 NA	
rs11577063     	179341999	1	-0.529	 NA 	 139		 NA	
rs10798673     	179342753	1	-0.538	 NA 	 140		 NA	
rs144625413    	179342776	1	-0.644	 NA 	 141		 NA	
rs4459066      	179343224	1	-0.579	 NA 	 142		 NA	
rs12122945     	179343777	1	-0.494	 NA 	 143		 NA	
rs12757065     	179344191	1	-0.518	 NA 	 144		 NA	
rs10753194     	179344234	1	-0.572	 NA 	 145		 NA	
rs79268803     	179344638	1	-0.648	 NA 	 146		 NA	
rs4072451      	179345287	1	-0.649	 NA 	 147		 NA	
rs12735254     	179346613	1	-0.523	 NA 	 148		 NA	
rs4442334      	179346828	1	-0.571	 NA 	 149		 NA	
rs10798674     	179347832	1	-0.503	 NA 	 150		 NA	
rs7413415      	179348170	1	-0.649	 NA 	 151		 NA	
rs16854042     	179349843	1	-0.648	 NA 	 152		 NA	
rs71630219     	179350548	1	-0.434	 NA 	 153		 NA	
rs6425538      	179350583	1	-0.648	 NA 	 154		 NA	
rs6665787      	179351292	1	-0.648	 NA 	 155		 NA	
rs4625243      	179351606	1	-0.571	 NA 	 156		 NA	
rs7541905      	179354304	1	-0.571	 NA 	 157		 NA	
rs12743373     	179354922	1	-0.556	 NA 	 158		 NA	
rs4652369      	179355159	1	-0.648	 NA 	 159		 NA	
rs6679587      	179355311	1	-0.648	 NA 	 160		 NA	
rs6683309      	179356581	1	-0.571	 NA 	 161		 NA	
rs56232973     	179359355	1	-0.647	 NA 	 162		 NA	
rs4297245      	179361178	1	-0.573	 NA 	 163		 NA	
rs55673841     	179362501	1	-0.648	 NA 	 164		 NA	
rs61173288     	179364391	1	-0.648	 NA 	 165		 NA	
rs4652372      	179365644	1	-0.536	 NA 	 166		 NA	
rs4652373      	179365684	1	-0.648	 NA 	 167		 NA	
rs4652374      	179371395	1	-0.398	 NA 	 168		 NA	
rs72717569     	179371501	1	-0.640	 NA 	 169		 NA	
rs4651025      	179371973	1	-0.404	 NA 	 170		 NA	
rs60289663     	179372282	1	-0.640	 NA 	 171		 NA	
rs58135462     	179372539	1	-0.641	 NA 	 172		 NA	
