## note:bf=log10(Bayes Factor), mapping between SNP ID and its label(rank) are in .single file.
 bf 	 se		snp1		snp2
-0.466  NA   		1		NA
-0.453  NA   		2		NA
-0.420  NA   		3		NA
-0.470  NA   		4		NA
-0.469  NA   		5		NA
-0.475  NA   		6		NA
-0.498  NA   		7		NA
-0.499  NA   		8		NA
-0.049  NA   		9		NA
-0.133  NA   		10		NA
+0.237  NA   		11		NA
+0.962  NA   		12		NA
+0.053  NA   		13		NA
+0.941  NA   		14		NA
+1.226  NA   		15		NA
+0.173  NA   		16		NA
+0.166  NA   		17		NA
+0.361  NA   		18		NA
+0.380  NA   		19		NA
+0.400  NA   		20		NA
+0.394  NA   		21		NA
+0.378  NA   		22		NA
+1.279  NA   		23		NA
+1.242  NA   		24		NA
+1.264  NA   		25		NA
+1.310  NA   		26		NA
+0.403  NA   		27		NA
+1.333  NA   		28		NA
+1.335  NA   		29		NA
+1.300  NA   		30		NA
+1.082  NA   		31		NA
+0.360  NA   		32		NA
+1.252  NA   		33		NA
+1.355  NA   		34		NA
+1.396  NA   		35		NA
+0.554  NA   		36		NA
+0.164  NA   		37		NA
+0.168  NA   		38		NA
+0.182  NA   		39		NA
+0.092  NA   		40		NA
+0.029  NA   		41		NA
+0.204  NA   		42		NA
+0.190  NA   		43		NA
+0.048  NA   		44		NA
+0.194  NA   		45		NA
+0.132  NA   		46		NA
+0.179  NA   		47		NA
+0.260  NA   		48		NA
+0.134  NA   		49		NA
+0.135  NA   		50		NA
+0.278  NA   		51		NA
+0.276  NA   		52		NA
+0.313  NA   		53		NA
+0.282  NA   		54		NA
+0.284  NA   		55		NA
+0.101  NA   		56		NA
+5.582  NA   		57		NA
+5.784  NA   		58		NA
+5.929  NA   		59		NA
+2.087  NA   		60		NA
+2.655  NA   		61		NA
+2.968  NA   		62		NA
+2.570  NA   		63		NA
+2.817  NA   		64		NA
+2.912  NA   		65		NA
+2.761  NA   		66		NA
+2.944  NA   		67		NA
+2.854  NA   		68		NA
+1.231  NA   		69		NA
+1.052  NA   		70		NA
+2.422  NA   		71		NA
+2.338  NA   		72		NA
+1.011  NA   		73		NA
+2.414  NA   		74		NA
+2.480  NA   		75		NA
+2.456  NA   		76		NA
+2.456  NA   		77		NA
+2.471  NA   		78		NA
+2.472  NA   		79		NA
+2.564  NA   		80		NA
+2.624  NA   		81		NA
+1.133  NA   		82		NA
+2.526  NA   		83		NA
+2.564  NA   		84		NA
+2.516  NA   		85		NA
+2.600  NA   		86		NA
-0.616  NA   		87		NA
-0.396  NA   		88		NA
-0.405  NA   		89		NA
-0.645  NA   		90		NA
-0.364  NA   		91		NA
-0.349  NA   		92		NA
-0.374  NA   		93		NA
-0.627  NA   		94		NA
-0.329  NA   		95		NA
-0.673  NA   		1		2
-0.542  NA   		1		3
-0.532  NA   		1		4
-0.530  NA   		1		5
-0.625  NA   		1		6
-0.687  NA   		1		7
-0.686  NA   		1		8
-0.406  NA   		1		9
-0.485  NA   		1		10
-0.139  NA   		1		11
+0.524  NA   		1		12
-0.321  NA   		1		13
+0.502  NA   		1		14
+0.769  NA   		1		15
-0.207  NA   		1		16
-0.214  NA   		1		17
-0.032  NA   		1		18
-0.014  NA   		1		19
+0.005  NA   		1		20
-0.000  NA   		1		21
-0.016  NA   		1		22
+0.822  NA   		1		23
+0.787  NA   		1		24
+0.807  NA   		1		25
+0.851  NA   		1		26
+0.007  NA   		1		27
+0.872  NA   		1		28
+0.875  NA   		1		29
+0.842  NA   		1		30
+0.634  NA   		1		31
-0.033  NA   		1		32
+0.796  NA   		1		33
+0.894  NA   		1		34
+0.933  NA   		1		35
+0.151  NA   		1		36
-0.231  NA   		1		37
-0.228  NA   		1		38
-0.214  NA   		1		39
-0.301  NA   		1		40
-0.359  NA   		1		41
-0.185  NA   		1		42
-0.207  NA   		1		43
-0.341  NA   		1		44
-0.203  NA   		1		45
-0.259  NA   		1		46
-0.216  NA   		1		47
-0.132  NA   		1		48
-0.257  NA   		1		49
-0.256  NA   		1		50
-0.115  NA   		1		51
-0.117  NA   		1		52
-0.095  NA   		1		53
-0.124  NA   		1		54
-0.122  NA   		1		55
-0.297  NA   		1		56
+4.995  NA   		1		57
+5.189  NA   		1		58
+5.329  NA   		1		59
+1.518  NA   		1		60
+2.073  NA   		1		61
+2.365  NA   		1		62
+1.995  NA   		1		63
+2.224  NA   		1		64
+2.317  NA   		1		65
+2.173  NA   		1		66
+2.350  NA   		1		67
+2.263  NA   		1		68
+0.805  NA   		1		69
+0.639  NA   		1		70
+1.848  NA   		1		71
+1.769  NA   		1		72
+0.593  NA   		1		73
+1.840  NA   		1		74
+1.905  NA   		1		75
+1.867  NA   		1		76
+1.867  NA   		1		77
+1.893  NA   		1		78
+1.898  NA   		1		79
+1.986  NA   		1		80
+2.043  NA   		1		81
+0.706  NA   		1		82
+1.946  NA   		1		83
+1.984  NA   		1		84
+1.935  NA   		1		85
+2.017  NA   		1		86
-0.935  NA   		1		87
-0.732  NA   		1		88
-0.741  NA   		1		89
-0.963  NA   		1		90
-0.704  NA   		1		91
-0.674  NA   		1		92
-0.702  NA   		1		93
-0.945  NA   		1		94
-0.658  NA   		1		95
-0.656  NA   		2		3
-0.552  NA   		2		4
-0.550  NA   		2		5
-0.630  NA   		2		6
-0.533  NA   		2		7
-0.528  NA   		2		8
-0.394  NA   		2		9
-0.472  NA   		2		10
-0.129  NA   		2		11
+0.523  NA   		2		12
-0.313  NA   		2		13
+0.502  NA   		2		14
+0.766  NA   		2		15
-0.200  NA   		2		16
-0.207  NA   		2		17
-0.026  NA   		2		18
-0.008  NA   		2		19
+0.011  NA   		2		20
+0.006  NA   		2		21
-0.010  NA   		2		22
+0.822  NA   		2		23
+0.784  NA   		2		24
+0.805  NA   		2		25
+0.848  NA   		2		26
+0.013  NA   		2		27
+0.869  NA   		2		28
+0.872  NA   		2		29
+0.839  NA   		2		30
+0.633  NA   		2		31
-0.027  NA   		2		32
+0.793  NA   		2		33
+0.891  NA   		2		34
+0.930  NA   		2		35
+0.157  NA   		2		36
-0.228  NA   		2		37
-0.225  NA   		2		38
-0.211  NA   		2		39
-0.296  NA   		2		40
-0.353  NA   		2		41
-0.181  NA   		2		42
-0.204  NA   		2		43
-0.335  NA   		2		44
-0.200  NA   		2		45
-0.255  NA   		2		46
-0.212  NA   		2		47
-0.129  NA   		2		48
-0.253  NA   		2		49
-0.252  NA   		2		50
-0.112  NA   		2		51
-0.114  NA   		2		52
-0.085  NA   		2		53
-0.114  NA   		2		54
-0.112  NA   		2		55
-0.286  NA   		2		56
+5.015  NA   		2		57
+5.209  NA   		2		58
+5.348  NA   		2		59
+1.548  NA   		2		60
+2.100  NA   		2		61
+2.391  NA   		2		62
+2.022  NA   		2		63
+2.250  NA   		2		64
+2.342  NA   		2		65
+2.197  NA   		2		66
+2.374  NA   		2		67
+2.287  NA   		2		68
+0.824  NA   		2		69
+0.659  NA   		2		70
+1.870  NA   		2		71
+1.791  NA   		2		72
+0.613  NA   		2		73
+1.862  NA   		2		74
+1.928  NA   		2		75
+1.889  NA   		2		76
+1.889  NA   		2		77
+1.915  NA   		2		78
+1.921  NA   		2		79
+2.009  NA   		2		80
+2.066  NA   		2		81
+0.726  NA   		2		82
+1.969  NA   		2		83
+2.007  NA   		2		84
+1.958  NA   		2		85
+2.040  NA   		2		86
-0.922  NA   		2		87
-0.719  NA   		2		88
-0.728  NA   		2		89
-0.951  NA   		2		90
-0.691  NA   		2		91
-0.659  NA   		2		92
-0.691  NA   		2		93
-0.932  NA   		2		94
-0.644  NA   		2		95
-0.402  NA   		3		4
-0.399  NA   		3		5
-0.530  NA   		3		6
-0.607  NA   		3		7
-0.607  NA   		3		8
-0.368  NA   		3		9
-0.446  NA   		3		10
-0.103  NA   		3		11
+0.549  NA   		3		12
-0.288  NA   		3		13
+0.526  NA   		3		14
+0.790  NA   		3		15
-0.176  NA   		3		16
-0.183  NA   		3		17
-0.002  NA   		3		18
+0.016  NA   		3		19
+0.034  NA   		3		20
+0.029  NA   		3		21
+0.014  NA   		3		22
+0.845  NA   		3		23
+0.808  NA   		3		24
+0.828  NA   		3		25
+0.871  NA   		3		26
+0.036  NA   		3		27
+0.892  NA   		3		28
+0.895  NA   		3		29
+0.862  NA   		3		30
+0.657  NA   		3		31
-0.004  NA   		3		32
+0.817  NA   		3		33
+0.915  NA   		3		34
+0.954  NA   		3		35
+0.180  NA   		3		36
-0.195  NA   		3		37
-0.192  NA   		3		38
-0.179  NA   		3		39
-0.264  NA   		3		40
-0.322  NA   		3		41
-0.156  NA   		3		42
-0.172  NA   		3		43
-0.304  NA   		3		44
-0.167  NA   		3		45
-0.223  NA   		3		46
-0.179  NA   		3		47
-0.104  NA   		3		48
-0.220  NA   		3		49
-0.220  NA   		3		50
-0.087  NA   		3		51
-0.089  NA   		3		52
-0.051  NA   		3		53
-0.080  NA   		3		54
-0.078  NA   		3		55
-0.253  NA   		3		56
+5.037  NA   		3		57
+5.231  NA   		3		58
+5.370  NA   		3		59
+1.575  NA   		3		60
+2.133  NA   		3		61
+2.425  NA   		3		62
+2.054  NA   		3		63
+2.284  NA   		3		64
+2.377  NA   		3		65
+2.232  NA   		3		66
+2.410  NA   		3		67
+2.322  NA   		3		68
+0.859  NA   		3		69
+0.693  NA   		3		70
+1.906  NA   		3		71
+1.827  NA   		3		72
+0.647  NA   		3		73
+1.898  NA   		3		74
+1.963  NA   		3		75
+1.924  NA   		3		76
+1.924  NA   		3		77
+1.951  NA   		3		78
+1.956  NA   		3		79
+2.044  NA   		3		80
+2.101  NA   		3		81
+0.760  NA   		3		82
+2.005  NA   		3		83
+2.042  NA   		3		84
+1.994  NA   		3		85
+2.075  NA   		3		86
-0.892  NA   		3		87
-0.689  NA   		3		88
-0.698  NA   		3		89
-0.921  NA   		3		90
-0.660  NA   		3		91
-0.629  NA   		3		92
-0.660  NA   		3		93
-0.903  NA   		3		94
-0.614  NA   		3		95
-0.590  NA   		4		5
-0.588  NA   		4		6
-0.717  NA   		4		7
-0.715  NA   		4		8
-0.397  NA   		4		9
-0.477  NA   		4		10
-0.122  NA   		4		11
+0.580  NA   		4		12
-0.288  NA   		4		13
+0.560  NA   		4		14
+0.834  NA   		4		15
-0.173  NA   		4		16
-0.180  NA   		4		17
+0.010  NA   		4		18
+0.028  NA   		4		19
+0.048  NA   		4		20
+0.042  NA   		4		21
+0.027  NA   		4		22
+0.883  NA   		4		23
+0.853  NA   		4		24
+0.873  NA   		4		25
+0.918  NA   		4		26
+0.051  NA   		4		27
+0.941  NA   		4		28
+0.943  NA   		4		29
+0.909  NA   		4		30
+0.693  NA   		4		31
+0.009  NA   		4		32
+0.862  NA   		4		33
+0.961  NA   		4		34
+1.000  NA   		4		35
+0.195  NA   		4		36
-0.215  NA   		4		37
-0.212  NA   		4		38
-0.199  NA   		4		39
-0.291  NA   		4		40
-0.348  NA   		4		41
-0.140  NA   		4		42
-0.191  NA   		4		43
-0.330  NA   		4		44
-0.187  NA   		4		45
-0.247  NA   		4		46
-0.203  NA   		4		47
-0.087  NA   		4		48
-0.245  NA   		4		49
-0.244  NA   		4		50
-0.069  NA   		4		51
-0.071  NA   		4		52
-0.098  NA   		4		53
-0.126  NA   		4		54
-0.124  NA   		4		55
-0.299  NA   		4		56
+5.014  NA   		4		57
+5.210  NA   		4		58
+5.350  NA   		4		59
+1.480  NA   		4		60
+2.026  NA   		4		61
+2.319  NA   		4		62
+1.949  NA   		4		63
+2.181  NA   		4		64
+2.274  NA   		4		65
+2.130  NA   		4		66
+2.306  NA   		4		67
+2.219  NA   		4		68
+0.767  NA   		4		69
+0.602  NA   		4		70
+1.808  NA   		4		71
+1.729  NA   		4		72
+0.558  NA   		4		73
+1.801  NA   		4		74
+1.866  NA   		4		75
+1.830  NA   		4		76
+1.830  NA   		4		77
+1.852  NA   		4		78
+1.858  NA   		4		79
+1.945  NA   		4		80
+2.001  NA   		4		81
+0.669  NA   		4		82
+1.904  NA   		4		83
+1.944  NA   		4		84
+1.894  NA   		4		85
+1.975  NA   		4		86
-0.941  NA   		4		87
-0.737  NA   		4		88
-0.746  NA   		4		89
-0.968  NA   		4		90
-0.711  NA   		4		91
-0.689  NA   		4		92
-0.709  NA   		4		93
-0.950  NA   		4		94
-0.669  NA   		4		95
-0.582  NA   		5		6
-0.715  NA   		5		7
-0.713  NA   		5		8
-0.396  NA   		5		9
-0.476  NA   		5		10
-0.121  NA   		5		11
+0.582  NA   		5		12
-0.287  NA   		5		13
+0.562  NA   		5		14
+0.835  NA   		5		15
-0.171  NA   		5		16
-0.178  NA   		5		17
+0.011  NA   		5		18
+0.030  NA   		5		19
+0.049  NA   		5		20
+0.044  NA   		5		21
+0.028  NA   		5		22
+0.885  NA   		5		23
+0.855  NA   		5		24
+0.875  NA   		5		25
+0.920  NA   		5		26
+0.052  NA   		5		27
+0.943  NA   		5		28
+0.945  NA   		5		29
+0.911  NA   		5		30
+0.695  NA   		5		31
+0.011  NA   		5		32
+0.864  NA   		5		33
+0.962  NA   		5		34
+1.002  NA   		5		35
+0.197  NA   		5		36
-0.214  NA   		5		37
-0.211  NA   		5		38
-0.197  NA   		5		39
-0.290  NA   		5		40
-0.347  NA   		5		41
-0.139  NA   		5		42
-0.190  NA   		5		43
-0.329  NA   		5		44
-0.186  NA   		5		45
-0.246  NA   		5		46
-0.202  NA   		5		47
-0.085  NA   		5		48
-0.243  NA   		5		49
-0.243  NA   		5		50
-0.067  NA   		5		51
-0.069  NA   		5		52
-0.096  NA   		5		53
-0.125  NA   		5		54
-0.123  NA   		5		55
-0.298  NA   		5		56
+5.016  NA   		5		57
+5.211  NA   		5		58
+5.351  NA   		5		59
+1.481  NA   		5		60
+2.027  NA   		5		61
+2.321  NA   		5		62
+1.950  NA   		5		63
+2.182  NA   		5		64
+2.276  NA   		5		65
+2.132  NA   		5		66
+2.307  NA   		5		67
+2.221  NA   		5		68
+0.768  NA   		5		69
+0.603  NA   		5		70
+1.809  NA   		5		71
+1.731  NA   		5		72
+0.559  NA   		5		73
+1.802  NA   		5		74
+1.867  NA   		5		75
+1.832  NA   		5		76
+1.832  NA   		5		77
+1.853  NA   		5		78
+1.859  NA   		5		79
+1.946  NA   		5		80
+2.002  NA   		5		81
+0.670  NA   		5		82
+1.906  NA   		5		83
+1.945  NA   		5		84
+1.895  NA   		5		85
+1.977  NA   		5		86
-0.939  NA   		5		87
-0.736  NA   		5		88
-0.744  NA   		5		89
-0.967  NA   		5		90
-0.710  NA   		5		91
-0.688  NA   		5		92
-0.708  NA   		5		93
-0.949  NA   		5		94
-0.668  NA   		5		95
-0.709  NA   		6		7
-0.707  NA   		6		8
-0.400  NA   		6		9
-0.480  NA   		6		10
-0.126  NA   		6		11
+0.568  NA   		6		12
-0.297  NA   		6		13
+0.548  NA   		6		14
+0.820  NA   		6		15
-0.182  NA   		6		16
-0.189  NA   		6		17
-0.001  NA   		6		18
+0.018  NA   		6		19
+0.037  NA   		6		20
+0.032  NA   		6		21
+0.016  NA   		6		22
+0.870  NA   		6		23
+0.839  NA   		6		24
+0.859  NA   		6		25
+0.904  NA   		6		26
+0.040  NA   		6		27
+0.926  NA   		6		28
+0.928  NA   		6		29
+0.894  NA   		6		30
+0.681  NA   		6		31
-0.002  NA   		6		32
+0.848  NA   		6		33
+0.946  NA   		6		34
+0.986  NA   		6		35
+0.184  NA   		6		36
-0.214  NA   		6		37
-0.212  NA   		6		38
-0.198  NA   		6		39
-0.289  NA   		6		40
-0.347  NA   		6		41
-0.152  NA   		6		42
-0.191  NA   		6		43
-0.329  NA   		6		44
-0.186  NA   		6		45
-0.245  NA   		6		46
-0.201  NA   		6		47
-0.098  NA   		6		48
-0.243  NA   		6		49
-0.242  NA   		6		50
-0.081  NA   		6		51
-0.083  NA   		6		52
-0.102  NA   		6		53
-0.131  NA   		6		54
-0.129  NA   		6		55
-0.304  NA   		6		56
+5.014  NA   		6		57
+5.210  NA   		6		58
+5.350  NA   		6		59
+1.481  NA   		6		60
+2.028  NA   		6		61
+2.321  NA   		6		62
+1.951  NA   		6		63
+2.182  NA   		6		64
+2.276  NA   		6		65
+2.132  NA   		6		66
+2.308  NA   		6		67
+2.221  NA   		6		68
+0.768  NA   		6		69
+0.603  NA   		6		70
+1.809  NA   		6		71
+1.731  NA   		6		72
+0.559  NA   		6		73
+1.802  NA   		6		74
+1.867  NA   		6		75
+1.831  NA   		6		76
+1.831  NA   		6		77
+1.854  NA   		6		78
+1.859  NA   		6		79
+1.946  NA   		6		80
+2.002  NA   		6		81
+0.670  NA   		6		82
+1.906  NA   		6		83
+1.945  NA   		6		84
+1.896  NA   		6		85
+1.977  NA   		6		86
-0.944  NA   		6		87
-0.741  NA   		6		88
-0.750  NA   		6		89
-0.972  NA   		6		90
-0.714  NA   		6		91
-0.689  NA   		6		92
-0.711  NA   		6		93
-0.954  NA   		6		94
-0.670  NA   		6		95
-0.638  NA   		7		8
-0.423  NA   		7		9
-0.503  NA   		7		10
-0.149  NA   		7		11
+0.549  NA   		7		12
-0.318  NA   		7		13
+0.527  NA   		7		14
+0.800  NA   		7		15
-0.203  NA   		7		16
-0.210  NA   		7		17
-0.022  NA   		7		18
-0.003  NA   		7		19
+0.016  NA   		7		20
+0.011  NA   		7		21
-0.005  NA   		7		22
+0.849  NA   		7		23
+0.819  NA   		7		24
+0.839  NA   		7		25
+0.884  NA   		7		26
+0.019  NA   		7		27
+0.906  NA   		7		28
+0.908  NA   		7		29
+0.874  NA   		7		30
+0.660  NA   		7		31
-0.022  NA   		7		32
+0.828  NA   		7		33
+0.926  NA   		7		34
+0.965  NA   		7		35
+0.163  NA   		7		36
-0.239  NA   		7		37
-0.236  NA   		7		38
-0.222  NA   		7		39
-0.315  NA   		7		40
-0.372  NA   		7		41
-0.170  NA   		7		42
-0.215  NA   		7		43
-0.354  NA   		7		44
-0.211  NA   		7		45
-0.271  NA   		7		46
-0.226  NA   		7		47
-0.117  NA   		7		48
-0.268  NA   		7		49
-0.268  NA   		7		50
-0.099  NA   		7		51
-0.101  NA   		7		52
-0.124  NA   		7		53
-0.152  NA   		7		54
-0.150  NA   		7		55
-0.325  NA   		7		56
+4.983  NA   		7		57
+5.178  NA   		7		58
+5.318  NA   		7		59
+1.450  NA   		7		60
+1.997  NA   		7		61
+2.290  NA   		7		62
+1.919  NA   		7		63
+2.151  NA   		7		64
+2.245  NA   		7		65
+2.101  NA   		7		66
+2.276  NA   		7		67
+2.190  NA   		7		68
+0.741  NA   		7		69
+0.576  NA   		7		70
+1.778  NA   		7		71
+1.700  NA   		7		72
+0.532  NA   		7		73
+1.771  NA   		7		74
+1.837  NA   		7		75
+1.800  NA   		7		76
+1.800  NA   		7		77
+1.823  NA   		7		78
+1.829  NA   		7		79
+1.915  NA   		7		80
+1.971  NA   		7		81
+0.642  NA   		7		82
+1.875  NA   		7		83
+1.914  NA   		7		84
+1.865  NA   		7		85
+1.946  NA   		7		86
-0.966  NA   		7		87
-0.763  NA   		7		88
-0.771  NA   		7		89
-0.993  NA   		7		90
-0.736  NA   		7		91
-0.713  NA   		7		92
-0.733  NA   		7		93
-0.975  NA   		7		94
-0.693  NA   		7		95
-0.424  NA   		8		9
-0.504  NA   		8		10
-0.150  NA   		8		11
+0.548  NA   		8		12
-0.319  NA   		8		13
+0.527  NA   		8		14
+0.800  NA   		8		15
-0.204  NA   		8		16
-0.211  NA   		8		17
-0.022  NA   		8		18
-0.004  NA   		8		19
+0.015  NA   		8		20
+0.010  NA   		8		21
-0.005  NA   		8		22
+0.849  NA   		8		23
+0.819  NA   		8		24
+0.839  NA   		8		25
+0.884  NA   		8		26
+0.018  NA   		8		27
+0.906  NA   		8		28
+0.908  NA   		8		29
+0.874  NA   		8		30
+0.660  NA   		8		31
-0.023  NA   		8		32
+0.828  NA   		8		33
+0.926  NA   		8		34
+0.965  NA   		8		35
+0.162  NA   		8		36
-0.240  NA   		8		37
-0.237  NA   		8		38
-0.223  NA   		8		39
-0.316  NA   		8		40
-0.373  NA   		8		41
-0.171  NA   		8		42
-0.216  NA   		8		43
-0.355  NA   		8		44
-0.212  NA   		8		45
-0.272  NA   		8		46
-0.227  NA   		8		47
-0.118  NA   		8		48
-0.269  NA   		8		49
-0.269  NA   		8		50
-0.100  NA   		8		51
-0.102  NA   		8		52
-0.125  NA   		8		53
-0.153  NA   		8		54
-0.152  NA   		8		55
-0.327  NA   		8		56
+4.982  NA   		8		57
+5.177  NA   		8		58
+5.317  NA   		8		59
+1.448  NA   		8		60
+1.995  NA   		8		61
+2.288  NA   		8		62
+1.918  NA   		8		63
+2.149  NA   		8		64
+2.243  NA   		8		65
+2.099  NA   		8		66
+2.275  NA   		8		67
+2.188  NA   		8		68
+0.739  NA   		8		69
+0.574  NA   		8		70
+1.777  NA   		8		71
+1.699  NA   		8		72
+0.530  NA   		8		73
+1.770  NA   		8		74
+1.835  NA   		8		75
+1.799  NA   		8		76
+1.799  NA   		8		77
+1.821  NA   		8		78
+1.827  NA   		8		79
+1.914  NA   		8		80
+1.970  NA   		8		81
+0.641  NA   		8		82
+1.873  NA   		8		83
+1.913  NA   		8		84
+1.863  NA   		8		85
+1.944  NA   		8		86
-0.967  NA   		8		87
-0.764  NA   		8		88
-0.772  NA   		8		89
-0.994  NA   		8		90
-0.737  NA   		8		91
-0.714  NA   		8		92
-0.734  NA   		8		93
-0.976  NA   		8		94
-0.694  NA   		8		95
-0.220  NA   		9		10
-0.055  NA   		9		11
+0.486  NA   		9		12
-0.258  NA   		9		13
+0.465  NA   		9		14
+0.720  NA   		9		15
-0.173  NA   		9		16
-0.178  NA   		9		17
-0.004  NA   		9		18
+0.013  NA   		9		19
+0.031  NA   		9		20
+0.026  NA   		9		21
+0.011  NA   		9		22
+0.769  NA   		9		23
+0.747  NA   		9		24
+0.767  NA   		9		25
+0.812  NA   		9		26
+0.031  NA   		9		27
+0.833  NA   		9		28
+0.836  NA   		9		29
+0.802  NA   		9		30
+0.590  NA   		9		31
-0.010  NA   		9		32
+0.755  NA   		9		33
+0.850  NA   		9		34
+0.889  NA   		9		35
+0.161  NA   		9		36
-0.075  NA   		9		37
-0.072  NA   		9		38
-0.062  NA   		9		39
-0.106  NA   		9		40
-0.146  NA   		9		41
-0.149  NA   		9		42
-0.053  NA   		9		43
-0.129  NA   		9		44
-0.049  NA   		9		45
-0.101  NA   		9		46
-0.067  NA   		9		47
-0.107  NA   		9		48
-0.099  NA   		9		49
-0.099  NA   		9		50
-0.093  NA   		9		51
-0.095  NA   		9		52
+0.200  NA   		9		53
+0.176  NA   		9		54
+0.178  NA   		9		55
+0.018  NA   		9		56
+4.850  NA   		9		57
+5.043  NA   		9		58
+5.181  NA   		9		59
+1.819  NA   		9		60
+2.346  NA   		9		61
+2.637  NA   		9		62
+2.271  NA   		9		63
+2.502  NA   		9		64
+2.596  NA   		9		65
+2.460  NA   		9		66
+2.638  NA   		9		67
+2.550  NA   		9		68
+1.168  NA   		9		69
+1.000  NA   		9		70
+2.159  NA   		9		71
+2.082  NA   		9		72
+0.957  NA   		9		73
+2.146  NA   		9		74
+2.215  NA   		9		75
+2.187  NA   		9		76
+2.187  NA   		9		77
+2.204  NA   		9		78
+2.211  NA   		9		79
+2.295  NA   		9		80
+2.351  NA   		9		81
+1.067  NA   		9		82
+2.255  NA   		9		83
+2.294  NA   		9		84
+2.245  NA   		9		85
+2.325  NA   		9		86
-0.535  NA   		9		87
-0.328  NA   		9		88
-0.336  NA   		9		89
-0.561  NA   		9		90
-0.302  NA   		9		91
-0.253  NA   		9		92
-0.312  NA   		9		93
-0.544  NA   		9		94
-0.240  NA   		9		95
-0.022  NA   		10		11
+0.486  NA   		10		12
-0.293  NA   		10		13
+0.453  NA   		10		14
+0.718  NA   		10		15
-0.199  NA   		10		16
-0.205  NA   		10		17
-0.006  NA   		10		18
+0.013  NA   		10		19
+0.033  NA   		10		20
+0.027  NA   		10		21
+0.010  NA   		10		22
+0.766  NA   		10		23
+0.762  NA   		10		24
+0.782  NA   		10		25
+0.830  NA   		10		26
+0.031  NA   		10		27
+0.852  NA   		10		28
+0.855  NA   		10		29
+0.819  NA   		10		30
+0.581  NA   		10		31
-0.014  NA   		10		32
+0.768  NA   		10		33
+0.865  NA   		10		34
+0.905  NA   		10		35
+0.169  NA   		10		36
-0.146  NA   		10		37
-0.143  NA   		10		38
-0.132  NA   		10		39
-0.182  NA   		10		40
-0.223  NA   		10		41
-0.184  NA   		10		42
-0.124  NA   		10		43
-0.207  NA   		10		44
-0.120  NA   		10		45
-0.172  NA   		10		46
-0.137  NA   		10		47
-0.139  NA   		10		48
-0.170  NA   		10		49
-0.170  NA   		10		50
-0.124  NA   		10		51
-0.126  NA   		10		52
+0.130  NA   		10		53
+0.105  NA   		10		54
+0.107  NA   		10		55
-0.055  NA   		10		56
+4.845  NA   		10		57
+5.040  NA   		10		58
+5.179  NA   		10		59
+1.746  NA   		10		60
+2.275  NA   		10		61
+2.567  NA   		10		62
+2.200  NA   		10		63
+2.432  NA   		10		64
+2.526  NA   		10		65
+2.389  NA   		10		66
+2.567  NA   		10		67
+2.479  NA   		10		68
+1.094  NA   		10		69
+0.926  NA   		10		70
+2.087  NA   		10		71
+2.010  NA   		10		72
+0.881  NA   		10		73
+2.074  NA   		10		74
+2.143  NA   		10		75
+2.114  NA   		10		76
+2.114  NA   		10		77
+2.132  NA   		10		78
+2.137  NA   		10		79
+2.221  NA   		10		80
+2.278  NA   		10		81
+0.991  NA   		10		82
+2.183  NA   		10		83
+2.220  NA   		10		84
+2.172  NA   		10		85
+2.252  NA   		10		86
-0.616  NA   		10		87
-0.408  NA   		10		88
-0.417  NA   		10		89
-0.641  NA   		10		90
-0.383  NA   		10		91
-0.336  NA   		10		92
-0.393  NA   		10		93
-0.623  NA   		10		94
-0.323  NA   		10		95
+0.545  NA   		11		12
-0.077  NA   		11		13
+0.533  NA   		11		14
+0.772  NA   		11		15
-0.026  NA   		11		16
-0.030  NA   		11		17
+0.097  NA   		11		18
+0.111  NA   		11		19
+0.125  NA   		11		20
+0.121  NA   		11		21
+0.109  NA   		11		22
+0.820  NA   		11		23
+0.789  NA   		11		24
+0.808  NA   		11		25
+0.850  NA   		11		26
+0.125  NA   		11		27
+0.871  NA   		11		28
+0.873  NA   		11		29
+0.841  NA   		11		30
+0.650  NA   		11		31
+0.094  NA   		11		32
+0.797  NA   		11		33
+0.888  NA   		11		34
+0.926  NA   		11		35
+0.234  NA   		11		36
+0.103  NA   		11		37
+0.105  NA   		11		38
+0.114  NA   		11		39
+0.086  NA   		11		40
+0.052  NA   		11		41
-0.007  NA   		11		42
+0.122  NA   		11		43
+0.066  NA   		11		44
+0.125  NA   		11		45
+0.080  NA   		11		46
+0.110  NA   		11		47
+0.025  NA   		11		48
+0.082  NA   		11		49
+0.082  NA   		11		50
+0.036  NA   		11		51
+0.034  NA   		11		52
+0.439  NA   		11		53
+0.415  NA   		11		54
+0.417  NA   		11		55
+0.263  NA   		11		56
+4.885  NA   		11		57
+5.075  NA   		11		58
+5.211  NA   		11		59
+2.103  NA   		11		60
+2.625  NA   		11		61
+2.917  NA   		11		62
+2.550  NA   		11		63
+2.782  NA   		11		64
+2.878  NA   		11		65
+2.743  NA   		11		66
+2.924  NA   		11		67
+2.833  NA   		11		68
+1.608  NA   		11		69
+1.426  NA   		11		70
+2.446  NA   		11		71
+2.368  NA   		11		72
+1.386  NA   		11		73
+2.430  NA   		11		74
+2.502  NA   		11		75
+2.478  NA   		11		76
+2.478  NA   		11		77
+2.490  NA   		11		78
+2.497  NA   		11		79
+2.580  NA   		11		80
+2.636  NA   		11		81
+1.502  NA   		11		82
+2.540  NA   		11		83
+2.579  NA   		11		84
+2.529  NA   		11		85
+2.610  NA   		11		86
-0.259  NA   		11		87
-0.031  NA   		11		88
-0.056  NA   		11		89
-0.287  NA   		11		90
+0.005  NA   		11		91
+0.044  NA   		11		92
-0.067  NA   		11		93
-0.264  NA   		11		94
+0.011  NA   		11		95
+0.521  NA   		12		13
+0.818  NA   		12		14
+0.989  NA   		12		15
+0.527  NA   		12		16
+0.526  NA   		12		17
+0.579  NA   		12		18
+0.586  NA   		12		19
+0.594  NA   		12		20
+0.592  NA   		12		21
+0.587  NA   		12		22
+1.025  NA   		12		23
+0.990  NA   		12		24
+1.006  NA   		12		25
+1.038  NA   		12		26
+0.599  NA   		12		27
+1.055  NA   		12		28
+1.057  NA   		12		29
+1.031  NA   		12		30
+0.892  NA   		12		31
+0.584  NA   		12		32
+0.998  NA   		12		33
+1.071  NA   		12		34
+1.102  NA   		12		35
+0.672  NA   		12		36
+0.702  NA   		12		37
+0.705  NA   		12		38
+0.711  NA   		12		39
+0.635  NA   		12		40
+0.615  NA   		12		41
+0.555  NA   		12		42
+0.720  NA   		12		43
+0.622  NA   		12		44
+0.723  NA   		12		45
+0.683  NA   		12		46
+0.708  NA   		12		47
+0.576  NA   		12		48
+0.685  NA   		12		49
+0.685  NA   		12		50
+0.584  NA   		12		51
+0.583  NA   		12		52
+1.353  NA   		12		53
+1.324  NA   		12		54
+1.326  NA   		12		55
+1.126  NA   		12		56
+5.189  NA   		12		57
+5.383  NA   		12		58
+5.513  NA   		12		59
+2.813  NA   		12		60
+3.317  NA   		12		61
+3.615  NA   		12		62
+3.248  NA   		12		63
+3.480  NA   		12		64
+3.576  NA   		12		65
+3.442  NA   		12		66
+3.623  NA   		12		67
+3.525  NA   		12		68
+2.347  NA   		12		69
+2.160  NA   		12		70
+3.137  NA   		12		71
+3.059  NA   		12		72
+2.114  NA   		12		73
+3.117  NA   		12		74
+3.198  NA   		12		75
+3.180  NA   		12		76
+3.180  NA   		12		77
+3.180  NA   		12		78
+3.192  NA   		12		79
+3.273  NA   		12		80
+3.330  NA   		12		81
+2.231  NA   		12		82
+3.227  NA   		12		83
+3.271  NA   		12		84
+3.217  NA   		12		85
+3.302  NA   		12		86
+0.441  NA   		12		87
+0.666  NA   		12		88
+0.637  NA   		12		89
+0.394  NA   		12		90
+0.706  NA   		12		91
+0.816  NA   		12		92
+0.652  NA   		12		93
+0.408  NA   		12		94
+0.749  NA   		12		95
+0.536  NA   		13		14
+0.829  NA   		13		15
+0.033  NA   		13		16
+0.022  NA   		13		17
+0.095  NA   		13		18
+0.117  NA   		13		19
+0.136  NA   		13		20
+0.131  NA   		13		21
+0.110  NA   		13		22
+0.867  NA   		13		23
+0.779  NA   		13		24
+0.799  NA   		13		25
+0.846  NA   		13		26
+0.124  NA   		13		27
+0.868  NA   		13		28
+0.871  NA   		13		29
+0.836  NA   		13		30
+0.665  NA   		13		31
+0.073  NA   		13		32
+0.785  NA   		13		33
+0.881  NA   		13		34
+0.921  NA   		13		35
+0.253  NA   		13		36
+0.033  NA   		13		37
+0.036  NA   		13		38
+0.045  NA   		13		39
-0.063  NA   		13		40
-0.100  NA   		13		41
-0.110  NA   		13		42
+0.056  NA   		13		43
-0.085  NA   		13		44
+0.060  NA   		13		45
+0.006  NA   		13		46
+0.041  NA   		13		47
-0.072  NA   		13		48
+0.008  NA   		13		49
+0.008  NA   		13		50
-0.059  NA   		13		51
-0.060  NA   		13		52
+0.602  NA   		13		53
+0.572  NA   		13		54
+0.574  NA   		13		55
+0.346  NA   		13		56
+4.854  NA   		13		57
+5.047  NA   		13		58
+5.185  NA   		13		59
+1.877  NA   		13		60
+2.401  NA   		13		61
+2.694  NA   		13		62
+2.325  NA   		13		63
+2.559  NA   		13		64
+2.652  NA   		13		65
+2.519  NA   		13		66
+2.698  NA   		13		67
+2.611  NA   		13		68
+1.372  NA   		13		69
+1.194  NA   		13		70
+2.223  NA   		13		71
+2.147  NA   		13		72
+1.154  NA   		13		73
+2.209  NA   		13		74
+2.277  NA   		13		75
+2.254  NA   		13		76
+2.254  NA   		13		77
+2.267  NA   		13		78
+2.272  NA   		13		79
+2.353  NA   		13		80
+2.409  NA   		13		81
+1.268  NA   		13		82
+2.316  NA   		13		83
+2.352  NA   		13		84
+2.305  NA   		13		85
+2.383  NA   		13		86
-0.425  NA   		13		87
-0.211  NA   		13		88
-0.233  NA   		13		89
-0.463  NA   		13		90
-0.178  NA   		13		91
-0.110  NA   		13		92
-0.211  NA   		13		93
-0.447  NA   		13		94
-0.143  NA   		13		95
+1.064  NA   		14		15
+0.528  NA   		14		16
+0.528  NA   		14		17
+0.553  NA   		14		18
+0.558  NA   		14		19
+0.565  NA   		14		20
+0.564  NA   		14		21
+0.558  NA   		14		22
+1.092  NA   		14		23
+0.995  NA   		14		24
+1.010  NA   		14		25
+1.048  NA   		14		26
+0.569  NA   		14		27
+1.065  NA   		14		28
+1.068  NA   		14		29
+1.040  NA   		14		30
+0.934  NA   		14		31
+0.556  NA   		14		32
+1.000  NA   		14		33
+1.076  NA   		14		34
+1.108  NA   		14		35
+0.633  NA   		14		36
+0.668  NA   		14		37
+0.671  NA   		14		38
+0.677  NA   		14		39
+0.610  NA   		14		40
+0.591  NA   		14		41
+0.525  NA   		14		42
+0.685  NA   		14		43
+0.597  NA   		14		44
+0.688  NA   		14		45
+0.650  NA   		14		46
+0.674  NA   		14		47
+0.543  NA   		14		48
+0.652  NA   		14		49
+0.652  NA   		14		50
+0.550  NA   		14		51
+0.549  NA   		14		52
+1.588  NA   		14		53
+1.554  NA   		14		54
+1.557  NA   		14		55
+1.299  NA   		14		56
+5.210  NA   		14		57
+5.406  NA   		14		58
+5.536  NA   		14		59
+2.757  NA   		14		60
+3.265  NA   		14		61
+3.564  NA   		14		62
+3.196  NA   		14		63
+3.430  NA   		14		64
+3.527  NA   		14		65
+3.394  NA   		14		66
+3.575  NA   		14		67
+3.478  NA   		14		68
+2.287  NA   		14		69
+2.101  NA   		14		70
+3.088  NA   		14		71
+3.011  NA   		14		72
+2.056  NA   		14		73
+3.068  NA   		14		74
+3.150  NA   		14		75
+3.134  NA   		14		76
+3.134  NA   		14		77
+3.130  NA   		14		78
+3.144  NA   		14		79
+3.223  NA   		14		80
+3.280  NA   		14		81
+2.171  NA   		14		82
+3.177  NA   		14		83
+3.222  NA   		14		84
+3.166  NA   		14		85
+3.251  NA   		14		86
+0.414  NA   		14		87
+0.642  NA   		14		88
+0.614  NA   		14		89
+0.374  NA   		14		90
+0.680  NA   		14		91
+0.765  NA   		14		92
+0.618  NA   		14		93
+0.389  NA   		14		94
+0.706  NA   		14		95
+0.804  NA   		15		16
+0.806  NA   		15		17
+0.789  NA   		15		18
+0.792  NA   		15		19
+0.796  NA   		15		20
+0.795  NA   		15		21
+0.792  NA   		15		22
+1.142  NA   		15		23
+1.108  NA   		15		24
+1.120  NA   		15		25
+1.146  NA   		15		26
+0.799  NA   		15		27
+1.160  NA   		15		28
+1.162  NA   		15		29
+1.141  NA   		15		30
+1.060  NA   		15		31
+0.790  NA   		15		32
+1.113  NA   		15		33
+1.174  NA   		15		34
+1.200  NA   		15		35
+0.846  NA   		15		36
+0.928  NA   		15		37
+0.930  NA   		15		38
+0.936  NA   		15		39
+0.867  NA   		15		40
+0.850  NA   		15		41
+0.767  NA   		15		42
+0.945  NA   		15		43
+0.856  NA   		15		44
+0.947  NA   		15		45
+0.910  NA   		15		46
+0.933  NA   		15		47
+0.780  NA   		15		48
+0.911  NA   		15		49
+0.912  NA   		15		50
+0.785  NA   		15		51
+0.784  NA   		15		52
+1.898  NA   		15		53
+1.864  NA   		15		54
+1.867  NA   		15		55
+1.598  NA   		15		56
+5.303  NA   		15		57
+5.498  NA   		15		58
+5.626  NA   		15		59
+3.059  NA   		15		60
+3.565  NA   		15		61
+3.870  NA   		15		62
+3.496  NA   		15		63
+3.736  NA   		15		64
+3.832  NA   		15		65
+3.701  NA   		15		66
+3.885  NA   		15		67
+3.789  NA   		15		68
+2.598  NA   		15		69
+2.408  NA   		15		70
+3.401  NA   		15		71
+3.323  NA   		15		72
+2.364  NA   		15		73
+3.380  NA   		15		74
+3.459  NA   		15		75
+3.448  NA   		15		76
+3.448  NA   		15		77
+3.444  NA   		15		78
+3.454  NA   		15		79
+3.532  NA   		15		80
+3.589  NA   		15		81
+2.481  NA   		15		82
+3.490  NA   		15		83
+3.531  NA   		15		84
+3.479  NA   		15		85
+3.560  NA   		15		86
+0.685  NA   		15		87
+0.921  NA   		15		88
+0.889  NA   		15		89
+0.642  NA   		15		90
+0.962  NA   		15		91
+1.050  NA   		15		92
+0.889  NA   		15		93
+0.657  NA   		15		94
+0.982  NA   		15		95
+0.073  NA   		16		17
+0.107  NA   		16		18
+0.124  NA   		16		19
+0.141  NA   		16		20
+0.136  NA   		16		21
+0.119  NA   		16		22
+0.847  NA   		16		23
+0.779  NA   		16		24
+0.798  NA   		16		25
+0.842  NA   		16		26
+0.133  NA   		16		27
+0.863  NA   		16		28
+0.866  NA   		16		29
+0.833  NA   		16		30
+0.655  NA   		16		31
+0.093  NA   		16		32
+0.785  NA   		16		33
+0.878  NA   		16		34
+0.917  NA   		16		35
+0.247  NA   		16		36
+0.127  NA   		16		37
+0.130  NA   		16		38
+0.139  NA   		16		39
+0.029  NA   		16		40
-0.005  NA   		16		41
-0.049  NA   		16		42
+0.149  NA   		16		43
+0.009  NA   		16		44
+0.153  NA   		16		45
+0.100  NA   		16		46
+0.134  NA   		16		47
-0.016  NA   		16		48
+0.102  NA   		16		49
+0.103  NA   		16		50
-0.004  NA   		16		51
-0.005  NA   		16		52
+0.738  NA   		16		53
+0.708  NA   		16		54
+0.710  NA   		16		55
+0.477  NA   		16		56
+4.877  NA   		16		57
+5.071  NA   		16		58
+5.207  NA   		16		59
+1.989  NA   		16		60
+2.510  NA   		16		61
+2.804  NA   		16		62
+2.435  NA   		16		63
+2.669  NA   		16		64
+2.762  NA   		16		65
+2.630  NA   		16		66
+2.810  NA   		16		67
+2.722  NA   		16		68
+1.499  NA   		16		69
+1.319  NA   		16		70
+2.337  NA   		16		71
+2.260  NA   		16		72
+1.279  NA   		16		73
+2.322  NA   		16		74
+2.389  NA   		16		75
+2.368  NA   		16		76
+2.368  NA   		16		77
+2.381  NA   		16		78
+2.385  NA   		16		79
+2.465  NA   		16		80
+2.521  NA   		16		81
+1.394  NA   		16		82
+2.429  NA   		16		83
+2.464  NA   		16		84
+2.418  NA   		16		85
+2.495  NA   		16		86
-0.309  NA   		16		87
-0.094  NA   		16		88
-0.117  NA   		16		89
-0.348  NA   		16		90
-0.059  NA   		16		91
+0.013  NA   		16		92
-0.095  NA   		16		93
-0.333  NA   		16		94
-0.025  NA   		16		95
+0.107  NA   		17		18
+0.124  NA   		17		19
+0.143  NA   		17		20
+0.137  NA   		17		21
+0.121  NA   		17		22
+0.850  NA   		17		23
+0.779  NA   		17		24
+0.798  NA   		17		25
+0.843  NA   		17		26
+0.134  NA   		17		27
+0.864  NA   		17		28
+0.867  NA   		17		29
+0.833  NA   		17		30
+0.656  NA   		17		31
+0.093  NA   		17		32
+0.786  NA   		17		33
+0.879  NA   		17		34
+0.917  NA   		17		35
+0.250  NA   		17		36
+0.120  NA   		17		37
+0.123  NA   		17		38
+0.133  NA   		17		39
+0.024  NA   		17		40
-0.011  NA   		17		41
-0.053  NA   		17		42
+0.143  NA   		17		43
+0.004  NA   		17		44
+0.146  NA   		17		45
+0.094  NA   		17		46
+0.128  NA   		17		47
-0.019  NA   		17		48
+0.096  NA   		17		49
+0.096  NA   		17		50
-0.007  NA   		17		51
-0.009  NA   		17		52
+0.728  NA   		17		53
+0.697  NA   		17		54
+0.700  NA   		17		55
+0.469  NA   		17		56
+4.875  NA   		17		57
+5.069  NA   		17		58
+5.205  NA   		17		59
+1.978  NA   		17		60
+2.501  NA   		17		61
+2.794  NA   		17		62
+2.426  NA   		17		63
+2.660  NA   		17		64
+2.752  NA   		17		65
+2.621  NA   		17		66
+2.800  NA   		17		67
+2.713  NA   		17		68
+1.490  NA   		17		69
+1.310  NA   		17		70
+2.329  NA   		17		71
+2.252  NA   		17		72
+1.271  NA   		17		73
+2.314  NA   		17		74
+2.380  NA   		17		75
+2.358  NA   		17		76
+2.358  NA   		17		77
+2.373  NA   		17		78
+2.375  NA   		17		79
+2.456  NA   		17		80
+2.512  NA   		17		81
+1.385  NA   		17		82
+2.421  NA   		17		83
+2.455  NA   		17		84
+2.410  NA   		17		85
+2.486  NA   		17		86
-0.316  NA   		17		87
-0.101  NA   		17		88
-0.124  NA   		17		89
-0.355  NA   		17		90
-0.067  NA   		17		91
+0.006  NA   		17		92
-0.102  NA   		17		93
-0.340  NA   		17		94
-0.031  NA   		17		95
+0.287  NA   		18		19
+0.300  NA   		18		20
+0.298  NA   		18		21
+0.279  NA   		18		22
+0.835  NA   		18		23
+0.821  NA   		18		24
+0.840  NA   		18		25
+0.885  NA   		18		26
+0.268  NA   		18		27
+0.905  NA   		18		28
+0.908  NA   		18		29
+0.875  NA   		18		30
+0.667  NA   		18		31
+0.234  NA   		18		32
+0.827  NA   		18		33
+0.919  NA   		18		34
+0.957  NA   		18		35
+0.341  NA   		18		36
+0.197  NA   		18		37
+0.200  NA   		18		38
+0.208  NA   		18		39
+0.186  NA   		18		40
+0.154  NA   		18		41
+0.074  NA   		18		42
+0.217  NA   		18		43
+0.168  NA   		18		44
+0.220  NA   		18		45
+0.176  NA   		18		46
+0.204  NA   		18		47
+0.096  NA   		18		48
+0.178  NA   		18		49
+0.178  NA   		18		50
+0.105  NA   		18		51
+0.104  NA   		18		52
+0.695  NA   		18		53
+0.668  NA   		18		54
+0.670  NA   		18		55
+0.483  NA   		18		56
+4.892  NA   		18		57
+5.084  NA   		18		58
+5.219  NA   		18		59
+2.173  NA   		18		60
+2.695  NA   		18		61
+2.988  NA   		18		62
+2.620  NA   		18		63
+2.855  NA   		18		64
+2.948  NA   		18		65
+2.816  NA   		18		66
+2.997  NA   		18		67
+2.910  NA   		18		68
+1.709  NA   		18		69
+1.526  NA   		18		70
+2.524  NA   		18		71
+2.448  NA   		18		72
+1.486  NA   		18		73
+2.509  NA   		18		74
+2.575  NA   		18		75
+2.554  NA   		18		76
+2.554  NA   		18		77
+2.568  NA   		18		78
+2.571  NA   		18		79
+2.652  NA   		18		80
+2.708  NA   		18		81
+1.602  NA   		18		82
+2.617  NA   		18		83
+2.651  NA   		18		84
+2.606  NA   		18		85
+2.682  NA   		18		86
-0.137  NA   		18		87
+0.091  NA   		18		88
+0.065  NA   		18		89
-0.168  NA   		18		90
+0.127  NA   		18		91
+0.173  NA   		18		92
+0.057  NA   		18		93
-0.147  NA   		18		94
+0.133  NA   		18		95
+0.303  NA   		19		20
+0.301  NA   		19		21
+0.287  NA   		19		22
+0.838  NA   		19		23
+0.822  NA   		19		24
+0.841  NA   		19		25
+0.885  NA   		19		26
+0.275  NA   		19		27
+0.906  NA   		19		28
+0.909  NA   		19		29
+0.875  NA   		19		30
+0.671  NA   		19		31
+0.244  NA   		19		32
+0.829  NA   		19		33
+0.920  NA   		19		34
+0.958  NA   		19		35
+0.344  NA   		19		36
+0.212  NA   		19		37
+0.215  NA   		19		38
+0.223  NA   		19		39
+0.201  NA   		19		40
+0.170  NA   		19		41
+0.087  NA   		19		42
+0.232  NA   		19		43
+0.183  NA   		19		44
+0.235  NA   		19		45
+0.191  NA   		19		46
+0.219  NA   		19		47
+0.109  NA   		19		48
+0.193  NA   		19		49
+0.193  NA   		19		50
+0.117  NA   		19		51
+0.116  NA   		19		52
+0.715  NA   		19		53
+0.688  NA   		19		54
+0.690  NA   		19		55
+0.502  NA   		19		56
+4.897  NA   		19		57
+5.088  NA   		19		58
+5.224  NA   		19		59
+2.192  NA   		19		60
+2.714  NA   		19		61
+3.007  NA   		19		62
+2.639  NA   		19		63
+2.874  NA   		19		64
+2.967  NA   		19		65
+2.836  NA   		19		66
+3.017  NA   		19		67
+2.929  NA   		19		68
+1.730  NA   		19		69
+1.547  NA   		19		70
+2.544  NA   		19		71
+2.467  NA   		19		72
+1.507  NA   		19		73
+2.528  NA   		19		74
+2.595  NA   		19		75
+2.573  NA   		19		76
+2.573  NA   		19		77
+2.587  NA   		19		78
+2.590  NA   		19		79
+2.671  NA   		19		80
+2.728  NA   		19		81
+1.623  NA   		19		82
+2.637  NA   		19		83
+2.671  NA   		19		84
+2.626  NA   		19		85
+2.701  NA   		19		86
-0.119  NA   		19		87
+0.110  NA   		19		88
+0.084  NA   		19		89
-0.149  NA   		19		90
+0.146  NA   		19		91
+0.192  NA   		19		92
+0.074  NA   		19		93
-0.129  NA   		19		94
+0.151  NA   		19		95
+0.313  NA   		20		21
+0.300  NA   		20		22
+0.842  NA   		20		23
+0.824  NA   		20		24
+0.842  NA   		20		25
+0.886  NA   		20		26
+0.287  NA   		20		27
+0.907  NA   		20		28
+0.909  NA   		20		29
+0.876  NA   		20		30
+0.677  NA   		20		31
+0.259  NA   		20		32
+0.830  NA   		20		33
+0.921  NA   		20		34
+0.958  NA   		20		35
+0.348  NA   		20		36
+0.227  NA   		20		37
+0.230  NA   		20		38
+0.238  NA   		20		39
+0.218  NA   		20		40
+0.186  NA   		20		41
+0.102  NA   		20		42
+0.246  NA   		20		43
+0.200  NA   		20		44
+0.249  NA   		20		45
+0.206  NA   		20		46
+0.234  NA   		20		47
+0.123  NA   		20		48
+0.208  NA   		20		49
+0.208  NA   		20		50
+0.130  NA   		20		51
+0.129  NA   		20		52
+0.731  NA   		20		53
+0.704  NA   		20		54
+0.706  NA   		20		55
+0.520  NA   		20		56
+4.901  NA   		20		57
+5.093  NA   		20		58
+5.228  NA   		20		59
+2.205  NA   		20		60
+2.726  NA   		20		61
+3.019  NA   		20		62
+2.652  NA   		20		63
+2.886  NA   		20		64
+2.979  NA   		20		65
+2.848  NA   		20		66
+3.029  NA   		20		67
+2.942  NA   		20		68
+1.747  NA   		20		69
+1.564  NA   		20		70
+2.560  NA   		20		71
+2.483  NA   		20		72
+1.524  NA   		20		73
+2.544  NA   		20		74
+2.608  NA   		20		75
+2.587  NA   		20		76
+2.587  NA   		20		77
+2.604  NA   		20		78
+2.603  NA   		20		79
+2.685  NA   		20		80
+2.741  NA   		20		81
+1.640  NA   		20		82
+2.653  NA   		20		83
+2.684  NA   		20		84
+2.642  NA   		20		85
+2.715  NA   		20		86
-0.100  NA   		20		87
+0.129  NA   		20		88
+0.103  NA   		20		89
-0.130  NA   		20		90
+0.165  NA   		20		91
+0.212  NA   		20		92
+0.093  NA   		20		93
-0.110  NA   		20		94
+0.170  NA   		20		95
+0.299  NA   		21		22
+0.841  NA   		21		23
+0.824  NA   		21		24
+0.842  NA   		21		25
+0.886  NA   		21		26
+0.285  NA   		21		27
+0.907  NA   		21		28
+0.910  NA   		21		29
+0.876  NA   		21		30
+0.675  NA   		21		31
+0.256  NA   		21		32
+0.830  NA   		21		33
+0.921  NA   		21		34
+0.958  NA   		21		35
+0.348  NA   		21		36
+0.223  NA   		21		37
+0.226  NA   		21		38
+0.234  NA   		21		39
+0.213  NA   		21		40
+0.182  NA   		21		41
+0.098  NA   		21		42
+0.242  NA   		21		43
+0.196  NA   		21		44
+0.245  NA   		21		45
+0.202  NA   		21		46
+0.230  NA   		21		47
+0.119  NA   		21		48
+0.204  NA   		21		49
+0.204  NA   		21		50
+0.127  NA   		21		51
+0.126  NA   		21		52
+0.726  NA   		21		53
+0.699  NA   		21		54
+0.701  NA   		21		55
+0.515  NA   		21		56
+4.900  NA   		21		57
+5.092  NA   		21		58
+5.227  NA   		21		59
+2.202  NA   		21		60
+2.723  NA   		21		61
+3.017  NA   		21		62
+2.649  NA   		21		63
+2.884  NA   		21		64
+2.977  NA   		21		65
+2.845  NA   		21		66
+3.026  NA   		21		67
+2.940  NA   		21		68
+1.744  NA   		21		69
+1.561  NA   		21		70
+2.556  NA   		21		71
+2.479  NA   		21		72
+1.521  NA   		21		73
+2.540  NA   		21		74
+2.605  NA   		21		75
+2.583  NA   		21		76
+2.583  NA   		21		77
+2.600  NA   		21		78
+2.600  NA   		21		79
+2.681  NA   		21		80
+2.738  NA   		21		81
+1.637  NA   		21		82
+2.649  NA   		21		83
+2.681  NA   		21		84
+2.638  NA   		21		85
+2.712  NA   		21		86
-0.105  NA   		21		87
+0.124  NA   		21		88
+0.098  NA   		21		89
-0.135  NA   		21		90
+0.161  NA   		21		91
+0.206  NA   		21		92
+0.088  NA   		21		93
-0.115  NA   		21		94
+0.165  NA   		21		95
+0.838  NA   		22		23
+0.823  NA   		22		24
+0.842  NA   		22		25
+0.886  NA   		22		26
+0.278  NA   		22		27
+0.907  NA   		22		28
+0.910  NA   		22		29
+0.876  NA   		22		30
+0.671  NA   		22		31
+0.247  NA   		22		32
+0.829  NA   		22		33
+0.921  NA   		22		34
+0.959  NA   		22		35
+0.347  NA   		22		36
+0.209  NA   		22		37
+0.212  NA   		22		38
+0.220  NA   		22		39
+0.200  NA   		22		40
+0.168  NA   		22		41
+0.087  NA   		22		42
+0.228  NA   		22		43
+0.182  NA   		22		44
+0.231  NA   		22		45
+0.188  NA   		22		46
+0.216  NA   		22		47
+0.108  NA   		22		48
+0.190  NA   		22		49
+0.190  NA   		22		50
+0.116  NA   		22		51
+0.115  NA   		22		52
+0.708  NA   		22		53
+0.682  NA   		22		54
+0.684  NA   		22		55
+0.497  NA   		22		56
+4.895  NA   		22		57
+5.087  NA   		22		58
+5.222  NA   		22		59
+2.188  NA   		22		60
+2.710  NA   		22		61
+3.003  NA   		22		62
+2.635  NA   		22		63
+2.870  NA   		22		64
+2.963  NA   		22		65
+2.831  NA   		22		66
+3.012  NA   		22		67
+2.925  NA   		22		68
+1.729  NA   		22		69
+1.546  NA   		22		70
+2.541  NA   		22		71
+2.464  NA   		22		72
+1.506  NA   		22		73
+2.525  NA   		22		74
+2.590  NA   		22		75
+2.568  NA   		22		76
+2.568  NA   		22		77
+2.585  NA   		22		78
+2.585  NA   		22		79
+2.667  NA   		22		80
+2.723  NA   		22		81
+1.621  NA   		22		82
+2.634  NA   		22		83
+2.666  NA   		22		84
+2.623  NA   		22		85
+2.697  NA   		22		86
-0.120  NA   		22		87
+0.108  NA   		22		88
+0.082  NA   		22		89
-0.151  NA   		22		90
+0.145  NA   		22		91
+0.190  NA   		22		92
+0.073  NA   		22		93
-0.130  NA   		22		94
+0.149  NA   		22		95
+1.135  NA   		23		24
+1.147  NA   		23		25
+1.172  NA   		23		26
+0.845  NA   		23		27
+1.185  NA   		23		28
+1.186  NA   		23		29
+1.166  NA   		23		30
+1.110  NA   		23		31
+0.837  NA   		23		32
+1.141  NA   		23		33
+1.197  NA   		23		34
+1.222  NA   		23		35
+0.888  NA   		23		36
+0.954  NA   		23		37
+0.956  NA   		23		38
+0.962  NA   		23		39
+0.907  NA   		23		40
+0.893  NA   		23		41
+0.814  NA   		23		42
+0.969  NA   		23		43
+0.896  NA   		23		44
+0.972  NA   		23		45
+0.938  NA   		23		46
+0.959  NA   		23		47
+0.826  NA   		23		48
+0.939  NA   		23		49
+0.940  NA   		23		50
+0.830  NA   		23		51
+0.830  NA   		23		52
+1.967  NA   		23		53
+1.932  NA   		23		54
+1.935  NA   		23		55
+1.669  NA   		23		56
+5.347  NA   		23		57
+5.541  NA   		23		58
+5.669  NA   		23		59
+2.941  NA   		23		60
+3.438  NA   		23		61
+3.726  NA   		23		62
+3.372  NA   		23		63
+3.600  NA   		23		64
+3.695  NA   		23		65
+3.566  NA   		23		66
+3.744  NA   		23		67
+3.650  NA   		23		68
+2.546  NA   		23		69
+2.364  NA   		23		70
+3.275  NA   		23		71
+3.201  NA   		23		72
+2.318  NA   		23		73
+3.255  NA   		23		74
+3.332  NA   		23		75
+3.311  NA   		23		76
+3.311  NA   		23		77
+3.316  NA   		23		78
+3.328  NA   		23		79
+3.404  NA   		23		80
+3.459  NA   		23		81
+2.430  NA   		23		82
+3.361  NA   		23		83
+3.402  NA   		23		84
+3.350  NA   		23		85
+3.430  NA   		23		86
+0.740  NA   		23		87
+0.971  NA   		23		88
+0.941  NA   		23		89
+0.694  NA   		23		90
+1.012  NA   		23		91
+1.089  NA   		23		92
+0.927  NA   		23		93
+0.707  NA   		23		94
+1.019  NA   		23		95
+1.197  NA   		24		25
+1.234  NA   		24		26
+0.829  NA   		24		27
+1.251  NA   		24		28
+1.256  NA   		24		29
+1.225  NA   		24		30
+1.046  NA   		24		31
+0.827  NA   		24		32
+1.186  NA   		24		33
+1.227  NA   		24		34
+1.253  NA   		24		35
+0.851  NA   		24		36
+0.861  NA   		24		37
+0.863  NA   		24		38
+0.867  NA   		24		39
+0.879  NA   		24		40
+0.863  NA   		24		41
+0.798  NA   		24		42
+0.870  NA   		24		43
+0.868  NA   		24		44
+0.871  NA   		24		45
+0.854  NA   		24		46
+0.867  NA   		24		47
+0.801  NA   		24		48
+0.855  NA   		24		49
+0.855  NA   		24		50
+0.802  NA   		24		51
+0.802  NA   		24		52
+1.521  NA   		24		53
+1.494  NA   		24		54
+1.496  NA   		24		55
+1.308  NA   		24		56
+5.263  NA   		24		57
+5.454  NA   		24		58
+5.582  NA   		24		59
+3.063  NA   		24		60
+3.570  NA   		24		61
+3.871  NA   		24		62
+3.502  NA   		24		63
+3.736  NA   		24		64
+3.834  NA   		24		65
+3.699  NA   		24		66
+3.882  NA   		24		67
+3.785  NA   		24		68
+2.615  NA   		24		69
+2.427  NA   		24		70
+3.396  NA   		24		71
+3.319  NA   		24		72
+2.379  NA   		24		73
+3.376  NA   		24		74
+3.451  NA   		24		75
+3.430  NA   		24		76
+3.430  NA   		24		77
+3.437  NA   		24		78
+3.446  NA   		24		79
+3.525  NA   		24		80
+3.582  NA   		24		81
+2.495  NA   		24		82
+3.485  NA   		24		83
+3.524  NA   		24		84
+3.474  NA   		24		85
+3.553  NA   		24		86
+0.691  NA   		24		87
+0.937  NA   		24		88
+0.907  NA   		24		89
+0.664  NA   		24		90
+0.979  NA   		24		91
+1.023  NA   		24		92
+0.867  NA   		24		93
+0.687  NA   		24		94
+0.962  NA   		24		95
+1.248  NA   		25		26
+0.848  NA   		25		27
+1.258  NA   		25		28
+1.264  NA   		25		29
+1.239  NA   		25		30
+1.061  NA   		25		31
+0.846  NA   		25		32
+1.203  NA   		25		33
+1.239  NA   		25		34
+1.264  NA   		25		35
+0.869  NA   		25		36
+0.880  NA   		25		37
+0.881  NA   		25		38
+0.885  NA   		25		39
+0.898  NA   		25		40
+0.882  NA   		25		41
+0.818  NA   		25		42
+0.888  NA   		25		43
+0.887  NA   		25		44
+0.890  NA   		25		45
+0.873  NA   		25		46
+0.885  NA   		25		47
+0.821  NA   		25		48
+0.874  NA   		25		49
+0.874  NA   		25		50
+0.822  NA   		25		51
+0.822  NA   		25		52
+1.544  NA   		25		53
+1.516  NA   		25		54
+1.518  NA   		25		55
+1.329  NA   		25		56
+5.283  NA   		25		57
+5.474  NA   		25		58
+5.602  NA   		25		59
+3.083  NA   		25		60
+3.590  NA   		25		61
+3.893  NA   		25		62
+3.522  NA   		25		63
+3.757  NA   		25		64
+3.855  NA   		25		65
+3.720  NA   		25		66
+3.903  NA   		25		67
+3.805  NA   		25		68
+2.638  NA   		25		69
+2.449  NA   		25		70
+3.413  NA   		25		71
+3.336  NA   		25		72
+2.401  NA   		25		73
+3.393  NA   		25		74
+3.472  NA   		25		75
+3.454  NA   		25		76
+3.454  NA   		25		77
+3.454  NA   		25		78
+3.467  NA   		25		79
+3.547  NA   		25		80
+3.603  NA   		25		81
+2.518  NA   		25		82
+3.502  NA   		25		83
+3.545  NA   		25		84
+3.491  NA   		25		85
+3.574  NA   		25		86
+0.710  NA   		25		87
+0.958  NA   		25		88
+0.928  NA   		25		89
+0.685  NA   		25		90
+1.000  NA   		25		91
+1.038  NA   		25		92
+0.883  NA   		25		93
+0.708  NA   		25		94
+0.977  NA   		25		95
+0.893  NA   		26		27
+1.279  NA   		26		28
+1.285  NA   		26		29
+1.267  NA   		26		30
+1.094  NA   		26		31
+0.892  NA   		26		32
+1.239  NA   		26		33
+1.259  NA   		26		34
+1.281  NA   		26		35
+0.908  NA   		26		36
+0.920  NA   		26		37
+0.922  NA   		26		38
+0.926  NA   		26		39
+0.939  NA   		26		40
+0.924  NA   		26		41
+0.863  NA   		26		42
+0.928  NA   		26		43
+0.928  NA   		26		44
+0.930  NA   		26		45
+0.914  NA   		26		46
+0.926  NA   		26		47
+0.864  NA   		26		48
+0.915  NA   		26		49
+0.915  NA   		26		50
+0.865  NA   		26		51
+0.865  NA   		26		52
+1.589  NA   		26		53
+1.561  NA   		26		54
+1.563  NA   		26		55
+1.374  NA   		26		56
+5.299  NA   		26		57
+5.490  NA   		26		58
+5.617  NA   		26		59
+3.126  NA   		26		60
+3.632  NA   		26		61
+3.934  NA   		26		62
+3.564  NA   		26		63
+3.799  NA   		26		64
+3.897  NA   		26		65
+3.762  NA   		26		66
+3.945  NA   		26		67
+3.847  NA   		26		68
+2.683  NA   		26		69
+2.494  NA   		26		70
+3.456  NA   		26		71
+3.379  NA   		26		72
+2.446  NA   		26		73
+3.435  NA   		26		74
+3.515  NA   		26		75
+3.497  NA   		26		76
+3.497  NA   		26		77
+3.497  NA   		26		78
+3.509  NA   		26		79
+3.589  NA   		26		80
+3.645  NA   		26		81
+2.562  NA   		26		82
+3.544  NA   		26		83
+3.588  NA   		26		84
+3.533  NA   		26		85
+3.616  NA   		26		86
+0.754  NA   		26		87
+1.003  NA   		26		88
+0.972  NA   		26		89
+0.728  NA   		26		90
+1.045  NA   		26		91
+1.085  NA   		26		92
+0.929  NA   		26		93
+0.752  NA   		26		94
+1.023  NA   		26		95
+0.914  NA   		27		28
+0.917  NA   		27		29
+0.883  NA   		27		30
+0.679  NA   		27		31
+0.297  NA   		27		32
+0.837  NA   		27		33
+0.929  NA   		27		34
+0.966  NA   		27		35
+0.372  NA   		27		36
+0.224  NA   		27		37
+0.226  NA   		27		38
+0.234  NA   		27		39
+0.217  NA   		27		40
+0.185  NA   		27		41
+0.107  NA   		27		42
+0.242  NA   		27		43
+0.199  NA   		27		44
+0.246  NA   		27		45
+0.203  NA   		27		46
+0.231  NA   		27		47
+0.127  NA   		27		48
+0.205  NA   		27		49
+0.205  NA   		27		50
+0.134  NA   		27		51
+0.134  NA   		27		52
+0.731  NA   		27		53
+0.704  NA   		27		54
+0.706  NA   		27		55
+0.521  NA   		27		56
+4.902  NA   		27		57
+5.093  NA   		27		58
+5.229  NA   		27		59
+2.210  NA   		27		60
+2.731  NA   		27		61
+3.022  NA   		27		62
+2.656  NA   		27		63
+2.890  NA   		27		64
+2.984  NA   		27		65
+2.851  NA   		27		66
+3.032  NA   		27		67
+2.944  NA   		27		68
+1.753  NA   		27		69
+1.570  NA   		27		70
+2.560  NA   		27		71
+2.483  NA   		27		72
+1.530  NA   		27		73
+2.544  NA   		27		74
+2.611  NA   		27		75
+2.588  NA   		27		76
+2.588  NA   		27		77
+2.603  NA   		27		78
+2.606  NA   		27		79
+2.688  NA   		27		80
+2.744  NA   		27		81
+1.645  NA   		27		82
+2.652  NA   		27		83
+2.687  NA   		27		84
+2.642  NA   		27		85
+2.717  NA   		27		86
-0.097  NA   		27		87
+0.132  NA   		27		88
+0.106  NA   		27		89
-0.128  NA   		27		90
+0.169  NA   		27		91
+0.215  NA   		27		92
+0.096  NA   		27		93
-0.107  NA   		27		94
+0.173  NA   		27		95
+1.292  NA   		28		29
+1.275  NA   		28		30
+1.110  NA   		28		31
+0.914  NA   		28		32
+1.253  NA   		28		33
+1.269  NA   		28		34
+1.289  NA   		28		35
+0.927  NA   		28		36
+0.940  NA   		28		37
+0.941  NA   		28		38
+0.945  NA   		28		39
+0.959  NA   		28		40
+0.945  NA   		28		41
+0.885  NA   		28		42
+0.948  NA   		28		43
+0.949  NA   		28		44
+0.949  NA   		28		45
+0.934  NA   		28		46
+0.945  NA   		28		47
+0.886  NA   		28		48
+0.935  NA   		28		49
+0.936  NA   		28		50
+0.886  NA   		28		51
+0.886  NA   		28		52
+1.610  NA   		28		53
+1.583  NA   		28		54
+1.585  NA   		28		55
+1.396  NA   		28		56
+5.314  NA   		28		57
+5.505  NA   		28		58
+5.633  NA   		28		59
+3.147  NA   		28		60
+3.654  NA   		28		61
+3.955  NA   		28		62
+3.586  NA   		28		63
+3.820  NA   		28		64
+3.918  NA   		28		65
+3.783  NA   		28		66
+3.966  NA   		28		67
+3.868  NA   		28		68
+2.707  NA   		28		69
+2.518  NA   		28		70
+3.479  NA   		28		71
+3.402  NA   		28		72
+2.470  NA   		28		73
+3.459  NA   		28		74
+3.536  NA   		28		75
+3.518  NA   		28		76
+3.518  NA   		28		77
+3.520  NA   		28		78
+3.530  NA   		28		79
+3.610  NA   		28		80
+3.666  NA   		28		81
+2.587  NA   		28		82
+3.568  NA   		28		83
+3.609  NA   		28		84
+3.557  NA   		28		85
+3.637  NA   		28		86
+0.776  NA   		28		87
+1.025  NA   		28		88
+0.994  NA   		28		89
+0.750  NA   		28		90
+1.067  NA   		28		91
+1.107  NA   		28		92
+0.949  NA   		28		93
+0.774  NA   		28		94
+1.044  NA   		28		95
+1.281  NA   		29		30
+1.112  NA   		29		31
+0.917  NA   		29		32
+1.260  NA   		29		33
+1.272  NA   		29		34
+1.291  NA   		29		35
+0.929  NA   		29		36
+0.942  NA   		29		37
+0.944  NA   		29		38
+0.947  NA   		29		39
+0.962  NA   		29		40
+0.947  NA   		29		41
+0.888  NA   		29		42
+0.950  NA   		29		43
+0.951  NA   		29		44
+0.951  NA   		29		45
+0.937  NA   		29		46
+0.948  NA   		29		47
+0.888  NA   		29		48
+0.937  NA   		29		49
+0.938  NA   		29		50
+0.889  NA   		29		51
+0.889  NA   		29		52
+1.611  NA   		29		53
+1.584  NA   		29		54
+1.586  NA   		29		55
+1.398  NA   		29		56
+5.310  NA   		29		57
+5.501  NA   		29		58
+5.628  NA   		29		59
+3.148  NA   		29		60
+3.654  NA   		29		61
+3.956  NA   		29		62
+3.586  NA   		29		63
+3.821  NA   		29		64
+3.918  NA   		29		65
+3.784  NA   		29		66
+3.967  NA   		29		67
+3.870  NA   		29		68
+2.708  NA   		29		69
+2.519  NA   		29		70
+3.480  NA   		29		71
+3.403  NA   		29		72
+2.471  NA   		29		73
+3.459  NA   		29		74
+3.537  NA   		29		75
+3.518  NA   		29		76
+3.519  NA   		29		77
+3.521  NA   		29		78
+3.531  NA   		29		79
+3.611  NA   		29		80
+3.667  NA   		29		81
+2.587  NA   		29		82
+3.569  NA   		29		83
+3.609  NA   		29		84
+3.558  NA   		29		85
+3.638  NA   		29		86
+0.778  NA   		29		87
+1.027  NA   		29		88
+0.996  NA   		29		89
+0.752  NA   		29		90
+1.069  NA   		29		91
+1.110  NA   		29		92
+0.953  NA   		29		93
+0.776  NA   		29		94
+1.047  NA   		29		95
+1.087  NA   		30		31
+0.882  NA   		30		32
+1.234  NA   		30		33
+1.258  NA   		30		34
+1.280  NA   		30		35
+0.899  NA   		30		36
+0.912  NA   		30		37
+0.913  NA   		30		38
+0.917  NA   		30		39
+0.930  NA   		30		40
+0.915  NA   		30		41
+0.854  NA   		30		42
+0.920  NA   		30		43
+0.919  NA   		30		44
+0.921  NA   		30		45
+0.905  NA   		30		46
+0.917  NA   		30		47
+0.855  NA   		30		48
+0.906  NA   		30		49
+0.907  NA   		30		50
+0.856  NA   		30		51
+0.856  NA   		30		52
+1.580  NA   		30		53
+1.552  NA   		30		54
+1.554  NA   		30		55
+1.365  NA   		30		56
+5.293  NA   		30		57
+5.485  NA   		30		58
+5.612  NA   		30		59
+3.116  NA   		30		60
+3.621  NA   		30		61
+3.923  NA   		30		62
+3.553  NA   		30		63
+3.788  NA   		30		64
+3.885  NA   		30		65
+3.751  NA   		30		66
+3.934  NA   		30		67
+3.836  NA   		30		68
+2.672  NA   		30		69
+2.483  NA   		30		70
+3.445  NA   		30		71
+3.368  NA   		30		72
+2.436  NA   		30		73
+3.424  NA   		30		74
+3.504  NA   		30		75
+3.486  NA   		30		76
+3.486  NA   		30		77
+3.486  NA   		30		78
+3.498  NA   		30		79
+3.578  NA   		30		80
+3.634  NA   		30		81
+2.552  NA   		30		82
+3.533  NA   		30		83
+3.577  NA   		30		84
+3.522  NA   		30		85
+3.605  NA   		30		86
+0.745  NA   		30		87
+0.993  NA   		30		88
+0.963  NA   		30		89
+0.719  NA   		30		90
+1.035  NA   		30		91
+1.076  NA   		30		92
+0.919  NA   		30		93
+0.743  NA   		30		94
+1.014  NA   		30		95
+0.669  NA   		31		32
+1.054  NA   		31		33
+1.124  NA   		31		34
+1.154  NA   		31		35
+0.731  NA   		31		36
+0.776  NA   		31		37
+0.778  NA   		31		38
+0.784  NA   		31		39
+0.727  NA   		31		40
+0.711  NA   		31		41
+0.641  NA   		31		42
+0.792  NA   		31		43
+0.716  NA   		31		44
+0.794  NA   		31		45
+0.760  NA   		31		46
+0.782  NA   		31		47
+0.655  NA   		31		48
+0.761  NA   		31		49
+0.762  NA   		31		50
+0.660  NA   		31		51
+0.660  NA   		31		52
+1.754  NA   		31		53
+1.720  NA   		31		54
+1.722  NA   		31		55
+1.458  NA   		31		56
+5.272  NA   		31		57
+5.468  NA   		31		58
+5.597  NA   		31		59
+2.869  NA   		31		60
+3.375  NA   		31		61
+3.676  NA   		31		62
+3.306  NA   		31		63
+3.540  NA   		31		64
+3.637  NA   		31		65
+3.504  NA   		31		66
+3.685  NA   		31		67
+3.588  NA   		31		68
+2.419  NA   		31		69
+2.233  NA   		31		70
+3.199  NA   		31		71
+3.122  NA   		31		72
+2.187  NA   		31		73
+3.179  NA   		31		74
+3.261  NA   		31		75
+3.243  NA   		31		76
+3.243  NA   		31		77
+3.241  NA   		31		78
+3.256  NA   		31		79
+3.334  NA   		31		80
+3.390  NA   		31		81
+2.302  NA   		31		82
+3.287  NA   		31		83
+3.332  NA   		31		84
+3.276  NA   		31		85
+3.361  NA   		31		86
+0.547  NA   		31		87
+0.777  NA   		31		88
+0.749  NA   		31		89
+0.505  NA   		31		90
+0.817  NA   		31		91
+0.904  NA   		31		92
+0.749  NA   		31		93
+0.520  NA   		31		94
+0.839  NA   		31		95
+0.836  NA   		32		33
+0.931  NA   		32		34
+0.970  NA   		32		35
+0.377  NA   		32		36
+0.189  NA   		32		37
+0.192  NA   		32		38
+0.200  NA   		32		39
+0.181  NA   		32		40
+0.149  NA   		32		41
+0.077  NA   		32		42
+0.208  NA   		32		43
+0.163  NA   		32		44
+0.211  NA   		32		45
+0.169  NA   		32		46
+0.197  NA   		32		47
+0.099  NA   		32		48
+0.170  NA   		32		49
+0.171  NA   		32		50
+0.107  NA   		32		51
+0.106  NA   		32		52
+0.689  NA   		32		53
+0.662  NA   		32		54
+0.664  NA   		32		55
+0.480  NA   		32		56
+4.892  NA   		32		57
+5.084  NA   		32		58
+5.219  NA   		32		59
+2.165  NA   		32		60
+2.686  NA   		32		61
+2.977  NA   		32		62
+2.612  NA   		32		63
+2.845  NA   		32		64
+2.939  NA   		32		65
+2.806  NA   		32		66
+2.986  NA   		32		67
+2.899  NA   		32		68
+1.705  NA   		32		69
+1.523  NA   		32		70
+2.514  NA   		32		71
+2.438  NA   		32		72
+1.483  NA   		32		73
+2.499  NA   		32		74
+2.566  NA   		32		75
+2.543  NA   		32		76
+2.543  NA   		32		77
+2.558  NA   		32		78
+2.561  NA   		32		79
+2.642  NA   		32		80
+2.699  NA   		32		81
+1.598  NA   		32		82
+2.607  NA   		32		83
+2.642  NA   		32		84
+2.596  NA   		32		85
+2.672  NA   		32		86
-0.138  NA   		32		87
+0.090  NA   		32		88
+0.065  NA   		32		89
-0.169  NA   		32		90
+0.127  NA   		32		91
+0.173  NA   		32		92
+0.055  NA   		32		93
-0.148  NA   		32		94
+0.132  NA   		32		95
+1.254  NA   		33		34
+1.281  NA   		33		35
+0.859  NA   		33		36
+0.868  NA   		33		37
+0.870  NA   		33		38
+0.874  NA   		33		39
+0.887  NA   		33		40
+0.871  NA   		33		41
+0.808  NA   		33		42
+0.877  NA   		33		43
+0.875  NA   		33		44
+0.878  NA   		33		45
+0.862  NA   		33		46
+0.874  NA   		33		47
+0.810  NA   		33		48
+0.863  NA   		33		49
+0.863  NA   		33		50
+0.812  NA   		33		51
+0.811  NA   		33		52
+1.532  NA   		33		53
+1.505  NA   		33		54
+1.507  NA   		33		55
+1.318  NA   		33		56
+5.270  NA   		33		57
+5.462  NA   		33		58
+5.590  NA   		33		59
+3.066  NA   		33		60
+3.573  NA   		33		61
+3.874  NA   		33		62
+3.505  NA   		33		63
+3.739  NA   		33		64
+3.837  NA   		33		65
+3.702  NA   		33		66
+3.885  NA   		33		67
+3.787  NA   		33		68
+2.621  NA   		33		69
+2.433  NA   		33		70
+3.395  NA   		33		71
+3.318  NA   		33		72
+2.385  NA   		33		73
+3.375  NA   		33		74
+3.455  NA   		33		75
+3.436  NA   		33		76
+3.436  NA   		33		77
+3.437  NA   		33		78
+3.449  NA   		33		79
+3.529  NA   		33		80
+3.585  NA   		33		81
+2.501  NA   		33		82
+3.484  NA   		33		83
+3.527  NA   		33		84
+3.473  NA   		33		85
+3.556  NA   		33		86
+0.699  NA   		33		87
+0.946  NA   		33		88
+0.916  NA   		33		89
+0.673  NA   		33		90
+0.988  NA   		33		91
+1.029  NA   		33		92
+0.874  NA   		33		93
+0.696  NA   		33		94
+0.969  NA   		33		95
+1.333  NA   		34		35
+0.947  NA   		34		36
+0.959  NA   		34		37
+0.960  NA   		34		38
+0.964  NA   		34		39
+0.979  NA   		34		40
+0.964  NA   		34		41
+0.909  NA   		34		42
+0.966  NA   		34		43
+0.968  NA   		34		44
+0.967  NA   		34		45
+0.954  NA   		34		46
+0.964  NA   		34		47
+0.908  NA   		34		48
+0.954  NA   		34		49
+0.955  NA   		34		50
+0.908  NA   		34		51
+0.908  NA   		34		52
+1.630  NA   		34		53
+1.603  NA   		34		54
+1.605  NA   		34		55
+1.417  NA   		34		56
+5.317  NA   		34		57
+5.509  NA   		34		58
+5.636  NA   		34		59
+3.164  NA   		34		60
+3.672  NA   		34		61
+3.972  NA   		34		62
+3.604  NA   		34		63
+3.837  NA   		34		64
+3.935  NA   		34		65
+3.800  NA   		34		66
+3.983  NA   		34		67
+3.885  NA   		34		68
+2.726  NA   		34		69
+2.538  NA   		34		70
+3.493  NA   		34		71
+3.416  NA   		34		72
+2.490  NA   		34		73
+3.473  NA   		34		74
+3.553  NA   		34		75
+3.535  NA   		34		76
+3.535  NA   		34		77
+3.535  NA   		34		78
+3.547  NA   		34		79
+3.627  NA   		34		80
+3.683  NA   		34		81
+2.606  NA   		34		82
+3.582  NA   		34		83
+3.625  NA   		34		84
+3.571  NA   		34		85
+3.654  NA   		34		86
+0.796  NA   		34		87
+1.046  NA   		34		88
+1.015  NA   		34		89
+0.771  NA   		34		90
+1.088  NA   		34		91
+1.127  NA   		34		92
+0.968  NA   		34		93
+0.795  NA   		34		94
+1.065  NA   		34		95
+0.983  NA   		35		36
+0.995  NA   		35		37
+0.997  NA   		35		38
+1.000  NA   		35		39
+1.016  NA   		35		40
+1.002  NA   		35		41
+0.950  NA   		35		42
+1.002  NA   		35		43
+1.005  NA   		35		44
+1.004  NA   		35		45
+0.991  NA   		35		46
+1.001  NA   		35		47
+0.948  NA   		35		48
+0.992  NA   		35		49
+0.992  NA   		35		50
+0.947  NA   		35		51
+0.947  NA   		35		52
+1.670  NA   		35		53
+1.643  NA   		35		54
+1.645  NA   		35		55
+1.456  NA   		35		56
+5.335  NA   		35		57
+5.526  NA   		35		58
+5.654  NA   		35		59
+3.206  NA   		35		60
+3.714  NA   		35		61
+4.014  NA   		35		62
+3.646  NA   		35		63
+3.880  NA   		35		64
+3.977  NA   		35		65
+3.843  NA   		35		66
+4.026  NA   		35		67
+3.928  NA   		35		68
+2.770  NA   		35		69
+2.582  NA   		35		70
+3.535  NA   		35		71
+3.458  NA   		35		72
+2.534  NA   		35		73
+3.515  NA   		35		74
+3.595  NA   		35		75
+3.578  NA   		35		76
+3.578  NA   		35		77
+3.577  NA   		35		78
+3.589  NA   		35		79
+3.669  NA   		35		80
+3.726  NA   		35		81
+2.650  NA   		35		82
+3.624  NA   		35		83
+3.668  NA   		35		84
+3.613  NA   		35		85
+3.696  NA   		35		86
+0.835  NA   		35		87
+1.086  NA   		35		88
+1.055  NA   		35		89
+0.810  NA   		35		90
+1.128  NA   		35		91
+1.167  NA   		35		92
+1.006  NA   		35		93
+0.834  NA   		35		94
+1.104  NA   		35		95
+0.342  NA   		36		37
+0.345  NA   		36		38
+0.353  NA   		36		39
+0.342  NA   		36		40
+0.313  NA   		36		41
+0.240  NA   		36		42
+0.360  NA   		36		43
+0.326  NA   		36		44
+0.363  NA   		36		45
+0.323  NA   		36		46
+0.349  NA   		36		47
+0.249  NA   		36		48
+0.325  NA   		36		49
+0.325  NA   		36		50
+0.253  NA   		36		51
+0.252  NA   		36		52
+0.878  NA   		36		53
+0.851  NA   		36		54
+0.853  NA   		36		55
+0.668  NA   		36		56
+4.953  NA   		36		57
+5.144  NA   		36		58
+5.278  NA   		36		59
+2.346  NA   		36		60
+2.880  NA   		36		61
+3.169  NA   		36		62
+2.805  NA   		36		63
+3.036  NA   		36		64
+3.132  NA   		36		65
+2.998  NA   		36		66
+3.180  NA   		36		67
+3.091  NA   		36		68
+1.923  NA   		36		69
+1.739  NA   		36		70
+2.709  NA   		36		71
+2.632  NA   		36		72
+1.698  NA   		36		73
+2.693  NA   		36		74
+2.760  NA   		36		75
+2.725  NA   		36		76
+2.725  NA   		36		77
+2.740  NA   		36		78
+2.744  NA   		36		79
+2.825  NA   		36		80
+2.881  NA   		36		81
+1.806  NA   		36		82
+2.790  NA   		36		83
+2.824  NA   		36		84
+2.779  NA   		36		85
+2.854  NA   		36		86
+0.044  NA   		36		87
+0.282  NA   		36		88
+0.253  NA   		36		89
+0.018  NA   		36		90
+0.319  NA   		36		91
+0.355  NA   		36		92
+0.225  NA   		36		93
+0.041  NA   		36		94
+0.308  NA   		36		95
+0.083  NA   		37		38
+0.091  NA   		37		39
-0.034  NA   		37		40
-0.055  NA   		37		41
+0.040  NA   		37		42
+0.081  NA   		37		43
-0.051  NA   		37		44
+0.081  NA   		37		45
+0.027  NA   		37		46
+0.050  NA   		37		47
+0.081  NA   		37		48
+0.028  NA   		37		49
+0.028  NA   		37		50
+0.095  NA   		37		51
+0.094  NA   		37		52
+0.379  NA   		37		53
+0.353  NA   		37		54
+0.355  NA   		37		55
+0.195  NA   		37		56
+5.106  NA   		37		57
+5.291  NA   		37		58
+5.426  NA   		37		59
+2.170  NA   		37		60
+2.688  NA   		37		61
+2.972  NA   		37		62
+2.614  NA   		37		63
+2.828  NA   		37		64
+2.923  NA   		37		65
+2.773  NA   		37		66
+2.951  NA   		37		67
+2.861  NA   		37		68
+1.458  NA   		37		69
+1.291  NA   		37		70
+2.441  NA   		37		71
+2.362  NA   		37		72
+1.240  NA   		37		73
+2.432  NA   		37		74
+2.492  NA   		37		75
+2.486  NA   		37		76
+2.486  NA   		37		77
+2.480  NA   		37		78
+2.483  NA   		37		79
+2.572  NA   		37		80
+2.629  NA   		37		81
+1.354  NA   		37		82
+2.535  NA   		37		83
+2.571  NA   		37		84
+2.524  NA   		37		85
+2.600  NA   		37		86
-0.360  NA   		37		87
-0.135  NA   		37		88
-0.149  NA   		37		89
-0.361  NA   		37		90
-0.103  NA   		37		91
-0.177  NA   		37		92
-0.220  NA   		37		93
-0.319  NA   		37		94
-0.168  NA   		37		95
+0.093  NA   		38		39
-0.031  NA   		38		40
-0.052  NA   		38		41
+0.043  NA   		38		42
+0.084  NA   		38		43
-0.049  NA   		38		44
+0.085  NA   		38		45
+0.030  NA   		38		46
+0.053  NA   		38		47
+0.083  NA   		38		48
+0.031  NA   		38		49
+0.032  NA   		38		50
+0.097  NA   		38		51
+0.096  NA   		38		52
+0.381  NA   		38		53
+0.355  NA   		38		54
+0.357  NA   		38		55
+0.197  NA   		38		56
+5.108  NA   		38		57
+5.293  NA   		38		58
+5.428  NA   		38		59
+2.177  NA   		38		60
+2.695  NA   		38		61
+2.978  NA   		38		62
+2.621  NA   		38		63
+2.835  NA   		38		64
+2.930  NA   		38		65
+2.780  NA   		38		66
+2.958  NA   		38		67
+2.868  NA   		38		68
+1.463  NA   		38		69
+1.297  NA   		38		70
+2.447  NA   		38		71
+2.368  NA   		38		72
+1.245  NA   		38		73
+2.438  NA   		38		74
+2.498  NA   		38		75
+2.492  NA   		38		76
+2.492  NA   		38		77
+2.486  NA   		38		78
+2.489  NA   		38		79
+2.578  NA   		38		80
+2.635  NA   		38		81
+1.360  NA   		38		82
+2.541  NA   		38		83
+2.577  NA   		38		84
+2.530  NA   		38		85
+2.606  NA   		38		86
-0.357  NA   		38		87
-0.132  NA   		38		88
-0.146  NA   		38		89
-0.358  NA   		38		90
-0.100  NA   		38		91
-0.176  NA   		38		92
-0.218  NA   		38		93
-0.314  NA   		38		94
-0.167  NA   		38		95
-0.020  NA   		39		40
-0.039  NA   		39		41
+0.051  NA   		39		42
+0.091  NA   		39		43
-0.037  NA   		39		44
+0.092  NA   		39		45
+0.041  NA   		39		46
+0.062  NA   		39		47
+0.092  NA   		39		48
+0.042  NA   		39		49
+0.042  NA   		39		50
+0.106  NA   		39		51
+0.104  NA   		39		52
+0.395  NA   		39		53
+0.369  NA   		39		54
+0.371  NA   		39		55
+0.210  NA   		39		56
+5.110  NA   		39		57
+5.295  NA   		39		58
+5.430  NA   		39		59
+2.190  NA   		39		60
+2.707  NA   		39		61
+2.991  NA   		39		62
+2.634  NA   		39		63
+2.848  NA   		39		64
+2.943  NA   		39		65
+2.793  NA   		39		66
+2.971  NA   		39		67
+2.881  NA   		39		68
+1.476  NA   		39		69
+1.309  NA   		39		70
+2.459  NA   		39		71
+2.380  NA   		39		72
+1.257  NA   		39		73
+2.450  NA   		39		74
+2.511  NA   		39		75
+2.506  NA   		39		76
+2.507  NA   		39		77
+2.498  NA   		39		78
+2.502  NA   		39		79
+2.591  NA   		39		80
+2.648  NA   		39		81
+1.372  NA   		39		82
+2.554  NA   		39		83
+2.590  NA   		39		84
+2.542  NA   		39		85
+2.619  NA   		39		86
-0.344  NA   		39		87
-0.118  NA   		39		88
-0.132  NA   		39		89
-0.344  NA   		39		90
-0.087  NA   		39		91
-0.163  NA   		39		92
-0.205  NA   		39		93
-0.301  NA   		39		94
-0.153  NA   		39		95
-0.028  NA   		40		41
+0.036  NA   		40		42
-0.018  NA   		40		43
-0.038  NA   		40		44
-0.014  NA   		40		45
-0.055  NA   		40		46
-0.024  NA   		40		47
+0.079  NA   		40		48
-0.054  NA   		40		49
-0.053  NA   		40		50
+0.094  NA   		40		51
+0.092  NA   		40		52
+0.569  NA   		40		53
+0.537  NA   		40		54
+0.539  NA   		40		55
+0.324  NA   		40		56
+5.160  NA   		40		57
+5.347  NA   		40		58
+5.483  NA   		40		59
+2.072  NA   		40		60
+2.588  NA   		40		61
+2.873  NA   		40		62
+2.514  NA   		40		63
+2.729  NA   		40		64
+2.824  NA   		40		65
+2.676  NA   		40		66
+2.853  NA   		40		67
+2.761  NA   		40		68
+1.361  NA   		40		69
+1.194  NA   		40		70
+2.342  NA   		40		71
+2.263  NA   		40		72
+1.145  NA   		40		73
+2.332  NA   		40		74
+2.399  NA   		40		75
+2.395  NA   		40		76
+2.395  NA   		40		77
+2.382  NA   		40		78
+2.391  NA   		40		79
+2.478  NA   		40		80
+2.535  NA   		40		81
+1.259  NA   		40		82
+2.435  NA   		40		83
+2.476  NA   		40		84
+2.424  NA   		40		85
+2.506  NA   		40		86
-0.436  NA   		40		87
-0.211  NA   		40		88
-0.224  NA   		40		89
-0.444  NA   		40		90
-0.180  NA   		40		91
-0.236  NA   		40		92
-0.274  NA   		40		93
-0.409  NA   		40		94
-0.226  NA   		40		95
-0.003  NA   		41		42
-0.037  NA   		41		43
-0.059  NA   		41		44
-0.034  NA   		41		45
-0.086  NA   		41		46
-0.051  NA   		41		47
+0.041  NA   		41		48
-0.084  NA   		41		49
-0.083  NA   		41		50
+0.056  NA   		41		51
+0.054  NA   		41		52
+0.502  NA   		41		53
+0.471  NA   		41		54
+0.473  NA   		41		55
+0.260  NA   		41		56
+5.116  NA   		41		57
+5.304  NA   		41		58
+5.440  NA   		41		59
+2.008  NA   		41		60
+2.527  NA   		41		61
+2.813  NA   		41		62
+2.453  NA   		41		63
+2.669  NA   		41		64
+2.764  NA   		41		65
+2.616  NA   		41		66
+2.793  NA   		41		67
+2.701  NA   		41		68
+1.301  NA   		41		69
+1.134  NA   		41		70
+2.282  NA   		41		71
+2.204  NA   		41		72
+1.084  NA   		41		73
+2.273  NA   		41		74
+2.339  NA   		41		75
+2.334  NA   		41		76
+2.334  NA   		41		77
+2.322  NA   		41		78
+2.331  NA   		41		79
+2.419  NA   		41		80
+2.475  NA   		41		81
+1.198  NA   		41		82
+2.376  NA   		41		83
+2.417  NA   		41		84
+2.365  NA   		41		85
+2.447  NA   		41		86
-0.493  NA   		41		87
-0.269  NA   		41		88
-0.281  NA   		41		89
-0.503  NA   		41		90
-0.238  NA   		41		91
-0.285  NA   		41		92
-0.324  NA   		41		93
-0.469  NA   		41		94
-0.276  NA   		41		95
+0.053  NA   		42		43
+0.005  NA   		42		44
+0.056  NA   		42		45
+0.024  NA   		42		46
+0.052  NA   		42		47
+0.153  NA   		42		48
+0.026  NA   		42		49
+0.026  NA   		42		50
+0.168  NA   		42		51
+0.165  NA   		42		52
+0.515  NA   		42		53
+0.489  NA   		42		54
+0.491  NA   		42		55
+0.314  NA   		42		56
+4.886  NA   		42		57
+5.079  NA   		42		58
+5.215  NA   		42		59
+2.017  NA   		42		60
+2.551  NA   		42		61
+2.842  NA   		42		62
+2.477  NA   		42		63
+2.710  NA   		42		64
+2.801  NA   		42		65
+2.660  NA   		42		66
+2.840  NA   		42		67
+2.754  NA   		42		68
+1.535  NA   		42		69
+1.354  NA   		42		70
+2.370  NA   		42		71
+2.293  NA   		42		72
+1.312  NA   		42		73
+2.362  NA   		42		74
+2.418  NA   		42		75
+2.389  NA   		42		76
+2.389  NA   		42		77
+2.403  NA   		42		78
+2.402  NA   		42		79
+2.491  NA   		42		80
+2.547  NA   		42		81
+1.424  NA   		42		82
+2.459  NA   		42		83
+2.490  NA   		42		84
+2.449  NA   		42		85
+2.520  NA   		42		86
-0.293  NA   		42		87
-0.066  NA   		42		88
-0.089  NA   		42		89
-0.319  NA   		42		90
-0.031  NA   		42		91
+0.011  NA   		42		92
-0.098  NA   		42		93
-0.298  NA   		42		94
-0.023  NA   		42		95
-0.029  NA   		43		44
+0.121  NA   		43		45
+0.060  NA   		43		46
+0.078  NA   		43		47
+0.094  NA   		43		48
+0.060  NA   		43		49
+0.060  NA   		43		50
+0.107  NA   		43		51
+0.106  NA   		43		52
+0.399  NA   		43		53
+0.373  NA   		43		54
+0.375  NA   		43		55
+0.215  NA   		43		56
+5.110  NA   		43		57
+5.295  NA   		43		58
+5.430  NA   		43		59
+2.193  NA   		43		60
+2.702  NA   		43		61
+2.984  NA   		43		62
+2.629  NA   		43		63
+2.841  NA   		43		64
+2.932  NA   		43		65
+2.783  NA   		43		66
+2.961  NA   		43		67
+2.871  NA   		43		68
+1.476  NA   		43		69
+1.310  NA   		43		70
+2.452  NA   		43		71
+2.374  NA   		43		72
+1.259  NA   		43		73
+2.444  NA   		43		74
+2.503  NA   		43		75
+2.508  NA   		43		76
+2.508  NA   		43		77
+2.492  NA   		43		78
+2.494  NA   		43		79
+2.584  NA   		43		80
+2.640  NA   		43		81
+1.374  NA   		43		82
+2.547  NA   		43		83
+2.582  NA   		43		84
+2.536  NA   		43		85
+2.612  NA   		43		86
-0.337  NA   		43		87
-0.111  NA   		43		88
-0.125  NA   		43		89
-0.337  NA   		43		90
-0.079  NA   		43		91
-0.154  NA   		43		92
-0.197  NA   		43		93
-0.295  NA   		43		94
-0.146  NA   		43		95
-0.025  NA   		44		45
-0.076  NA   		44		46
-0.042  NA   		44		47
+0.049  NA   		44		48
-0.074  NA   		44		49
-0.074  NA   		44		50
+0.064  NA   		44		51
+0.062  NA   		44		52
+0.524  NA   		44		53
+0.493  NA   		44		54
+0.495  NA   		44		55
+0.280  NA   		44		56
+5.121  NA   		44		57
+5.309  NA   		44		58
+5.445  NA   		44		59
+2.029  NA   		44		60
+2.541  NA   		44		61
+2.825  NA   		44		62
+2.467  NA   		44		63
+2.681  NA   		44		64
+2.772  NA   		44		65
+2.625  NA   		44		66
+2.802  NA   		44		67
+2.711  NA   		44		68
+1.316  NA   		44		69
+1.150  NA   		44		70
+2.293  NA   		44		71
+2.215  NA   		44		72
+1.101  NA   		44		73
+2.284  NA   		44		74
+2.350  NA   		44		75
+2.353  NA   		44		76
+2.353  NA   		44		77
+2.333  NA   		44		78
+2.341  NA   		44		79
+2.429  NA   		44		80
+2.485  NA   		44		81
+1.215  NA   		44		82
+2.387  NA   		44		83
+2.428  NA   		44		84
+2.376  NA   		44		85
+2.457  NA   		44		86
-0.475  NA   		44		87
-0.250  NA   		44		88
-0.263  NA   		44		89
-0.485  NA   		44		90
-0.219  NA   		44		91
-0.267  NA   		44		92
-0.306  NA   		44		93
-0.451  NA   		44		94
-0.258  NA   		44		95
+0.063  NA   		45		46
+0.081  NA   		45		47
+0.096  NA   		45		48
+0.064  NA   		45		49
+0.064  NA   		45		50
+0.110  NA   		45		51
+0.109  NA   		45		52
+0.404  NA   		45		53
+0.378  NA   		45		54
+0.379  NA   		45		55
+0.220  NA   		45		56
+5.112  NA   		45		57
+5.296  NA   		45		58
+5.431  NA   		45		59
+2.200  NA   		45		60
+2.709  NA   		45		61
+2.992  NA   		45		62
+2.636  NA   		45		63
+2.848  NA   		45		64
+2.939  NA   		45		65
+2.790  NA   		45		66
+2.968  NA   		45		67
+2.878  NA   		45		68
+1.482  NA   		45		69
+1.316  NA   		45		70
+2.458  NA   		45		71
+2.380  NA   		45		72
+1.265  NA   		45		73
+2.450  NA   		45		74
+2.510  NA   		45		75
+2.514  NA   		45		76
+2.514  NA   		45		77
+2.498  NA   		45		78
+2.501  NA   		45		79
+2.590  NA   		45		80
+2.647  NA   		45		81
+1.380  NA   		45		82
+2.554  NA   		45		83
+2.589  NA   		45		84
+2.543  NA   		45		85
+2.619  NA   		45		86
-0.332  NA   		45		87
-0.106  NA   		45		88
-0.120  NA   		45		89
-0.333  NA   		45		90
-0.074  NA   		45		91
-0.150  NA   		45		92
-0.192  NA   		45		93
-0.290  NA   		45		94
-0.141  NA   		45		95
+0.092  NA   		46		47
+0.065  NA   		46		48
+0.060  NA   		46		49
+0.060  NA   		46		50
+0.079  NA   		46		51
+0.078  NA   		46		52
+0.346  NA   		46		53
+0.320  NA   		46		54
+0.321  NA   		46		55
+0.161  NA   		46		56
+5.093  NA   		46		57
+5.279  NA   		46		58
+5.414  NA   		46		59
+2.125  NA   		46		60
+2.634  NA   		46		61
+2.917  NA   		46		62
+2.561  NA   		46		63
+2.774  NA   		46		64
+2.865  NA   		46		65
+2.716  NA   		46		66
+2.893  NA   		46		67
+2.804  NA   		46		68
+1.409  NA   		46		69
+1.244  NA   		46		70
+2.386  NA   		46		71
+2.307  NA   		46		72
+1.193  NA   		46		73
+2.377  NA   		46		74
+2.438  NA   		46		75
+2.441  NA   		46		76
+2.441  NA   		46		77
+2.425  NA   		46		78
+2.429  NA   		46		79
+2.518  NA   		46		80
+2.574  NA   		46		81
+1.308  NA   		46		82
+2.480  NA   		46		83
+2.516  NA   		46		84
+2.470  NA   		46		85
+2.546  NA   		46		86
-0.391  NA   		46		87
-0.166  NA   		46		88
-0.180  NA   		46		89
-0.391  NA   		46		90
-0.135  NA   		46		91
-0.212  NA   		46		92
-0.252  NA   		46		93
-0.349  NA   		46		94
-0.202  NA   		46		95
+0.093  NA   		47		48
+0.092  NA   		47		49
+0.092  NA   		47		50
+0.107  NA   		47		51
+0.105  NA   		47		52
+0.387  NA   		47		53
+0.361  NA   		47		54
+0.363  NA   		47		55
+0.203  NA   		47		56
+5.117  NA   		47		57
+5.302  NA   		47		58
+5.437  NA   		47		59
+2.177  NA   		47		60
+2.686  NA   		47		61
+2.968  NA   		47		62
+2.612  NA   		47		63
+2.825  NA   		47		64
+2.916  NA   		47		65
+2.767  NA   		47		66
+2.944  NA   		47		67
+2.854  NA   		47		68
+1.456  NA   		47		69
+1.291  NA   		47		70
+2.435  NA   		47		71
+2.357  NA   		47		72
+1.240  NA   		47		73
+2.427  NA   		47		74
+2.488  NA   		47		75
+2.493  NA   		47		76
+2.493  NA   		47		77
+2.475  NA   		47		78
+2.479  NA   		47		79
+2.568  NA   		47		80
+2.624  NA   		47		81
+1.355  NA   		47		82
+2.530  NA   		47		83
+2.566  NA   		47		84
+2.519  NA   		47		85
+2.596  NA   		47		86
-0.347  NA   		47		87
-0.122  NA   		47		88
-0.135  NA   		47		89
-0.346  NA   		47		90
-0.090  NA   		47		91
-0.171  NA   		47		92
-0.211  NA   		47		93
-0.303  NA   		47		94
-0.161  NA   		47		95
+0.067  NA   		48		49
+0.067  NA   		48		50
+0.185  NA   		48		51
+0.183  NA   		48		52
+0.569  NA   		48		53
+0.543  NA   		48		54
+0.544  NA   		48		55
+0.368  NA   		48		56
+4.899  NA   		48		57
+5.092  NA   		48		58
+5.228  NA   		48		59
+2.078  NA   		48		60
+2.613  NA   		48		61
+2.903  NA   		48		62
+2.538  NA   		48		63
+2.771  NA   		48		64
+2.863  NA   		48		65
+2.721  NA   		48		66
+2.901  NA   		48		67
+2.814  NA   		48		68
+1.603  NA   		48		69
+1.420  NA   		48		70
+2.428  NA   		48		71
+2.351  NA   		48		72
+1.377  NA   		48		73
+2.420  NA   		48		74
+2.479  NA   		48		75
+2.450  NA   		48		76
+2.450  NA   		48		77
+2.461  NA   		48		78
+2.463  NA   		48		79
+2.552  NA   		48		80
+2.608  NA   		48		81
+1.490  NA   		48		82
+2.517  NA   		48		83
+2.551  NA   		48		84
+2.507  NA   		48		85
+2.581  NA   		48		86
-0.240  NA   		48		87
-0.011  NA   		48		88
-0.035  NA   		48		89
-0.266  NA   		48		90
+0.024  NA   		48		91
+0.067  NA   		48		92
-0.046  NA   		48		93
-0.244  NA   		48		94
+0.030  NA   		48		95
+0.062  NA   		49		50
+0.081  NA   		49		51
+0.079  NA   		49		52
+0.347  NA   		49		53
+0.321  NA   		49		54
+0.323  NA   		49		55
+0.163  NA   		49		56
+5.094  NA   		49		57
+5.280  NA   		49		58
+5.415  NA   		49		59
+2.128  NA   		49		60
+2.638  NA   		49		61
+2.921  NA   		49		62
+2.565  NA   		49		63
+2.778  NA   		49		64
+2.869  NA   		49		65
+2.720  NA   		49		66
+2.897  NA   		49		67
+2.807  NA   		49		68
+1.413  NA   		49		69
+1.247  NA   		49		70
+2.389  NA   		49		71
+2.311  NA   		49		72
+1.197  NA   		49		73
+2.381  NA   		49		74
+2.441  NA   		49		75
+2.445  NA   		49		76
+2.445  NA   		49		77
+2.429  NA   		49		78
+2.432  NA   		49		79
+2.521  NA   		49		80
+2.578  NA   		49		81
+1.311  NA   		49		82
+2.484  NA   		49		83
+2.520  NA   		49		84
+2.473  NA   		49		85
+2.549  NA   		49		86
-0.388  NA   		49		87
-0.164  NA   		49		88
-0.177  NA   		49		89
-0.388  NA   		49		90
-0.132  NA   		49		91
-0.210  NA   		49		92
-0.250  NA   		49		93
-0.346  NA   		49		94
-0.200  NA   		49		95
+0.081  NA   		50		51
+0.080  NA   		50		52
+0.347  NA   		50		53
+0.321  NA   		50		54
+0.323  NA   		50		55
+0.164  NA   		50		56
+5.094  NA   		50		57
+5.280  NA   		50		58
+5.415  NA   		50		59
+2.129  NA   		50		60
+2.639  NA   		50		61
+2.922  NA   		50		62
+2.566  NA   		50		63
+2.779  NA   		50		64
+2.870  NA   		50		65
+2.721  NA   		50		66
+2.898  NA   		50		67
+2.808  NA   		50		68
+1.413  NA   		50		69
+1.248  NA   		50		70
+2.390  NA   		50		71
+2.311  NA   		50		72
+1.197  NA   		50		73
+2.381  NA   		50		74
+2.442  NA   		50		75
+2.446  NA   		50		76
+2.446  NA   		50		77
+2.430  NA   		50		78
+2.433  NA   		50		79
+2.522  NA   		50		80
+2.578  NA   		50		81
+1.312  NA   		50		82
+2.485  NA   		50		83
+2.521  NA   		50		84
+2.474  NA   		50		85
+2.550  NA   		50		86
-0.388  NA   		50		87
-0.163  NA   		50		88
-0.177  NA   		50		89
-0.388  NA   		50		90
-0.132  NA   		50		91
-0.209  NA   		50		92
-0.249  NA   		50		93
-0.345  NA   		50		94
-0.200  NA   		50		95
+0.193  NA   		51		52
+0.586  NA   		51		53
+0.560  NA   		51		54
+0.562  NA   		51		55
+0.385  NA   		51		56
+4.902  NA   		51		57
+5.095  NA   		51		58
+5.231  NA   		51		59
+2.096  NA   		51		60
+2.631  NA   		51		61
+2.922  NA   		51		62
+2.556  NA   		51		63
+2.790  NA   		51		64
+2.881  NA   		51		65
+2.739  NA   		51		66
+2.920  NA   		51		67
+2.833  NA   		51		68
+1.623  NA   		51		69
+1.440  NA   		51		70
+2.446  NA   		51		71
+2.369  NA   		51		72
+1.397  NA   		51		73
+2.439  NA   		51		74
+2.497  NA   		51		75
+2.469  NA   		51		76
+2.469  NA   		51		77
+2.479  NA   		51		78
+2.481  NA   		51		79
+2.570  NA   		51		80
+2.626  NA   		51		81
+1.510  NA   		51		82
+2.535  NA   		51		83
+2.569  NA   		51		84
+2.525  NA   		51		85
+2.599  NA   		51		86
-0.222  NA   		51		87
+0.007  NA   		51		88
-0.017  NA   		51		89
-0.249  NA   		51		90
+0.042  NA   		51		91
+0.085  NA   		51		92
-0.029  NA   		51		93
-0.227  NA   		51		94
+0.048  NA   		51		95
+0.584  NA   		52		53
+0.557  NA   		52		54
+0.559  NA   		52		55
+0.383  NA   		52		56
+4.902  NA   		52		57
+5.095  NA   		52		58
+5.231  NA   		52		59
+2.094  NA   		52		60
+2.629  NA   		52		61
+2.920  NA   		52		62
+2.555  NA   		52		63
+2.788  NA   		52		64
+2.879  NA   		52		65
+2.738  NA   		52		66
+2.918  NA   		52		67
+2.831  NA   		52		68
+1.621  NA   		52		69
+1.438  NA   		52		70
+2.445  NA   		52		71
+2.367  NA   		52		72
+1.395  NA   		52		73
+2.437  NA   		52		74
+2.495  NA   		52		75
+2.467  NA   		52		76
+2.467  NA   		52		77
+2.477  NA   		52		78
+2.479  NA   		52		79
+2.568  NA   		52		80
+2.624  NA   		52		81
+1.508  NA   		52		82
+2.534  NA   		52		83
+2.567  NA   		52		84
+2.523  NA   		52		85
+2.597  NA   		52		86
-0.224  NA   		52		87
+0.005  NA   		52		88
-0.019  NA   		52		89
-0.251  NA   		52		90
+0.040  NA   		52		91
+0.083  NA   		52		92
-0.031  NA   		52		93
-0.229  NA   		52		94
+0.046  NA   		52		95
+0.249  NA   		53		54
+0.249  NA   		53		55
+0.133  NA   		53		56
+5.314  NA   		53		57
+5.501  NA   		53		58
+5.638  NA   		53		59
+2.386  NA   		53		60
+2.925  NA   		53		61
+3.216  NA   		53		62
+2.836  NA   		53		63
+3.065  NA   		53		64
+3.154  NA   		53		65
+3.005  NA   		53		66
+3.187  NA   		53		67
+3.111  NA   		53		68
+1.608  NA   		53		69
+1.431  NA   		53		70
+2.699  NA   		53		71
+2.615  NA   		53		72
+1.389  NA   		53		73
+2.693  NA   		53		74
+2.734  NA   		53		75
+2.701  NA   		53		76
+2.701  NA   		53		77
+2.747  NA   		53		78
+2.727  NA   		53		79
+2.820  NA   		53		80
+2.879  NA   		53		81
+1.513  NA   		53		82
+2.803  NA   		53		83
+2.821  NA   		53		84
+2.795  NA   		53		85
+2.858  NA   		53		86
-0.248  NA   		53		87
-0.022  NA   		53		88
-0.035  NA   		53		89
-0.270  NA   		53		90
+0.011  NA   		53		91
-0.007  NA   		53		92
-0.031  NA   		53		93
-0.244  NA   		53		94
+0.007  NA   		53		95
+0.238  NA   		54		55
+0.110  NA   		54		56
+5.297  NA   		54		57
+5.484  NA   		54		58
+5.621  NA   		54		59
+2.351  NA   		54		60
+2.893  NA   		54		61
+3.183  NA   		54		62
+2.803  NA   		54		63
+3.033  NA   		54		64
+3.121  NA   		54		65
+2.973  NA   		54		66
+3.154  NA   		54		67
+3.078  NA   		54		68
+1.577  NA   		54		69
+1.401  NA   		54		70
+2.667  NA   		54		71
+2.583  NA   		54		72
+1.359  NA   		54		73
+2.661  NA   		54		74
+2.702  NA   		54		75
+2.669  NA   		54		76
+2.669  NA   		54		77
+2.715  NA   		54		78
+2.695  NA   		54		79
+2.788  NA   		54		80
+2.847  NA   		54		81
+1.483  NA   		54		82
+2.771  NA   		54		83
+2.789  NA   		54		84
+2.763  NA   		54		85
+2.827  NA   		54		86
-0.276  NA   		54		87
-0.050  NA   		54		88
-0.063  NA   		54		89
-0.298  NA   		54		90
-0.017  NA   		54		91
-0.034  NA   		54		92
-0.057  NA   		54		93
-0.273  NA   		54		94
-0.020  NA   		54		95
+0.112  NA   		55		56
+5.298  NA   		55		57
+5.485  NA   		55		58
+5.622  NA   		55		59
+2.354  NA   		55		60
+2.895  NA   		55		61
+3.185  NA   		55		62
+2.805  NA   		55		63
+3.035  NA   		55		64
+3.123  NA   		55		65
+2.975  NA   		55		66
+3.156  NA   		55		67
+3.080  NA   		55		68
+1.579  NA   		55		69
+1.402  NA   		55		70
+2.669  NA   		55		71
+2.585  NA   		55		72
+1.361  NA   		55		73
+2.663  NA   		55		74
+2.704  NA   		55		75
+2.671  NA   		55		76
+2.671  NA   		55		77
+2.717  NA   		55		78
+2.697  NA   		55		79
+2.790  NA   		55		80
+2.849  NA   		55		81
+1.485  NA   		55		82
+2.773  NA   		55		83
+2.791  NA   		55		84
+2.765  NA   		55		85
+2.828  NA   		55		86
-0.274  NA   		55		87
-0.048  NA   		55		88
-0.061  NA   		55		89
-0.297  NA   		55		90
-0.015  NA   		55		91
-0.032  NA   		55		92
-0.056  NA   		55		93
-0.271  NA   		55		94
-0.018  NA   		55		95
+5.197  NA   		56		57
+5.386  NA   		56		58
+5.524  NA   		56		59
+2.207  NA   		56		60
+2.760  NA   		56		61
+3.053  NA   		56		62
+2.670  NA   		56		63
+2.900  NA   		56		64
+2.990  NA   		56		65
+2.840  NA   		56		66
+3.024  NA   		56		67
+2.943  NA   		56		68
+1.428  NA   		56		69
+1.253  NA   		56		70
+2.531  NA   		56		71
+2.447  NA   		56		72
+1.211  NA   		56		73
+2.525  NA   		56		74
+2.568  NA   		56		75
+2.532  NA   		56		76
+2.532  NA   		56		77
+2.580  NA   		56		78
+2.562  NA   		56		79
+2.655  NA   		56		80
+2.714  NA   		56		81
+1.336  NA   		56		82
+2.637  NA   		56		83
+2.656  NA   		56		84
+2.629  NA   		56		85
+2.694  NA   		56		86
-0.444  NA   		56		87
-0.223  NA   		56		88
-0.236  NA   		56		89
-0.471  NA   		56		90
-0.190  NA   		56		91
-0.192  NA   		56		92
-0.213  NA   		56		93
-0.449  NA   		56		94
-0.179  NA   		56		95
+5.706  NA   		57		58
+5.829  NA   		57		59
+7.243  NA   		57		60
+7.644  NA   		57		61
+7.903  NA   		57		62
+7.586  NA   		57		63
+7.768  NA   		57		64
+7.856  NA   		57		65
+7.730  NA   		57		66
+7.905  NA   		57		67
+7.840  NA   		57		68
+6.549  NA   		57		69
+6.388  NA   		57		70
+7.527  NA   		57		71
+7.453  NA   		57		72
+6.348  NA   		57		73
+7.513  NA   		57		74
+7.560  NA   		57		75
+7.556  NA   		57		76
+7.556  NA   		57		77
+7.598  NA   		57		78
+7.579  NA   		57		79
+7.654  NA   		57		80
+7.710  NA   		57		81
+6.476  NA   		57		82
+7.642  NA   		57		83
+7.659  NA   		57		84
+7.636  NA   		57		85
+7.694  NA   		57		86
+4.911  NA   		57		87
+5.123  NA   		57		88
+5.098  NA   		57		89
+4.840  NA   		57		90
+5.151  NA   		57		91
+5.270  NA   		57		92
+5.190  NA   		57		93
+4.830  NA   		57		94
+5.269  NA   		57		95
+5.900  NA   		58		59
+7.407  NA   		58		60
+7.801  NA   		58		61
+8.057  NA   		58		62
+7.744  NA   		58		63
+7.924  NA   		58		64
+8.010  NA   		58		65
+7.886  NA   		58		66
+8.060  NA   		58		67
+7.996  NA   		58		68
+6.716  NA   		58		69
+6.557  NA   		58		70
+7.686  NA   		58		71
+7.612  NA   		58		72
+6.518  NA   		58		73
+7.672  NA   		58		74
+7.719  NA   		58		75
+7.716  NA   		58		76
+7.716  NA   		58		77
+7.757  NA   		58		78
+7.738  NA   		58		79
+7.811  NA   		58		80
+7.867  NA   		58		81
+6.645  NA   		58		82
+7.801  NA   		58		83
+7.817  NA   		58		84
+7.795  NA   		58		85
+7.852  NA   		58		86
+5.097  NA   		58		87
+5.318  NA   		58		88
+5.294  NA   		58		89
+5.031  NA   		58		90
+5.346  NA   		58		91
+5.440  NA   		58		92
+5.368  NA   		58		93
+5.024  NA   		58		94
+5.440  NA   		58		95
+7.545  NA   		59		60
+7.936  NA   		59		61
+8.193  NA   		59		62
+7.879  NA   		59		63
+8.059  NA   		59		64
+8.144  NA   		59		65
+8.021  NA   		59		66
+8.194  NA   		59		67
+8.130  NA   		59		68
+6.849  NA   		59		69
+6.691  NA   		59		70
+7.823  NA   		59		71
+7.749  NA   		59		72
+6.652  NA   		59		73
+7.809  NA   		59		74
+7.855  NA   		59		75
+7.852  NA   		59		76
+7.852  NA   		59		77
+7.894  NA   		59		78
+7.874  NA   		59		79
+7.947  NA   		59		80
+8.003  NA   		59		81
+6.779  NA   		59		82
+7.937  NA   		59		83
+7.953  NA   		59		84
+7.932  NA   		59		85
+7.988  NA   		59		86
+5.238  NA   		59		87
+5.458  NA   		59		88
+5.434  NA   		59		89
+5.171  NA   		59		90
+5.486  NA   		59		91
+5.582  NA   		59		92
+5.510  NA   		59		93
+5.164  NA   		59		94
+5.583  NA   		59		95
+2.464  NA   		60		61
+2.719  NA   		60		62
+2.398  NA   		60		63
+2.587  NA   		60		64
+2.670  NA   		60		65
+2.539  NA   		60		66
+2.693  NA   		60		67
+2.615  NA   		60		68
+1.792  NA   		60		69
+1.700  NA   		60		70
+2.309  NA   		60		71
+2.256  NA   		60		72
+1.705  NA   		60		73
+2.303  NA   		60		74
+2.342  NA   		60		75
+2.326  NA   		60		76
+2.327  NA   		60		77
+2.340  NA   		60		78
+2.336  NA   		60		79
+2.396  NA   		60		80
+2.439  NA   		60		81
+1.754  NA   		60		82
+2.374  NA   		60		83
+2.397  NA   		60		84
+2.370  NA   		60		85
+2.424  NA   		60		86
+1.313  NA   		60		87
+1.579  NA   		60		88
+1.630  NA   		60		89
+1.300  NA   		60		90
+1.586  NA   		60		91
+1.400  NA   		60		92
+1.361  NA   		60		93
+1.313  NA   		60		94
+1.402  NA   		60		95
+2.854  NA   		61		62
+2.640  NA   		61		63
+2.749  NA   		61		64
+2.811  NA   		61		65
+2.713  NA   		61		66
+2.830  NA   		61		67
+2.769  NA   		61		68
+2.194  NA   		61		69
+2.158  NA   		61		70
+2.554  NA   		61		71
+2.521  NA   		61		72
+2.161  NA   		61		73
+2.551  NA   		61		74
+2.575  NA   		61		75
+2.573  NA   		61		76
+2.573  NA   		61		77
+2.577  NA   		61		78
+2.573  NA   		61		79
+2.613  NA   		61		80
+2.643  NA   		61		81
+2.183  NA   		61		82
+2.600  NA   		61		83
+2.615  NA   		61		84
+2.598  NA   		61		85
+2.634  NA   		61		86
+1.855  NA   		61		87
+2.127  NA   		61		88
+2.180  NA   		61		89
+1.841  NA   		61		90
+2.135  NA   		61		91
+1.923  NA   		61		92
+1.880  NA   		61		93
+1.873  NA   		61		94
+1.922  NA   		61		95
+2.843  NA   		62		63
+2.932  NA   		62		64
+2.962  NA   		62		65
+2.905  NA   		62		66
+2.971  NA   		62		67
+2.930  NA   		62		68
+2.456  NA   		62		69
+2.438  NA   		62		70
+2.778  NA   		62		71
+2.764  NA   		62		72
+2.437  NA   		62		73
+2.776  NA   		62		74
+2.792  NA   		62		75
+2.787  NA   		62		76
+2.787  NA   		62		77
+2.785  NA   		62		78
+2.786  NA   		62		79
+2.811  NA   		62		80
+2.830  NA   		62		81
+2.452  NA   		62		82
+2.800  NA   		62		83
+2.811  NA   		62		84
+2.798  NA   		62		85
+2.822  NA   		62		86
+2.146  NA   		62		87
+2.424  NA   		62		88
+2.449  NA   		62		89
+2.131  NA   		62		90
+2.430  NA   		62		91
+2.208  NA   		62		92
+2.154  NA   		62		93
+2.163  NA   		62		94
+2.206  NA   		62		95
+2.723  NA   		63		64
+2.793  NA   		63		65
+2.681  NA   		63		66
+2.810  NA   		63		67
+2.742  NA   		63		68
+2.126  NA   		63		69
+2.086  NA   		63		70
+2.504  NA   		63		71
+2.468  NA   		63		72
+2.088  NA   		63		73
+2.500  NA   		63		74
+2.527  NA   		63		75
+2.524  NA   		63		76
+2.524  NA   		63		77
+2.529  NA   		63		78
+2.525  NA   		63		79
+2.569  NA   		63		80
+2.601  NA   		63		81
+2.114  NA   		63		82
+2.554  NA   		63		83
+2.570  NA   		63		84
+2.552  NA   		63		85
+2.591  NA   		63		86
+1.778  NA   		63		87
+2.048  NA   		63		88
+2.098  NA   		63		89
+1.764  NA   		63		90
+2.056  NA   		63		91
+1.847  NA   		63		92
+1.805  NA   		63		93
+1.792  NA   		63		94
+1.847  NA   		63		95
+2.901  NA   		64		65
+2.817  NA   		64		66
+2.912  NA   		64		67
+2.856  NA   		64		68
+2.327  NA   		64		69
+2.304  NA   		64		70
+2.665  NA   		64		71
+2.646  NA   		64		72
+2.305  NA   		64		73
+2.663  NA   		64		74
+2.683  NA   		64		75
+2.678  NA   		64		76
+2.678  NA   		64		77
+2.678  NA   		64		78
+2.678  NA   		64		79
+2.709  NA   		64		80
+2.732  NA   		64		81
+2.323  NA   		64		82
+2.696  NA   		64		83
+2.709  NA   		64		84
+2.693  NA   		64		85
+2.723  NA   		64		86
+2.008  NA   		64		87
+2.283  NA   		64		88
+2.308  NA   		64		89
+1.992  NA   		64		90
+2.290  NA   		64		91
+2.072  NA   		64		92
+2.018  NA   		64		93
+2.022  NA   		64		94
+2.071  NA   		64		95
+2.882  NA   		65		66
+2.953  NA   		65		67
+2.907  NA   		65		68
+2.414  NA   		65		69
+2.397  NA   		65		70
+2.741  NA   		65		71
+2.729  NA   		65		72
+2.395  NA   		65		73
+2.740  NA   		65		74
+2.758  NA   		65		75
+2.748  NA   		65		76
+2.748  NA   		65		77
+2.747  NA   		65		78
+2.751  NA   		65		79
+2.776  NA   		65		80
+2.795  NA   		65		81
+2.409  NA   		65		82
+2.763  NA   		65		83
+2.776  NA   		65		84
+2.760  NA   		65		85
+2.786  NA   		65		86
+2.101  NA   		65		87
+2.378  NA   		65		88
+2.405  NA   		65		89
+2.085  NA   		65		90
+2.384  NA   		65		91
+2.162  NA   		65		92
+2.109  NA   		65		93
+2.116  NA   		65		94
+2.161  NA   		65		95
+2.909  NA   		66		67
+2.841  NA   		66		68
+2.281  NA   		66		69
+2.257  NA   		66		70
+2.627  NA   		66		71
+2.606  NA   		66		72
+2.257  NA   		66		73
+2.624  NA   		66		74
+2.646  NA   		66		75
+2.639  NA   		66		76
+2.639  NA   		66		77
+2.640  NA   		66		78
+2.641  NA   		66		79
+2.673  NA   		66		80
+2.698  NA   		66		81
+2.277  NA   		66		82
+2.660  NA   		66		83
+2.674  NA   		66		84
+2.656  NA   		66		85
+2.688  NA   		66		86
+1.958  NA   		66		87
+2.233  NA   		66		88
+2.258  NA   		66		89
+1.942  NA   		66		90
+2.239  NA   		66		91
+2.023  NA   		66		92
+1.970  NA   		66		93
+1.972  NA   		66		94
+2.023  NA   		66		95
+2.928  NA   		67		68
+2.446  NA   		67		69
+2.435  NA   		67		70
+2.770  NA   		67		71
+2.761  NA   		67		72
+2.431  NA   		67		73
+2.766  NA   		67		74
+2.785  NA   		67		75
+2.774  NA   		67		76
+2.774  NA   		67		77
+2.773  NA   		67		78
+2.777  NA   		67		79
+2.799  NA   		67		80
+2.816  NA   		67		81
+2.439  NA   		67		82
+2.786  NA   		67		83
+2.798  NA   		67		84
+2.784  NA   		67		85
+2.808  NA   		67		86
+2.132  NA   		67		87
+2.415  NA   		67		88
+2.445  NA   		67		89
+2.118  NA   		67		90
+2.417  NA   		67		91
+2.191  NA   		67		92
+2.142  NA   		67		93
+2.151  NA   		67		94
+2.194  NA   		67		95
+2.363  NA   		68		69
+2.342  NA   		68		70
+2.702  NA   		68		71
+2.690  NA   		68		72
+2.342  NA   		68		73
+2.698  NA   		68		74
+2.713  NA   		68		75
+2.705  NA   		68		76
+2.705  NA   		68		77
+2.708  NA   		68		78
+2.707  NA   		68		79
+2.734  NA   		68		80
+2.755  NA   		68		81
+2.358  NA   		68		82
+2.723  NA   		68		83
+2.734  NA   		68		84
+2.720  NA   		68		85
+2.747  NA   		68		86
+2.047  NA   		68		87
+2.322  NA   		68		88
+2.346  NA   		68		89
+2.031  NA   		68		90
+2.328  NA   		68		91
+2.109  NA   		68		92
+2.056  NA   		68		93
+2.063  NA   		68		94
+2.109  NA   		68		95
+1.124  NA   		69		70
+2.002  NA   		69		71
+1.938  NA   		69		72
+1.098  NA   		69		73
+1.998  NA   		69		74
+2.049  NA   		69		75
+2.033  NA   		69		76
+2.033  NA   		69		77
+2.043  NA   		69		78
+2.044  NA   		69		79
+2.117  NA   		69		80
+2.166  NA   		69		81
+1.126  NA   		69		82
+2.087  NA   		69		83
+2.117  NA   		69		84
+2.079  NA   		69		85
+2.146  NA   		69		86
+0.619  NA   		69		87
+1.432  NA   		69		88
+1.577  NA   		69		89
+0.628  NA   		69		90
+1.236  NA   		69		91
+0.685  NA   		69		92
+0.804  NA   		69		93
+0.635  NA   		69		94
+0.869  NA   		69		95
+1.957  NA   		70		71
+1.889  NA   		70		72
+0.987  NA   		70		73
+1.951  NA   		70		74
+2.008  NA   		70		75
+1.983  NA   		70		76
+1.983  NA   		70		77
+1.998  NA   		70		78
+2.002  NA   		70		79
+2.080  NA   		70		80
+2.132  NA   		70		81
+1.042  NA   		70		82
+2.045  NA   		70		83
+2.079  NA   		70		84
+2.036  NA   		70		85
+2.108  NA   		70		86
+0.455  NA   		70		87
+1.177  NA   		70		88
+1.420  NA   		70		89
+0.463  NA   		70		90
+1.007  NA   		70		91
+0.527  NA   		70		92
+0.653  NA   		70		93
+0.468  NA   		70		94
+0.701  NA   		70		95
+2.417  NA   		71		72
+1.959  NA   		71		73
+2.445  NA   		71		74
+2.467  NA   		71		75
+2.437  NA   		71		76
+2.437  NA   		71		77
+2.467  NA   		71		78
+2.457  NA   		71		79
+2.514  NA   		71		80
+2.555  NA   		71		81
+1.989  NA   		71		82
+2.500  NA   		71		83
+2.513  NA   		71		84
+2.493  NA   		71		85
+2.537  NA   		71		86
+1.639  NA   		71		87
+1.903  NA   		71		88
+1.923  NA   		71		89
+1.622  NA   		71		90
+1.914  NA   		71		91
+1.706  NA   		71		92
+1.653  NA   		71		93
+1.655  NA   		71		94
+1.706  NA   		71		95
+1.889  NA   		72		73
+2.408  NA   		72		74
+2.438  NA   		72		75
+2.397  NA   		72		76
+2.397  NA   		72		77
+2.434  NA   		72		78
+2.424  NA   		72		79
+2.490  NA   		72		80
+2.538  NA   		72		81
+1.922  NA   		72		82
+2.476  NA   		72		83
+2.489  NA   		72		84
+2.465  NA   		72		85
+2.515  NA   		72		86
+1.561  NA   		72		87
+1.824  NA   		72		88
+1.844  NA   		72		89
+1.544  NA   		72		90
+1.835  NA   		72		91
+1.630  NA   		72		92
+1.577  NA   		72		93
+1.575  NA   		72		94
+1.631  NA   		72		95
+1.953  NA   		73		74
+2.012  NA   		73		75
+1.983  NA   		73		76
+1.983  NA   		73		77
+2.000  NA   		73		78
+2.005  NA   		73		79
+2.085  NA   		73		80
+2.138  NA   		73		81
+1.064  NA   		73		82
+2.048  NA   		73		83
+2.084  NA   		73		84
+2.038  NA   		73		85
+2.114  NA   		73		86
+0.410  NA   		73		87
+1.189  NA   		73		88
+1.462  NA   		73		89
+0.422  NA   		73		90
+1.000  NA   		73		91
+0.484  NA   		73		92
+0.613  NA   		73		93
+0.428  NA   		73		94
+0.662  NA   		73		95
+2.465  NA   		74		75
+2.433  NA   		74		76
+2.433  NA   		74		77
+2.463  NA   		74		78
+2.454  NA   		74		79
+2.516  NA   		74		80
+2.558  NA   		74		81
+1.983  NA   		74		82
+2.504  NA   		74		83
+2.515  NA   		74		84
+2.495  NA   		74		85
+2.539  NA   		74		86
+1.632  NA   		74		87
+1.896  NA   		74		88
+1.916  NA   		74		89
+1.614  NA   		74		90
+1.906  NA   		74		91
+1.697  NA   		74		92
+1.644  NA   		74		93
+1.646  NA   		74		94
+1.697  NA   		74		95
+2.468  NA   		75		76
+2.468  NA   		75		77
+2.485  NA   		75		78
+2.497  NA   		75		79
+2.550  NA   		75		80
+2.589  NA   		75		81
+2.037  NA   		75		82
+2.515  NA   		75		83
+2.549  NA   		75		84
+2.509  NA   		75		85
+2.566  NA   		75		86
+1.696  NA   		75		87
+1.966  NA   		75		88
+1.990  NA   		75		89
+1.680  NA   		75		90
+1.973  NA   		75		91
+1.760  NA   		75		92
+1.709  NA   		75		93
+1.712  NA   		75		94
+1.760  NA   		75		95
+2.492  NA   		76		77
+2.462  NA   		76		78
+2.464  NA   		76		79
+2.516  NA   		76		80
+2.553  NA   		76		81
+2.015  NA   		76		82
+2.493  NA   		76		83
+2.516  NA   		76		84
+2.487  NA   		76		85
+2.537  NA   		76		86
+1.658  NA   		76		87
+1.930  NA   		76		88
+1.954  NA   		76		89
+1.642  NA   		76		90
+1.937  NA   		76		91
+1.727  NA   		76		92
+1.672  NA   		76		93
+1.671  NA   		76		94
+1.727  NA   		76		95
+2.463  NA   		77		78
+2.464  NA   		77		79
+2.516  NA   		77		80
+2.553  NA   		77		81
+2.015  NA   		77		82
+2.493  NA   		77		83
+2.516  NA   		77		84
+2.487  NA   		77		85
+2.537  NA   		77		86
+1.658  NA   		77		87
+1.930  NA   		77		88
+1.954  NA   		77		89
+1.642  NA   		77		90
+1.937  NA   		77		91
+1.727  NA   		77		92
+1.672  NA   		77		93
+1.671  NA   		77		94
+1.727  NA   		77		95
+2.488  NA   		78		79
+2.536  NA   		78		80
+2.574  NA   		78		81
+2.028  NA   		78		82
+2.525  NA   		78		83
+2.535  NA   		78		84
+2.520  NA   		78		85
+2.559  NA   		78		86
+1.683  NA   		78		87
+1.948  NA   		78		88
+1.968  NA   		78		89
+1.666  NA   		78		90
+1.959  NA   		78		91
+1.747  NA   		78		92
+1.693  NA   		78		93
+1.697  NA   		78		94
+1.746  NA   		78		95
+2.551  NA   		79		80
+2.591  NA   		79		81
+2.031  NA   		79		82
+2.513  NA   		79		83
+2.550  NA   		79		84
+2.507  NA   		79		85
+2.567  NA   		79		86
+1.688  NA   		79		87
+1.958  NA   		79		88
+1.982  NA   		79		89
+1.672  NA   		79		90
+1.965  NA   		79		91
+1.752  NA   		79		92
+1.700  NA   		79		93
+1.702  NA   		79		94
+1.751  NA   		79		95
+2.631  NA   		80		81
+2.107  NA   		80		82
+2.564  NA   		80		83
+2.598  NA   		80		84
+2.558  NA   		80		85
+2.610  NA   		80		86
+1.774  NA   		80		87
+2.045  NA   		80		88
+2.070  NA   		80		89
+1.758  NA   		80		90
+2.052  NA   		80		91
+1.835  NA   		80		92
+1.783  NA   		80		93
+1.789  NA   		80		94
+1.834  NA   		80		95
+2.158  NA   		81		82
+2.601  NA   		81		83
+2.631  NA   		81		84
+2.595  NA   		81		85
+2.640  NA   		81		86
+1.830  NA   		81		87
+2.102  NA   		81		88
+2.127  NA   		81		89
+1.814  NA   		81		90
+2.109  NA   		81		91
+1.889  NA   		81		92
+1.837  NA   		81		93
+1.847  NA   		81		94
+1.887  NA   		81		95
+2.073  NA   		82		83
+2.106  NA   		82		84
+2.064  NA   		82		85
+2.136  NA   		82		86
+0.522  NA   		82		87
+1.386  NA   		82		88
+1.691  NA   		82		89
+0.533  NA   		82		90
+1.172  NA   		82		91
+0.587  NA   		82		92
+0.717  NA   		82		93
+0.541  NA   		82		94
+0.767  NA   		82		95
+2.564  NA   		83		84
+2.552  NA   		83		85
+2.585  NA   		83		86
+1.734  NA   		83		87
+2.001  NA   		83		88
+2.022  NA   		83		89
+1.717  NA   		83		90
+2.011  NA   		83		91
+1.796  NA   		83		92
+1.742  NA   		83		93
+1.749  NA   		83		94
+1.795  NA   		83		95
+2.560  NA   		84		85
+2.612  NA   		84		86
+1.773  NA   		84		87
+2.044  NA   		84		88
+2.069  NA   		84		89
+1.757  NA   		84		90
+2.051  NA   		84		91
+1.832  NA   		84		92
+1.780  NA   		84		93
+1.788  NA   		84		94
+1.831  NA   		84		95
+2.583  NA   		85		86
+1.724  NA   		85		87
+1.990  NA   		85		88
+2.011  NA   		85		89
+1.707  NA   		85		90
+2.001  NA   		85		91
+1.785  NA   		85		92
+1.731  NA   		85		93
+1.739  NA   		85		94
+1.783  NA   		85		95
+1.804  NA   		86		87
+2.075  NA   		86		88
+2.100  NA   		86		89
+1.788  NA   		86		90
+2.083  NA   		86		91
+1.862  NA   		86		92
+1.809  NA   		86		93
+1.820  NA   		86		94
+1.860  NA   		86		95
-0.870  NA   		87		88
-0.874  NA   		87		89
-0.928  NA   		87		90
-0.846  NA   		87		91
-0.572  NA   		87		92
-0.584  NA   		87		93
-0.882  NA   		87		94
-0.671  NA   		87		95
-0.523  NA   		88		89
-0.896  NA   		88		90
-0.516  NA   		88		91
-0.620  NA   		88		92
-0.625  NA   		88		93
-0.883  NA   		88		94
-0.582  NA   		88		95
-0.904  NA   		89		90
-0.474  NA   		89		91
-0.615  NA   		89		92
-0.642  NA   		89		93
-0.887  NA   		89		94
-0.602  NA   		89		95
-0.869  NA   		90		91
-0.581  NA   		90		92
+0.130  NA   		90		93
-0.831  NA   		90		94
-0.461  NA   		90		95
-0.603  NA   		91		92
-0.589  NA   		91		93
-0.859  NA   		91		94
-0.541  NA   		91		95
-0.677  NA   		92		93
-0.466  NA   		92		94
-0.598  NA   		92		95
+0.237  NA   		93		94
-0.645  NA   		93		95
-0.304  NA   		94		95
