## bf=log10_BF	se=log10_std_err	pv=p-value	
rsnum	 	pos 	chr 	bf 	se 	rank 	pv
rs1220076      	25836257	1	-0.413	 NA 	 1		 NA	
rs1220046      	25838859	1	-0.361	 NA 	 2		 NA	
rs1220044      	25839353	1	-0.299	 NA 	 3		 NA	
rs1220043      	25842058	1	-0.518	 NA 	 4		 NA	
rs10967109     	25888507	1	-0.597	 NA 	 5		 NA	
rs1219936      	25901711	1	-0.278	 NA 	 6		 NA	
rs486456       	25959459	1	-0.594	 NA 	 7		 NA	
rs34364575     	25962037	1	-0.468	 NA 	 8		 NA	
rs72712605     	25963828	1	-0.589	 NA 	 9		 NA	
rs676484       	25963989	1	-0.545	 NA 	 10		 NA	
rs552317       	25964852	1	-0.643	 NA 	 11		 NA	
rs12552503     	25964944	1	-0.603	 NA 	 12		 NA	
rs12552776     	25965275	1	-0.602	 NA 	 13		 NA	
rs34248401     	25965851	1	-0.591	 NA 	 14		 NA	
rs1683416      	25966539	1	-0.643	 NA 	 15		 NA	
rs35037880     	25967829	1	-0.588	 NA 	 16		 NA	
rs10738738     	25968477	1	-0.561	 NA 	 17		 NA	
rs564225       	25970121	1	-0.410	 NA 	 18		 NA	
rs844356       	25971497	1	-0.402	 NA 	 19		 NA	
rs836082       	25971636	1	-0.403	 NA 	 20		 NA	
rs528466       	25971717	1	-0.404	 NA 	 21		 NA	
rs502795       	25972249	1	-0.634	 NA 	 22		 NA	
rs473107       	25973166	1	-0.634	 NA 	 23		 NA	
rs1332348      	25973292	1	-0.609	 NA 	 24		 NA	
rs578219       	25973729	1	-0.401	 NA 	 25		 NA	
rs17486588     	25974118	1	-0.587	 NA 	 26		 NA	
rs592003       	25974864	1	-0.622	 NA 	 27		 NA	
rs546101       	25974935	1	-0.622	 NA 	 28		 NA	
rs1332347      	25975775	1	-0.588	 NA 	 29		 NA	
rs10757576     	25977417	1	-0.548	 NA 	 30		 NA	
rs10757578     	25978445	1	-0.510	 NA 	 31		 NA	
rs650528       	25978732	1	-0.623	 NA 	 32		 NA	
rs10738739     	25979848	1	-0.517	 NA 	 33		 NA	
rs10967146     	25980138	1	-0.519	 NA 	 34		 NA	
rs719643       	25982655	1	-0.640	 NA 	 35		 NA	
rs719644       	25982691	1	-0.492	 NA 	 36		 NA	
rs629716       	25984098	1	-0.635	 NA 	 37		 NA	
rs10757579     	25985049	1	-0.513	 NA 	 38		 NA	
rs2383607      	25985844	1	-0.527	 NA 	 39		 NA	
rs4534209      	25985978	1	-0.512	 NA 	 40		 NA	
rs12554328     	25987176	1	-0.578	 NA 	 41		 NA	
rs74912733     	25988411	1	-0.551	 NA 	 42		 NA	
rs2778457      	25988943	1	-0.508	 NA 	 43		 NA	
rs579164       	25989632	1	-0.536	 NA 	 44		 NA	
rs4978028      	25989717	1	-0.507	 NA 	 45		 NA	
rs551726       	25990349	1	-0.422	 NA 	 46		 NA	
rs550790       	25990462	1	-0.422	 NA 	 47		 NA	
rs13283035     	25993601	1	-0.498	 NA 	 48		 NA	
rs1113120      	25993668	1	-0.511	 NA 	 49		 NA	
rs1855030      	25993972	1	-0.536	 NA 	 50		 NA	
rs836079       	25994645	1	-0.643	 NA 	 51		 NA	
rs10967149     	25996177	1	-0.489	 NA 	 52		 NA	
rs4381041      	25996780	1	-0.487	 NA 	 53		 NA	
rs475767       	25996859	1	-0.477	 NA 	 54		 NA	
rs73642436     	25998130	1	-0.399	 NA 	 55		 NA	
rs59858227     	25998256	1	-0.399	 NA 	 56		 NA	
rs494900       	25998516	1	-0.487	 NA 	 57		 NA	
rs2629929      	25999218	1	-0.515	 NA 	 58		 NA	
rs10757580     	25999238	1	-0.536	 NA 	 59		 NA	
rs10738740     	25999528	1	-0.499	 NA 	 60		 NA	
rs2629930      	25999730	1	-0.484	 NA 	 61		 NA	
rs2171101      	25999873	1	-0.483	 NA 	 62		 NA	
rs2629931      	26000001	1	-0.472	 NA 	 63		 NA	
rs564314       	26000400	1	-0.508	 NA 	 64		 NA	
rs567076       	26000731	1	-0.485	 NA 	 65		 NA	
rs567933       	26000795	1	-0.515	 NA 	 66		 NA	
rs10738741     	26001062	1	-0.487	 NA 	 67		 NA	
rs10757581     	26001355	1	-0.494	 NA 	 68		 NA	
rs72712639     	26002020	1	-0.519	 NA 	 69		 NA	
rs142182192    	26002318	1	-0.389	 NA 	 70		 NA	
rs10757582     	26002851	1	-0.481	 NA 	 71		 NA	
rs10757583     	26003540	1	-0.495	 NA 	 72		 NA	
rs1412453      	26004102	1	-0.366	 NA 	 73		 NA	
rs1332342      	26004607	1	-0.559	 NA 	 74		 NA	
rs1332340      	26005487	1	-0.482	 NA 	 75		 NA	
rs950563       	26006861	1	-0.436	 NA 	 76		 NA	
rs7855214      	26007233	1	-0.611	 NA 	 77		 NA	
rs62543693     	26007616	1	-0.638	 NA 	 78		 NA	
rs62543694     	26007745	1	-0.638	 NA 	 79		 NA	
rs2891277      	26007929	1	-0.608	 NA 	 80		 NA	
rs1412451      	26009632	1	-0.609	 NA 	 81		 NA	
rs60742222     	26010807	1	-0.602	 NA 	 82		 NA	
rs7029686      	26011044	1	-0.607	 NA 	 83		 NA	
rs7046440      	26011392	1	-0.598	 NA 	 84		 NA	
rs55994318     	26012300	1	-0.522	 NA 	 85		 NA	
rs10812334     	26012562	1	-0.397	 NA 	 86		 NA	
rs55981606     	26013156	1	-0.593	 NA 	 87		 NA	
rs2383609      	26014600	1	-0.640	 NA 	 88		 NA	
rs10812335     	26015041	1	-0.441	 NA 	 89		 NA	
rs4260971      	26016932	1	-0.606	 NA 	 90		 NA	
rs13289168     	26017620	1	-0.639	 NA 	 91		 NA	
rs55944306     	26018159	1	-0.602	 NA 	 92		 NA	
rs10738742     	26020806	1	-0.424	 NA 	 93		 NA	
rs62543699     	26021426	1	-0.641	 NA 	 94		 NA	
rs17559639     	26021612	1	-0.640	 NA 	 95		 NA	
rs17487529     	26022155	1	-0.638	 NA 	 96		 NA	
rs12003137     	26022400	1	-0.581	 NA 	 97		 NA	
rs2383610      	26022917	1	-0.408	 NA 	 98		 NA	
rs2383611      	26023021	1	-0.391	 NA 	 99		 NA	
rs7032641      	26024188	1	-0.583	 NA 	 100		 NA	
rs4978032      	26024278	1	-0.430	 NA 	 101		 NA	
rs17494006     	26024546	1	-0.610	 NA 	 102		 NA	
rs6475876      	26025378	1	-0.608	 NA 	 103		 NA	
rs10967166     	26026081	1	-0.400	 NA 	 104		 NA	
rs7868395      	26026125	1	-0.589	 NA 	 105		 NA	
rs4978034      	26029400	1	-0.405	 NA 	 106		 NA	
rs12006532     	26030629	1	-0.590	 NA 	 107		 NA	
rs62543700     	26032217	1	-0.608	 NA 	 108		 NA	
rs1412446      	26032734	1	-0.604	 NA 	 109		 NA	
rs62543701     	26033875	1	-0.523	 NA 	 110		 NA	
rs1537293      	26034255	1	-0.069	 NA 	 111		 NA	
rs12551101     	26034790	1	-0.571	 NA 	 112		 NA	
rs17494475     	26035315	1	-0.513	 NA 	 113		 NA	
rs62543705     	26036782	1	-0.599	 NA 	 114		 NA	
rs10757584     	26037885	1	-0.581	 NA 	 115		 NA	
rs10738743     	26037974	1	-0.582	 NA 	 116		 NA	
rs10757585     	26038217	1	-0.585	 NA 	 117		 NA	
rs10757586     	26038262	1	-0.580	 NA 	 118		 NA	
rs62543707     	26038530	1	-0.499	 NA 	 119		 NA	
rs59661992     	26038735	1	-0.585	 NA 	 120		 NA	
rs10757587     	26038747	1	-0.444	 NA 	 121		 NA	
rs72712650     	26039144	1	-0.608	 NA 	 122		 NA	
rs11999727     	26039406	1	-0.585	 NA 	 123		 NA	
rs35323787     	26040096	1	+0.059	 NA 	 124		 NA	
rs10967169     	26041263	1	-0.587	 NA 	 125		 NA	
rs10812336     	26041453	1	-0.583	 NA 	 126		 NA	
rs4585828      	26042270	1	-0.582	 NA 	 127		 NA	
rs1412457      	26042419	1	-0.434	 NA 	 128		 NA	
rs7035174      	26042900	1	-0.579	 NA 	 129		 NA	
rs17560681     	26044583	1	-0.602	 NA 	 130		 NA	
rs10115319     	26044837	1	-0.581	 NA 	 131		 NA	
rs10812337     	26044934	1	-0.587	 NA 	 132		 NA	
rs143288741    	26045100	1	-0.598	 NA 	 133		 NA	
rs10116844     	26046290	1	-0.620	 NA 	 134		 NA	
rs10116907     	26046547	1	-0.586	 NA 	 135		 NA	
rs10120198     	26046698	1	-0.594	 NA 	 136		 NA	
rs4500164      	26047515	1	-0.422	 NA 	 137		 NA	
rs148947709    	26047650	1	-0.595	 NA 	 138		 NA	
rs9722735      	26047996	1	-0.431	 NA 	 139		 NA	
rs10967176     	26048012	1	-0.431	 NA 	 140		 NA	
rs186758021    	26048246	1	-0.374	 NA 	 141		 NA	
rs1412447      	26051856	1	-0.591	 NA 	 142		 NA	
rs1412450      	26051960	1	-0.586	 NA 	 143		 NA	
rs4360375      	26052144	1	-0.589	 NA 	 144		 NA	
rs2383613      	26052188	1	-0.584	 NA 	 145		 NA	
rs16910110     	26052293	1	-0.588	 NA 	 146		 NA	
rs9406900      	26057295	1	-0.106	 NA 	 147		 NA	
rs7019491      	26058260	1	-0.233	 NA 	 148		 NA	
rs957252       	26059028	1	-0.176	 NA 	 149		 NA	
rs1582002      	26059961	1	-0.047	 NA 	 150		 NA	
rs1332343      	26061384	1	-0.232	 NA 	 151		 NA	
rs1412454      	26062255	1	-0.231	 NA 	 152		 NA	
rs9406901      	26062582	1	-0.448	 NA 	 153		 NA	
rs2013088      	26065137	1	-0.303	 NA 	 154		 NA	
rs1332344      	26065984	1	-0.320	 NA 	 155		 NA	
rs2383614      	26068261	1	-0.584	 NA 	 156		 NA	
rs946035       	26069415	1	-0.578	 NA 	 157		 NA	
rs78793101     	26069686	1	-0.427	 NA 	 158		 NA	
rs1412455      	26070963	1	-0.284	 NA 	 159		 NA	
rs2383615      	26074322	1	-0.224	 NA 	 160		 NA	
rs2383617      	26075002	1	-0.293	 NA 	 161		 NA	
rs7029492      	26078320	1	-0.240	 NA 	 162		 NA	
rs7029623      	26078375	1	-0.260	 NA 	 163		 NA	
rs4978040      	26078764	1	-0.501	 NA 	 164		 NA	
rs2383618      	26079175	1	-0.303	 NA 	 165		 NA	
rs9298877      	26080401	1	-0.416	 NA 	 166		 NA	
rs10812344     	26081410	1	-0.292	 NA 	 167		 NA	
rs4142161      	26082917	1	-0.244	 NA 	 168		 NA	
rs9408113      	26083445	1	-0.267	 NA 	 169		 NA	
rs4978041      	26083911	1	-0.263	 NA 	 170		 NA	
rs4978042      	26085682	1	-0.285	 NA 	 171		 NA	
rs10812346     	26086274	1	-0.452	 NA 	 172		 NA	
rs7042300      	26086866	1	-0.209	 NA 	 173		 NA	
rs10967191     	26086952	1	-0.449	 NA 	 174		 NA	
rs4978043      	26087506	1	-0.319	 NA 	 175		 NA	
rs4978044      	26087568	1	-0.291	 NA 	 176		 NA	
rs12156571     	26087576	1	-0.447	 NA 	 177		 NA	
rs10812347     	26087771	1	-0.447	 NA 	 178		 NA	
rs7046442      	26087907	1	-0.319	 NA 	 179		 NA	
