## bf=log10_BF	se=log10_std_err	pv=p-value	
rsnum	 	pos 	chr 	bf 	se 	rank 	pv
rs6499632      	53633081	1	-0.637	 NA 	 1		 NA	
rs9935278      	53661582	1	-0.449	 NA 	 2		 NA	
rs7200859      	53668575	1	-0.451	 NA 	 3		 NA	
rs2111119      	53671754	1	-0.437	 NA 	 4		 NA	
rs9921629      	53686066	1	-0.452	 NA 	 5		 NA	
rs5005161      	53698676	1	-0.450	 NA 	 6		 NA	
rs10852520     	53710873	1	-0.455	 NA 	 7		 NA	
rs28456023     	53713406	1	-0.496	 NA 	 8		 NA	
rs12597888     	53718009	1	-0.457	 NA 	 9		 NA	
rs11863714     	53718530	1	-0.458	 NA 	 10		 NA	
rs13334070     	53724970	1	-0.384	 NA 	 11		 NA	
rs7187504      	53730700	1	-0.464	 NA 	 12		 NA	
rs7204936      	53730791	1	-0.465	 NA 	 13		 NA	
rs1421092      	53734221	1	-0.462	 NA 	 14		 NA	
rs12447775     	53736998	1	-0.404	 NA 	 15		 NA	
rs58340747     	53739587	1	-0.376	 NA 	 16		 NA	
rs79627900     	53740580	1	-0.372	 NA 	 17		 NA	
rs78085561     	53740988	1	-0.380	 NA 	 18		 NA	
rs79631625     	53741926	1	-0.377	 NA 	 19		 NA	
rs12447481     	53748969	1	-0.374	 NA 	 20		 NA	
rs78433775     	53749128	1	-0.367	 NA 	 21		 NA	
rs75013915     	53749449	1	-0.369	 NA 	 22		 NA	
rs74464342     	53749518	1	-0.369	 NA 	 23		 NA	
rs12445162     	53750137	1	-0.366	 NA 	 24		 NA	
rs7206790      	53797908	1	-0.640	 NA 	 25		 NA	
rs28429148     	53798319	1	-0.656	 NA 	 26		 NA	
rs8047587      	53798622	1	-0.646	 NA 	 27		 NA	
rs9937521      	53799296	1	-0.534	 NA 	 28		 NA	
rs9937053      	53799507	1	-0.653	 NA 	 29		 NA	
rs9937354      	53799847	1	-0.653	 NA 	 30		 NA	
rs9930397      	53799985	1	-0.653	 NA 	 31		 NA	
rs9932600      	53800272	1	-0.501	 NA 	 32		 NA	
rs12446228     	53800387	1	-0.517	 NA 	 33		 NA	
rs1421085      	53800954	1	-0.649	 NA 	 34		 NA	
rs1421086      	53801343	1	-0.653	 NA 	 35		 NA	
rs9923147      	53801549	1	-0.653	 NA 	 36		 NA	
rs9923544      	53801985	1	-0.653	 NA 	 37		 NA	
rs11642015     	53802494	1	-0.645	 NA 	 38		 NA	
rs1558901      	53803187	1	-0.651	 NA 	 39		 NA	
rs62048402     	53803223	1	-0.644	 NA 	 40		 NA	
rs1558902      	53803574	1	-0.644	 NA 	 41		 NA	
rs11075985     	53805207	1	-0.649	 NA 	 42		 NA	
rs11075986     	53805344	1	-0.441	 NA 	 43		 NA	
rs56094641     	53806453	1	-0.642	 NA 	 44		 NA	
rs1477196      	53808258	1	-0.517	 NA 	 45		 NA	
rs55872725     	53809123	1	-0.644	 NA 	 46		 NA	
rs1121980      	53809247	1	-0.653	 NA 	 47		 NA	
rs7187250      	53810546	1	-0.578	 NA 	 48		 NA	
rs7193144      	53810686	1	-0.560	 NA 	 49		 NA	
rs62033399     	53810943	1	-0.574	 NA 	 50		 NA	
rs62033400     	53811788	1	-0.566	 NA 	 51		 NA	
rs8063057      	53812433	1	-0.558	 NA 	 52		 NA	
rs8057044      	53812614	1	-0.642	 NA 	 53		 NA	
rs17817449     	53813367	1	-0.549	 NA 	 54		 NA	
rs8043757      	53813450	1	-0.547	 NA 	 55		 NA	
rs8063946      	53813498	1	-0.398	 NA 	 56		 NA	
rs9972653      	53814363	1	-0.542	 NA 	 57		 NA	
rs17817497     	53815435	1	-0.548	 NA 	 58		 NA	
rs8050136      	53816275	1	-0.534	 NA 	 59		 NA	
rs4783819      	53816647	1	-0.509	 NA 	 60		 NA	
rs8051591      	53816752	1	-0.540	 NA 	 61		 NA	
rs9935401      	53816838	1	-0.537	 NA 	 62		 NA	
rs9933509      	53818167	1	-0.540	 NA 	 63		 NA	
rs3751812      	53818460	1	-0.537	 NA 	 64		 NA	
rs3751814      	53818724	1	-0.519	 NA 	 65		 NA	
rs9931900      	53818813	1	-0.530	 NA 	 66		 NA	
rs56313538     	53818834	1	-0.511	 NA 	 67		 NA	
rs9936385      	53819169	1	-0.522	 NA 	 68		 NA	
rs9923233      	53819198	1	-0.519	 NA 	 69		 NA	
rs9923312      	53819367	1	-0.519	 NA 	 70		 NA	
rs11075988     	53819771	1	-0.519	 NA 	 71		 NA	
rs11075989     	53819877	1	-0.519	 NA 	 72		 NA	
rs11075990     	53819893	1	-0.519	 NA 	 73		 NA	
rs11075991     	53819937	1	-0.519	 NA 	 74		 NA	
rs11075992     	53820066	1	-0.519	 NA 	 75		 NA	
rs9926289      	53820503	1	-0.529	 NA 	 76		 NA	
rs9939609      	53820527	1	-0.519	 NA 	 77		 NA	
rs9937709      	53820813	1	-0.543	 NA 	 78		 NA	
rs9927317      	53820996	1	-0.536	 NA 	 79		 NA	
rs17817712     	53821125	1	-0.543	 NA 	 80		 NA	
rs7206410      	53821297	1	-0.539	 NA 	 81		 NA	
rs7206629      	53821413	1	-0.560	 NA 	 82		 NA	
rs7202116      	53821615	1	-0.539	 NA 	 83		 NA	
rs7202296      	53821690	1	-0.540	 NA 	 84		 NA	
rs7201850      	53821862	1	-0.561	 NA 	 85		 NA	
rs66908032     	53822142	1	-0.534	 NA 	 86		 NA	
rs72803697     	53822183	1	-0.534	 NA 	 87		 NA	
rs62033403     	53822237	1	-0.534	 NA 	 88		 NA	
rs62033405     	53822387	1	-0.557	 NA 	 89		 NA	
rs7206122      	53822440	1	-0.541	 NA 	 90		 NA	
rs7190396      	53822502	1	-0.541	 NA 	 91		 NA	
rs7185735      	53822651	1	-0.542	 NA 	 92		 NA	
rs2042031      	53823718	1	-0.474	 NA 	 93		 NA	
rs79994966     	53823727	1	-0.564	 NA 	 94		 NA	
rs9941349      	53825488	1	-0.583	 NA 	 95		 NA	
rs56137030     	53825905	1	-0.563	 NA 	 96		 NA	
rs28567725     	53826028	1	-0.584	 NA 	 97		 NA	
rs9931494      	53827179	1	-0.587	 NA 	 98		 NA	
rs10468280     	53827479	1	-0.566	 NA 	 99		 NA	
rs62033408     	53827962	1	-0.568	 NA 	 100		 NA	
rs17817964     	53828066	1	-0.589	 NA 	 101		 NA	
rs7190492      	53828752	1	-0.491	 NA 	 102		 NA	
rs62033413     	53830055	1	-0.484	 NA 	 103		 NA	
rs9930501      	53830452	1	-0.547	 NA 	 104		 NA	
rs9930506      	53830465	1	-0.552	 NA 	 105		 NA	
rs9932754      	53830491	1	-0.547	 NA 	 106		 NA	
rs9933040      	53830867	1	-0.548	 NA 	 107		 NA	
rs9922708      	53831146	1	-0.536	 NA 	 108		 NA	
rs72805611     	53831354	1	-0.489	 NA 	 109		 NA	
rs9922619      	53831771	1	-0.548	 NA 	 110		 NA	
rs7188250      	53834607	1	-0.475	 NA 	 111		 NA	
rs11075993     	53837144	1	-0.491	 NA 	 112		 NA	
rs72805613     	53837342	1	-0.491	 NA 	 113		 NA	
rs8044769      	53839135	1	-0.589	 NA 	 114		 NA	
rs12149574     	53840525	1	-0.497	 NA 	 115		 NA	
rs12149832     	53842908	1	-0.503	 NA 	 116		 NA	
rs11649091     	53845169	1	-0.479	 NA 	 117		 NA	
rs11642841     	53845487	1	-0.513	 NA 	 118		 NA	
rs11075994     	53850079	1	-0.531	 NA 	 119		 NA	
rs1421090      	53850170	1	-0.498	 NA 	 120		 NA	
