## note:bf=log10(Bayes Factor), mapping between SNP ID and its label(rank) are in .single file.
 bf 	 se		snp1		snp2
-0.500  NA   		1		NA
-0.506  NA   		2		NA
-0.156  NA   		3		NA
-0.506  NA   		4		NA
-0.505  NA   		5		NA
-0.493  NA   		6		NA
-0.119  NA   		7		NA
-0.504  NA   		8		NA
-0.506  NA   		9		NA
-0.423  NA   		10		NA
-0.505  NA   		11		NA
-0.421  NA   		12		NA
-0.504  NA   		13		NA
-0.195  NA   		14		NA
-0.196  NA   		15		NA
-0.211  NA   		16		NA
-0.179  NA   		17		NA
-0.208  NA   		18		NA
-0.506  NA   		19		NA
-0.506  NA   		20		NA
-0.506  NA   		21		NA
-0.540  NA   		22		NA
-0.506  NA   		23		NA
-0.354  NA   		24		NA
-0.209  NA   		25		NA
-0.504  NA   		26		NA
-0.504  NA   		27		NA
-0.504  NA   		28		NA
-0.351  NA   		29		NA
-0.507  NA   		30		NA
-0.507  NA   		31		NA
-0.550  NA   		32		NA
-0.507  NA   		33		NA
-0.531  NA   		34		NA
-0.362  NA   		35		NA
-0.203  NA   		36		NA
-0.579  NA   		37		NA
-0.574  NA   		38		NA
-0.327  NA   		39		NA
-0.562  NA   		40		NA
-0.561  NA   		41		NA
-0.568  NA   		42		NA
-0.570  NA   		43		NA
-0.572  NA   		44		NA
-0.574  NA   		45		NA
-0.576  NA   		46		NA
-0.564  NA   		47		NA
-0.576  NA   		48		NA
-0.576  NA   		49		NA
-0.578  NA   		50		NA
-0.578  NA   		51		NA
-0.586  NA   		52		NA
-0.587  NA   		53		NA
-0.593  NA   		54		NA
-0.569  NA   		55		NA
-0.571  NA   		56		NA
-0.605  NA   		57		NA
-0.388  NA   		58		NA
-0.303  NA   		59		NA
-0.362  NA   		60		NA
-0.282  NA   		61		NA
-0.282  NA   		62		NA
-0.548  NA   		63		NA
-0.457  NA   		64		NA
-0.549  NA   		65		NA
-0.583  NA   		66		NA
-0.593  NA   		67		NA
-0.580  NA   		68		NA
-0.633  NA   		1		2
-0.498  NA   		1		3
-0.631  NA   		1		4
-0.628  NA   		1		5
-0.553  NA   		1		6
-0.472  NA   		1		7
-0.620  NA   		1		8
-0.638  NA   		1		9
-0.707  NA   		1		10
-0.634  NA   		1		11
-0.705  NA   		1		12
-0.618  NA   		1		13
-0.545  NA   		1		14
-0.546  NA   		1		15
-0.553  NA   		1		16
-0.521  NA   		1		17
-0.558  NA   		1		18
-0.646  NA   		1		19
-0.646  NA   		1		20
-0.647  NA   		1		21
-0.773  NA   		1		22
-0.655  NA   		1		23
-0.727  NA   		1		24
-0.558  NA   		1		25
-0.649  NA   		1		26
-0.649  NA   		1		27
-0.649  NA   		1		28
-0.725  NA   		1		29
-0.658  NA   		1		30
-0.661  NA   		1		31
-0.790  NA   		1		32
-0.663  NA   		1		33
-0.760  NA   		1		34
-0.735  NA   		1		35
-0.553  NA   		1		36
-0.907  NA   		1		37
-0.902  NA   		1		38
-0.704  NA   		1		39
-0.889  NA   		1		40
-0.889  NA   		1		41
-0.895  NA   		1		42
-0.898  NA   		1		43
-0.899  NA   		1		44
-0.902  NA   		1		45
-0.904  NA   		1		46
-0.893  NA   		1		47
-0.906  NA   		1		48
-0.906  NA   		1		49
-0.906  NA   		1		50
-0.906  NA   		1		51
-0.914  NA   		1		52
-0.916  NA   		1		53
-0.922  NA   		1		54
-0.898  NA   		1		55
-0.901  NA   		1		56
-0.942  NA   		1		57
-0.749  NA   		1		58
-0.667  NA   		1		59
-0.723  NA   		1		60
-0.647  NA   		1		61
-0.647  NA   		1		62
-0.902  NA   		1		63
-0.816  NA   		1		64
-0.903  NA   		1		65
-0.934  NA   		1		66
-0.944  NA   		1		67
-0.932  NA   		1		68
-0.517  NA   		2		3
-0.630  NA   		2		4
-0.629  NA   		2		5
-0.584  NA   		2		6
-0.489  NA   		2		7
-0.628  NA   		2		8
-0.640  NA   		2		9
-0.714  NA   		2		10
-0.637  NA   		2		11
-0.712  NA   		2		12
-0.629  NA   		2		13
-0.562  NA   		2		14
-0.563  NA   		2		15
-0.571  NA   		2		16
-0.539  NA   		2		17
-0.575  NA   		2		18
-0.649  NA   		2		19
-0.649  NA   		2		20
-0.650  NA   		2		21
-0.793  NA   		2		22
-0.651  NA   		2		23
-0.732  NA   		2		24
-0.575  NA   		2		25
-0.654  NA   		2		26
-0.654  NA   		2		27
-0.654  NA   		2		28
-0.730  NA   		2		29
-0.656  NA   		2		30
-0.656  NA   		2		31
-0.808  NA   		2		32
-0.656  NA   		2		33
-0.783  NA   		2		34
-0.740  NA   		2		35
-0.570  NA   		2		36
-0.901  NA   		2		37
-0.896  NA   		2		38
-0.709  NA   		2		39
-0.882  NA   		2		40
-0.882  NA   		2		41
-0.889  NA   		2		42
-0.892  NA   		2		43
-0.894  NA   		2		44
-0.896  NA   		2		45
-0.899  NA   		2		46
-0.888  NA   		2		47
-0.901  NA   		2		48
-0.901  NA   		2		49
-0.900  NA   		2		50
-0.901  NA   		2		51
-0.909  NA   		2		52
-0.911  NA   		2		53
-0.918  NA   		2		54
-0.893  NA   		2		55
-0.896  NA   		2		56
-0.941  NA   		2		57
-0.756  NA   		2		58
-0.674  NA   		2		59
-0.730  NA   		2		60
-0.654  NA   		2		61
-0.654  NA   		2		62
-0.907  NA   		2		63
-0.821  NA   		2		64
-0.908  NA   		2		65
-0.940  NA   		2		66
-0.950  NA   		2		67
-0.937  NA   		2		68
-0.518  NA   		3		4
-0.518  NA   		3		5
-0.523  NA   		3		6
-0.371  NA   		3		7
-0.520  NA   		3		8
-0.520  NA   		3		9
-0.460  NA   		3		10
-0.519  NA   		3		11
-0.460  NA   		3		12
-0.521  NA   		3		13
-0.408  NA   		3		14
-0.408  NA   		3		15
-0.291  NA   		3		16
-0.287  NA   		3		17
-0.414  NA   		3		18
-0.519  NA   		3		19
-0.519  NA   		3		20
-0.519  NA   		3		21
-0.580  NA   		3		22
-0.515  NA   		3		23
-0.424  NA   		3		24
-0.415  NA   		3		25
-0.519  NA   		3		26
-0.519  NA   		3		27
-0.518  NA   		3		28
-0.422  NA   		3		29
-0.516  NA   		3		30
-0.515  NA   		3		31
-0.581  NA   		3		32
-0.514  NA   		3		33
-0.581  NA   		3		34
-0.429  NA   		3		35
-0.415  NA   		3		36
-0.610  NA   		3		37
-0.611  NA   		3		38
-0.410  NA   		3		39
-0.613  NA   		3		40
-0.613  NA   		3		41
-0.611  NA   		3		42
-0.611  NA   		3		43
-0.610  NA   		3		44
-0.610  NA   		3		45
-0.609  NA   		3		46
-0.616  NA   		3		47
-0.614  NA   		3		48
-0.614  NA   		3		49
-0.609  NA   		3		50
-0.609  NA   		3		51
-0.606  NA   		3		52
-0.605  NA   		3		53
-0.603  NA   		3		54
-0.615  NA   		3		55
-0.615  NA   		3		56
-0.635  NA   		3		57
-0.355  NA   		3		58
-0.262  NA   		3		59
-0.324  NA   		3		60
-0.239  NA   		3		61
-0.240  NA   		3		62
-0.573  NA   		3		63
-0.481  NA   		3		64
-0.574  NA   		3		65
-0.606  NA   		3		66
-0.616  NA   		3		67
-0.603  NA   		3		68
-0.629  NA   		4		5
-0.587  NA   		4		6
-0.490  NA   		4		7
-0.628  NA   		4		8
-0.639  NA   		4		9
-0.714  NA   		4		10
-0.636  NA   		4		11
-0.713  NA   		4		12
-0.629  NA   		4		13
-0.562  NA   		4		14
-0.563  NA   		4		15
-0.572  NA   		4		16
-0.540  NA   		4		17
-0.575  NA   		4		18
-0.648  NA   		4		19
-0.649  NA   		4		20
-0.649  NA   		4		21
-0.794  NA   		4		22
-0.649  NA   		4		23
-0.732  NA   		4		24
-0.575  NA   		4		25
-0.654  NA   		4		26
-0.654  NA   		4		27
-0.654  NA   		4		28
-0.729  NA   		4		29
-0.655  NA   		4		30
-0.655  NA   		4		31
-0.808  NA   		4		32
-0.655  NA   		4		33
-0.783  NA   		4		34
-0.739  NA   		4		35
-0.570  NA   		4		36
-0.900  NA   		4		37
-0.895  NA   		4		38
-0.709  NA   		4		39
-0.881  NA   		4		40
-0.881  NA   		4		41
-0.889  NA   		4		42
-0.891  NA   		4		43
-0.893  NA   		4		44
-0.896  NA   		4		45
-0.898  NA   		4		46
-0.887  NA   		4		47
-0.900  NA   		4		48
-0.900  NA   		4		49
-0.900  NA   		4		50
-0.900  NA   		4		51
-0.909  NA   		4		52
-0.911  NA   		4		53
-0.917  NA   		4		54
-0.892  NA   		4		55
-0.895  NA   		4		56
-0.940  NA   		4		57
-0.755  NA   		4		58
-0.674  NA   		4		59
-0.730  NA   		4		60
-0.654  NA   		4		61
-0.654  NA   		4		62
-0.907  NA   		4		63
-0.821  NA   		4		64
-0.908  NA   		4		65
-0.940  NA   		4		66
-0.949  NA   		4		67
-0.937  NA   		4		68
-0.592  NA   		5		6
-0.490  NA   		5		7
-0.628  NA   		5		8
-0.639  NA   		5		9
-0.714  NA   		5		10
-0.635  NA   		5		11
-0.713  NA   		5		12
-0.629  NA   		5		13
-0.563  NA   		5		14
-0.564  NA   		5		15
-0.572  NA   		5		16
-0.541  NA   		5		17
-0.575  NA   		5		18
-0.647  NA   		5		19
-0.648  NA   		5		20
-0.648  NA   		5		21
-0.794  NA   		5		22
-0.648  NA   		5		23
-0.731  NA   		5		24
-0.576  NA   		5		25
-0.653  NA   		5		26
-0.653  NA   		5		27
-0.653  NA   		5		28
-0.729  NA   		5		29
-0.653  NA   		5		30
-0.653  NA   		5		31
-0.808  NA   		5		32
-0.653  NA   		5		33
-0.784  NA   		5		34
-0.739  NA   		5		35
-0.570  NA   		5		36
-0.899  NA   		5		37
-0.894  NA   		5		38
-0.709  NA   		5		39
-0.880  NA   		5		40
-0.880  NA   		5		41
-0.887  NA   		5		42
-0.890  NA   		5		43
-0.892  NA   		5		44
-0.894  NA   		5		45
-0.897  NA   		5		46
-0.886  NA   		5		47
-0.899  NA   		5		48
-0.899  NA   		5		49
-0.898  NA   		5		50
-0.899  NA   		5		51
-0.907  NA   		5		52
-0.910  NA   		5		53
-0.916  NA   		5		54
-0.891  NA   		5		55
-0.894  NA   		5		56
-0.939  NA   		5		57
-0.755  NA   		5		58
-0.673  NA   		5		59
-0.730  NA   		5		60
-0.654  NA   		5		61
-0.654  NA   		5		62
-0.906  NA   		5		63
-0.821  NA   		5		64
-0.908  NA   		5		65
-0.939  NA   		5		66
-0.949  NA   		5		67
-0.937  NA   		5		68
-0.492  NA   		6		7
-0.604  NA   		6		8
-0.605  NA   		6		9
-0.710  NA   		6		10
-0.601  NA   		6		11
-0.709  NA   		6		12
-0.611  NA   		6		13
-0.565  NA   		6		14
-0.566  NA   		6		15
-0.576  NA   		6		16
-0.545  NA   		6		17
-0.577  NA   		6		18
-0.618  NA   		6		19
-0.618  NA   		6		20
-0.618  NA   		6		21
-0.801  NA   		6		22
-0.605  NA   		6		23
-0.718  NA   		6		24
-0.578  NA   		6		25
-0.628  NA   		6		26
-0.628  NA   		6		27
-0.628  NA   		6		28
-0.716  NA   		6		29
-0.615  NA   		6		30
-0.612  NA   		6		31
-0.811  NA   		6		32
-0.608  NA   		6		33
-0.794  NA   		6		34
-0.726  NA   		6		35
-0.572  NA   		6		36
-0.875  NA   		6		37
-0.869  NA   		6		38
-0.696  NA   		6		39
-0.854  NA   		6		40
-0.854  NA   		6		41
-0.862  NA   		6		42
-0.865  NA   		6		43
-0.867  NA   		6		44
-0.869  NA   		6		45
-0.872  NA   		6		46
-0.861  NA   		6		47
-0.875  NA   		6		48
-0.875  NA   		6		49
-0.874  NA   		6		50
-0.874  NA   		6		51
-0.884  NA   		6		52
-0.886  NA   		6		53
-0.893  NA   		6		54
-0.866  NA   		6		55
-0.869  NA   		6		56
-0.919  NA   		6		57
-0.744  NA   		6		58
-0.663  NA   		6		59
-0.719  NA   		6		60
-0.643  NA   		6		61
-0.643  NA   		6		62
-0.894  NA   		6		63
-0.809  NA   		6		64
-0.895  NA   		6		65
-0.927  NA   		6		66
-0.937  NA   		6		67
-0.925  NA   		6		68
-0.491  NA   		7		8
-0.491  NA   		7		9
-0.428  NA   		7		10
-0.491  NA   		7		11
-0.428  NA   		7		12
-0.492  NA   		7		13
-0.225  NA   		7		14
-0.225  NA   		7		15
-0.397  NA   		7		16
-0.383  NA   		7		17
-0.240  NA   		7		18
-0.490  NA   		7		19
-0.490  NA   		7		20
-0.490  NA   		7		21
-0.550  NA   		7		22
-0.487  NA   		7		23
-0.388  NA   		7		24
-0.251  NA   		7		25
-0.490  NA   		7		26
-0.490  NA   		7		27
-0.490  NA   		7		28
-0.386  NA   		7		29
-0.488  NA   		7		30
-0.488  NA   		7		31
-0.553  NA   		7		32
-0.486  NA   		7		33
-0.550  NA   		7		34
-0.393  NA   		7		35
-0.268  NA   		7		36
-0.599  NA   		7		37
-0.600  NA   		7		38
-0.373  NA   		7		39
-0.599  NA   		7		40
-0.599  NA   		7		41
-0.599  NA   		7		42
-0.599  NA   		7		43
-0.599  NA   		7		44
-0.599  NA   		7		45
-0.598  NA   		7		46
-0.600  NA   		7		47
-0.601  NA   		7		48
-0.601  NA   		7		49
-0.598  NA   		7		50
-0.598  NA   		7		51
-0.597  NA   		7		52
-0.597  NA   		7		53
-0.596  NA   		7		54
-0.600  NA   		7		55
-0.600  NA   		7		56
-0.615  NA   		7		57
-0.317  NA   		7		58
-0.223  NA   		7		59
-0.286  NA   		7		60
-0.201  NA   		7		61
-0.201  NA   		7		62
-0.534  NA   		7		63
-0.439  NA   		7		64
-0.534  NA   		7		65
-0.567  NA   		7		66
-0.578  NA   		7		67
-0.565  NA   		7		68
-0.636  NA   		8		9
-0.714  NA   		8		10
-0.632  NA   		8		11
-0.713  NA   		8		12
-0.629  NA   		8		13
-0.564  NA   		8		14
-0.565  NA   		8		15
-0.574  NA   		8		16
-0.542  NA   		8		17
-0.577  NA   		8		18
-0.644  NA   		8		19
-0.644  NA   		8		20
-0.644  NA   		8		21
-0.796  NA   		8		22
-0.642  NA   		8		23
-0.730  NA   		8		24
-0.577  NA   		8		25
-0.650  NA   		8		26
-0.650  NA   		8		27
-0.650  NA   		8		28
-0.728  NA   		8		29
-0.648  NA   		8		30
-0.648  NA   		8		31
-0.810  NA   		8		32
-0.647  NA   		8		33
-0.786  NA   		8		34
-0.738  NA   		8		35
-0.572  NA   		8		36
-0.896  NA   		8		37
-0.891  NA   		8		38
-0.707  NA   		8		39
-0.877  NA   		8		40
-0.877  NA   		8		41
-0.884  NA   		8		42
-0.887  NA   		8		43
-0.889  NA   		8		44
-0.891  NA   		8		45
-0.893  NA   		8		46
-0.883  NA   		8		47
-0.896  NA   		8		48
-0.896  NA   		8		49
-0.895  NA   		8		50
-0.895  NA   		8		51
-0.904  NA   		8		52
-0.907  NA   		8		53
-0.913  NA   		8		54
-0.887  NA   		8		55
-0.891  NA   		8		56
-0.937  NA   		8		57
-0.754  NA   		8		58
-0.673  NA   		8		59
-0.729  NA   		8		60
-0.653  NA   		8		61
-0.653  NA   		8		62
-0.905  NA   		8		63
-0.820  NA   		8		64
-0.907  NA   		8		65
-0.938  NA   		8		66
-0.948  NA   		8		67
-0.936  NA   		8		68
-0.715  NA   		9		10
-0.642  NA   		9		11
-0.713  NA   		9		12
-0.636  NA   		9		13
-0.564  NA   		9		14
-0.565  NA   		9		15
-0.573  NA   		9		16
-0.542  NA   		9		17
-0.576  NA   		9		18
-0.651  NA   		9		19
-0.652  NA   		9		20
-0.652  NA   		9		21
-0.795  NA   		9		22
-0.652  NA   		9		23
-0.732  NA   		9		24
-0.577  NA   		9		25
-0.656  NA   		9		26
-0.656  NA   		9		27
-0.656  NA   		9		28
-0.730  NA   		9		29
-0.657  NA   		9		30
-0.657  NA   		9		31
-0.809  NA   		9		32
-0.657  NA   		9		33
-0.785  NA   		9		34
-0.739  NA   		9		35
-0.571  NA   		9		36
-0.899  NA   		9		37
-0.894  NA   		9		38
-0.709  NA   		9		39
-0.880  NA   		9		40
-0.880  NA   		9		41
-0.887  NA   		9		42
-0.890  NA   		9		43
-0.892  NA   		9		44
-0.894  NA   		9		45
-0.897  NA   		9		46
-0.886  NA   		9		47
-0.899  NA   		9		48
-0.899  NA   		9		49
-0.898  NA   		9		50
-0.899  NA   		9		51
-0.908  NA   		9		52
-0.910  NA   		9		53
-0.916  NA   		9		54
-0.891  NA   		9		55
-0.894  NA   		9		56
-0.940  NA   		9		57
-0.756  NA   		9		58
-0.674  NA   		9		59
-0.730  NA   		9		60
-0.654  NA   		9		61
-0.654  NA   		9		62
-0.907  NA   		9		63
-0.821  NA   		9		64
-0.908  NA   		9		65
-0.940  NA   		9		66
-0.950  NA   		9		67
-0.937  NA   		9		68
-0.715  NA   		10		11
-0.536  NA   		10		12
-0.714  NA   		10		13
-0.500  NA   		10		14
-0.501  NA   		10		15
-0.512  NA   		10		16
-0.481  NA   		10		17
-0.513  NA   		10		18
-0.716  NA   		10		19
-0.716  NA   		10		20
-0.716  NA   		10		21
-0.785  NA   		10		22
-0.715  NA   		10		23
-0.656  NA   		10		24
-0.513  NA   		10		25
-0.717  NA   		10		26
-0.717  NA   		10		27
-0.717  NA   		10		28
-0.653  NA   		10		29
-0.716  NA   		10		30
-0.716  NA   		10		31
-0.794  NA   		10		32
-0.716  NA   		10		33
-0.778  NA   		10		34
-0.663  NA   		10		35
-0.508  NA   		10		36
-0.836  NA   		10		37
-0.831  NA   		10		38
-0.634  NA   		10		39
-0.817  NA   		10		40
-0.817  NA   		10		41
-0.824  NA   		10		42
-0.827  NA   		10		43
-0.829  NA   		10		44
-0.831  NA   		10		45
-0.833  NA   		10		46
-0.822  NA   		10		47
-0.835  NA   		10		48
-0.835  NA   		10		49
-0.835  NA   		10		50
-0.835  NA   		10		51
-0.844  NA   		10		52
-0.846  NA   		10		53
-0.852  NA   		10		54
-0.826  NA   		10		55
-0.829  NA   		10		56
-0.871  NA   		10		57
-0.680  NA   		10		58
-0.597  NA   		10		59
-0.654  NA   		10		60
-0.578  NA   		10		61
-0.578  NA   		10		62
-0.832  NA   		10		63
-0.746  NA   		10		64
-0.833  NA   		10		65
-0.865  NA   		10		66
-0.875  NA   		10		67
-0.863  NA   		10		68
-0.713  NA   		11		12
-0.630  NA   		11		13
-0.563  NA   		11		14
-0.564  NA   		11		15
-0.573  NA   		11		16
-0.541  NA   		11		17
-0.576  NA   		11		18
-0.645  NA   		11		19
-0.645  NA   		11		20
-0.645  NA   		11		21
-0.794  NA   		11		22
-0.645  NA   		11		23
-0.731  NA   		11		24
-0.576  NA   		11		25
-0.651  NA   		11		26
-0.651  NA   		11		27
-0.651  NA   		11		28
-0.729  NA   		11		29
-0.651  NA   		11		30
-0.651  NA   		11		31
-0.808  NA   		11		32
-0.650  NA   		11		33
-0.783  NA   		11		34
-0.739  NA   		11		35
-0.571  NA   		11		36
-0.898  NA   		11		37
-0.893  NA   		11		38
-0.709  NA   		11		39
-0.879  NA   		11		40
-0.879  NA   		11		41
-0.886  NA   		11		42
-0.889  NA   		11		43
-0.891  NA   		11		44
-0.893  NA   		11		45
-0.896  NA   		11		46
-0.885  NA   		11		47
-0.898  NA   		11		48
-0.898  NA   		11		49
-0.898  NA   		11		50
-0.898  NA   		11		51
-0.907  NA   		11		52
-0.909  NA   		11		53
-0.915  NA   		11		54
-0.890  NA   		11		55
-0.893  NA   		11		56
-0.939  NA   		11		57
-0.755  NA   		11		58
-0.673  NA   		11		59
-0.730  NA   		11		60
-0.654  NA   		11		61
-0.654  NA   		11		62
-0.906  NA   		11		63
-0.821  NA   		11		64
-0.908  NA   		11		65
-0.939  NA   		11		66
-0.949  NA   		11		67
-0.937  NA   		11		68
-0.713  NA   		12		13
-0.500  NA   		12		14
-0.501  NA   		12		15
-0.512  NA   		12		16
-0.481  NA   		12		17
-0.512  NA   		12		18
-0.714  NA   		12		19
-0.714  NA   		12		20
-0.714  NA   		12		21
-0.784  NA   		12		22
-0.713  NA   		12		23
-0.654  NA   		12		24
-0.513  NA   		12		25
-0.715  NA   		12		26
-0.715  NA   		12		27
-0.715  NA   		12		28
-0.652  NA   		12		29
-0.714  NA   		12		30
-0.714  NA   		12		31
-0.794  NA   		12		32
-0.713  NA   		12		33
-0.777  NA   		12		34
-0.662  NA   		12		35
-0.508  NA   		12		36
-0.833  NA   		12		37
-0.828  NA   		12		38
-0.632  NA   		12		39
-0.815  NA   		12		40
-0.814  NA   		12		41
-0.821  NA   		12		42
-0.824  NA   		12		43
-0.826  NA   		12		44
-0.828  NA   		12		45
-0.831  NA   		12		46
-0.819  NA   		12		47
-0.832  NA   		12		48
-0.832  NA   		12		49
-0.832  NA   		12		50
-0.833  NA   		12		51
-0.841  NA   		12		52
-0.843  NA   		12		53
-0.849  NA   		12		54
-0.824  NA   		12		55
-0.827  NA   		12		56
-0.869  NA   		12		57
-0.678  NA   		12		58
-0.596  NA   		12		59
-0.653  NA   		12		60
-0.576  NA   		12		61
-0.576  NA   		12		62
-0.830  NA   		12		63
-0.745  NA   		12		64
-0.832  NA   		12		65
-0.863  NA   		12		66
-0.873  NA   		12		67
-0.861  NA   		12		68
-0.564  NA   		13		14
-0.566  NA   		13		15
-0.574  NA   		13		16
-0.543  NA   		13		17
-0.577  NA   		13		18
-0.638  NA   		13		19
-0.638  NA   		13		20
-0.638  NA   		13		21
-0.797  NA   		13		22
-0.635  NA   		13		23
-0.729  NA   		13		24
-0.578  NA   		13		25
-0.645  NA   		13		26
-0.645  NA   		13		27
-0.645  NA   		13		28
-0.727  NA   		13		29
-0.642  NA   		13		30
-0.641  NA   		13		31
-0.810  NA   		13		32
-0.640  NA   		13		33
-0.787  NA   		13		34
-0.737  NA   		13		35
-0.572  NA   		13		36
-0.894  NA   		13		37
-0.889  NA   		13		38
-0.707  NA   		13		39
-0.875  NA   		13		40
-0.875  NA   		13		41
-0.882  NA   		13		42
-0.885  NA   		13		43
-0.887  NA   		13		44
-0.889  NA   		13		45
-0.891  NA   		13		46
-0.881  NA   		13		47
-0.894  NA   		13		48
-0.894  NA   		13		49
-0.893  NA   		13		50
-0.894  NA   		13		51
-0.903  NA   		13		52
-0.905  NA   		13		53
-0.911  NA   		13		54
-0.885  NA   		13		55
-0.889  NA   		13		56
-0.936  NA   		13		57
-0.754  NA   		13		58
-0.672  NA   		13		59
-0.728  NA   		13		60
-0.652  NA   		13		61
-0.652  NA   		13		62
-0.905  NA   		13		63
-0.819  NA   		13		64
-0.906  NA   		13		65
-0.937  NA   		13		66
-0.947  NA   		13		67
-0.935  NA   		13		68
-0.299  NA   		14		15
-0.442  NA   		14		16
-0.422  NA   		14		17
-0.314  NA   		14		18
-0.563  NA   		14		19
-0.563  NA   		14		20
-0.563  NA   		14		21
-0.621  NA   		14		22
-0.560  NA   		14		23
-0.459  NA   		14		24
-0.321  NA   		14		25
-0.562  NA   		14		26
-0.562  NA   		14		27
-0.562  NA   		14		28
-0.457  NA   		14		29
-0.561  NA   		14		30
-0.560  NA   		14		31
-0.624  NA   		14		32
-0.559  NA   		14		33
-0.620  NA   		14		34
-0.464  NA   		14		35
-0.329  NA   		14		36
-0.672  NA   		14		37
-0.672  NA   		14		38
-0.443  NA   		14		39
-0.670  NA   		14		40
-0.670  NA   		14		41
-0.671  NA   		14		42
-0.671  NA   		14		43
-0.671  NA   		14		44
-0.671  NA   		14		45
-0.671  NA   		14		46
-0.671  NA   		14		47
-0.673  NA   		14		48
-0.673  NA   		14		49
-0.671  NA   		14		50
-0.671  NA   		14		51
-0.671  NA   		14		52
-0.671  NA   		14		53
-0.670  NA   		14		54
-0.671  NA   		14		55
-0.672  NA   		14		56
-0.688  NA   		14		57
-0.394  NA   		14		58
-0.302  NA   		14		59
-0.364  NA   		14		60
-0.280  NA   		14		61
-0.280  NA   		14		62
-0.606  NA   		14		63
-0.513  NA   		14		64
-0.607  NA   		14		65
-0.640  NA   		14		66
-0.650  NA   		14		67
-0.638  NA   		14		68
-0.443  NA   		15		16
-0.423  NA   		15		17
-0.315  NA   		15		18
-0.564  NA   		15		19
-0.564  NA   		15		20
-0.564  NA   		15		21
-0.623  NA   		15		22
-0.561  NA   		15		23
-0.460  NA   		15		24
-0.322  NA   		15		25
-0.564  NA   		15		26
-0.564  NA   		15		27
-0.564  NA   		15		28
-0.458  NA   		15		29
-0.562  NA   		15		30
-0.562  NA   		15		31
-0.625  NA   		15		32
-0.560  NA   		15		33
-0.622  NA   		15		34
-0.465  NA   		15		35
-0.330  NA   		15		36
-0.673  NA   		15		37
-0.673  NA   		15		38
-0.444  NA   		15		39
-0.672  NA   		15		40
-0.671  NA   		15		41
-0.672  NA   		15		42
-0.672  NA   		15		43
-0.672  NA   		15		44
-0.672  NA   		15		45
-0.672  NA   		15		46
-0.673  NA   		15		47
-0.674  NA   		15		48
-0.674  NA   		15		49
-0.672  NA   		15		50
-0.672  NA   		15		51
-0.672  NA   		15		52
-0.672  NA   		15		53
-0.672  NA   		15		54
-0.673  NA   		15		55
-0.673  NA   		15		56
-0.689  NA   		15		57
-0.396  NA   		15		58
-0.303  NA   		15		59
-0.365  NA   		15		60
-0.281  NA   		15		61
-0.281  NA   		15		62
-0.607  NA   		15		63
-0.514  NA   		15		64
-0.608  NA   		15		65
-0.641  NA   		15		66
-0.652  NA   		15		67
-0.639  NA   		15		68
-0.293  NA   		16		17
-0.449  NA   		16		18
-0.572  NA   		16		19
-0.572  NA   		16		20
-0.572  NA   		16		21
-0.632  NA   		16		22
-0.569  NA   		16		23
-0.474  NA   		16		24
-0.450  NA   		16		25
-0.572  NA   		16		26
-0.572  NA   		16		27
-0.572  NA   		16		28
-0.473  NA   		16		29
-0.570  NA   		16		30
-0.569  NA   		16		31
-0.633  NA   		16		32
-0.568  NA   		16		33
-0.632  NA   		16		34
-0.479  NA   		16		35
-0.449  NA   		16		36
-0.663  NA   		16		37
-0.664  NA   		16		38
-0.460  NA   		16		39
-0.665  NA   		16		40
-0.665  NA   		16		41
-0.664  NA   		16		42
-0.664  NA   		16		43
-0.663  NA   		16		44
-0.663  NA   		16		45
-0.662  NA   		16		46
-0.668  NA   		16		47
-0.667  NA   		16		48
-0.667  NA   		16		49
-0.662  NA   		16		50
-0.662  NA   		16		51
-0.660  NA   		16		52
-0.660  NA   		16		53
-0.658  NA   		16		54
-0.667  NA   		16		55
-0.667  NA   		16		56
-0.688  NA   		16		57
-0.410  NA   		16		58
-0.318  NA   		16		59
-0.380  NA   		16		60
-0.296  NA   		16		61
-0.296  NA   		16		62
-0.625  NA   		16		63
-0.533  NA   		16		64
-0.626  NA   		16		65
-0.657  NA   		16		66
-0.667  NA   		16		67
-0.655  NA   		16		68
-0.428  NA   		17		18
-0.540  NA   		17		19
-0.540  NA   		17		20
-0.540  NA   		17		21
-0.601  NA   		17		22
-0.537  NA   		17		23
-0.444  NA   		17		24
-0.429  NA   		17		25
-0.540  NA   		17		26
-0.540  NA   		17		27
-0.540  NA   		17		28
-0.443  NA   		17		29
-0.538  NA   		17		30
-0.537  NA   		17		31
-0.603  NA   		17		32
-0.536  NA   		17		33
-0.602  NA   		17		34
-0.449  NA   		17		35
-0.428  NA   		17		36
-0.631  NA   		17		37
-0.632  NA   		17		38
-0.431  NA   		17		39
-0.634  NA   		17		40
-0.634  NA   		17		41
-0.633  NA   		17		42
-0.632  NA   		17		43
-0.632  NA   		17		44
-0.631  NA   		17		45
-0.631  NA   		17		46
-0.637  NA   		17		47
-0.636  NA   		17		48
-0.636  NA   		17		49
-0.630  NA   		17		50
-0.630  NA   		17		51
-0.628  NA   		17		52
-0.627  NA   		17		53
-0.625  NA   		17		54
-0.636  NA   		17		55
-0.636  NA   		17		56
-0.657  NA   		17		57
-0.377  NA   		17		58
-0.284  NA   		17		59
-0.347  NA   		17		60
-0.262  NA   		17		61
-0.262  NA   		17		62
-0.594  NA   		17		63
-0.502  NA   		17		64
-0.595  NA   		17		65
-0.627  NA   		17		66
-0.637  NA   		17		67
-0.625  NA   		17		68
-0.575  NA   		18		19
-0.575  NA   		18		20
-0.575  NA   		18		21
-0.634  NA   		18		22
-0.572  NA   		18		23
-0.471  NA   		18		24
-0.315  NA   		18		25
-0.575  NA   		18		26
-0.575  NA   		18		27
-0.575  NA   		18		28
-0.469  NA   		18		29
-0.573  NA   		18		30
-0.573  NA   		18		31
-0.636  NA   		18		32
-0.571  NA   		18		33
-0.633  NA   		18		34
-0.476  NA   		18		35
-0.322  NA   		18		36
-0.684  NA   		18		37
-0.684  NA   		18		38
-0.456  NA   		18		39
-0.682  NA   		18		40
-0.682  NA   		18		41
-0.683  NA   		18		42
-0.683  NA   		18		43
-0.683  NA   		18		44
-0.683  NA   		18		45
-0.683  NA   		18		46
-0.683  NA   		18		47
-0.685  NA   		18		48
-0.685  NA   		18		49
-0.683  NA   		18		50
-0.683  NA   		18		51
-0.683  NA   		18		52
-0.683  NA   		18		53
-0.683  NA   		18		54
-0.683  NA   		18		55
-0.684  NA   		18		56
-0.700  NA   		18		57
-0.407  NA   		18		58
-0.314  NA   		18		59
-0.376  NA   		18		60
-0.292  NA   		18		61
-0.292  NA   		18		62
-0.619  NA   		18		63
-0.525  NA   		18		64
-0.620  NA   		18		65
-0.653  NA   		18		66
-0.663  NA   		18		67
-0.650  NA   		18		68
-0.629  NA   		19		20
-0.629  NA   		19		21
-0.791  NA   		19		22
-0.628  NA   		19		23
-0.732  NA   		19		24
-0.576  NA   		19		25
-0.632  NA   		19		26
-0.632  NA   		19		27
-0.632  NA   		19		28
-0.729  NA   		19		29
-0.631  NA   		19		30
-0.629  NA   		19		31
-0.804  NA   		19		32
-0.628  NA   		19		33
-0.779  NA   		19		34
-0.739  NA   		19		35
-0.570  NA   		19		36
-0.899  NA   		19		37
-0.893  NA   		19		38
-0.709  NA   		19		39
-0.879  NA   		19		40
-0.879  NA   		19		41
-0.887  NA   		19		42
-0.889  NA   		19		43
-0.891  NA   		19		44
-0.894  NA   		19		45
-0.896  NA   		19		46
-0.885  NA   		19		47
-0.899  NA   		19		48
-0.898  NA   		19		49
-0.898  NA   		19		50
-0.898  NA   		19		51
-0.907  NA   		19		52
-0.909  NA   		19		53
-0.915  NA   		19		54
-0.890  NA   		19		55
-0.893  NA   		19		56
-0.939  NA   		19		57
-0.755  NA   		19		58
-0.674  NA   		19		59
-0.730  NA   		19		60
-0.654  NA   		19		61
-0.654  NA   		19		62
-0.907  NA   		19		63
-0.821  NA   		19		64
-0.908  NA   		19		65
-0.939  NA   		19		66
-0.949  NA   		19		67
-0.937  NA   		19		68
-0.629  NA   		20		21
-0.791  NA   		20		22
-0.628  NA   		20		23
-0.732  NA   		20		24
-0.576  NA   		20		25
-0.632  NA   		20		26
-0.632  NA   		20		27
-0.632  NA   		20		28
-0.729  NA   		20		29
-0.631  NA   		20		30
-0.629  NA   		20		31
-0.804  NA   		20		32
-0.628  NA   		20		33
-0.779  NA   		20		34
-0.739  NA   		20		35
-0.570  NA   		20		36
-0.899  NA   		20		37
-0.893  NA   		20		38
-0.709  NA   		20		39
-0.880  NA   		20		40
-0.880  NA   		20		41
-0.887  NA   		20		42
-0.889  NA   		20		43
-0.891  NA   		20		44
-0.894  NA   		20		45
-0.896  NA   		20		46
-0.885  NA   		20		47
-0.899  NA   		20		48
-0.899  NA   		20		49
-0.898  NA   		20		50
-0.898  NA   		20		51
-0.907  NA   		20		52
-0.909  NA   		20		53
-0.916  NA   		20		54
-0.890  NA   		20		55
-0.893  NA   		20		56
-0.939  NA   		20		57
-0.755  NA   		20		58
-0.674  NA   		20		59
-0.730  NA   		20		60
-0.654  NA   		20		61
-0.654  NA   		20		62
-0.907  NA   		20		63
-0.821  NA   		20		64
-0.908  NA   		20		65
-0.939  NA   		20		66
-0.949  NA   		20		67
-0.937  NA   		20		68
-0.791  NA   		21		22
-0.628  NA   		21		23
-0.732  NA   		21		24
-0.576  NA   		21		25
-0.632  NA   		21		26
-0.632  NA   		21		27
-0.632  NA   		21		28
-0.729  NA   		21		29
-0.631  NA   		21		30
-0.629  NA   		21		31
-0.804  NA   		21		32
-0.628  NA   		21		33
-0.779  NA   		21		34
-0.739  NA   		21		35
-0.570  NA   		21		36
-0.899  NA   		21		37
-0.893  NA   		21		38
-0.709  NA   		21		39
-0.880  NA   		21		40
-0.880  NA   		21		41
-0.887  NA   		21		42
-0.889  NA   		21		43
-0.891  NA   		21		44
-0.894  NA   		21		45
-0.896  NA   		21		46
-0.885  NA   		21		47
-0.899  NA   		21		48
-0.899  NA   		21		49
-0.898  NA   		21		50
-0.898  NA   		21		51
-0.907  NA   		21		52
-0.909  NA   		21		53
-0.916  NA   		21		54
-0.890  NA   		21		55
-0.894  NA   		21		56
-0.939  NA   		21		57
-0.755  NA   		21		58
-0.674  NA   		21		59
-0.730  NA   		21		60
-0.654  NA   		21		61
-0.654  NA   		21		62
-0.907  NA   		21		63
-0.821  NA   		21		64
-0.908  NA   		21		65
-0.940  NA   		21		66
-0.949  NA   		21		67
-0.937  NA   		21		68
-0.786  NA   		22		23
-0.749  NA   		22		24
-0.634  NA   		22		25
-0.791  NA   		22		26
-0.791  NA   		22		27
-0.791  NA   		22		28
-0.747  NA   		22		29
-0.787  NA   		22		30
-0.786  NA   		22		31
-0.670  NA   		22		32
-0.784  NA   		22		33
-0.675  NA   		22		34
-0.755  NA   		22		35
-0.629  NA   		22		36
-0.858  NA   		22		37
-0.851  NA   		22		38
-0.727  NA   		22		39
-0.832  NA   		22		40
-0.833  NA   		22		41
-0.842  NA   		22		42
-0.846  NA   		22		43
-0.849  NA   		22		44
-0.852  NA   		22		45
-0.855  NA   		22		46
-0.845  NA   		22		47
-0.862  NA   		22		48
-0.862  NA   		22		49
-0.858  NA   		22		50
-0.858  NA   		22		51
-0.870  NA   		22		52
-0.873  NA   		22		53
-0.882  NA   		22		54
-0.850  NA   		22		55
-0.855  NA   		22		56
-0.924  NA   		22		57
-0.786  NA   		22		58
-0.704  NA   		22		59
-0.761  NA   		22		60
-0.685  NA   		22		61
-0.685  NA   		22		62
-0.937  NA   		22		63
-0.852  NA   		22		64
-0.939  NA   		22		65
-0.970  NA   		22		66
-0.980  NA   		22		67
-0.968  NA   		22		68
-0.732  NA   		23		24
-0.573  NA   		23		25
-0.629  NA   		23		26
-0.630  NA   		23		27
-0.630  NA   		23		28
-0.730  NA   		23		29
-0.633  NA   		23		30
-0.633  NA   		23		31
-0.800  NA   		23		32
-0.633  NA   		23		33
-0.774  NA   		23		34
-0.740  NA   		23		35
-0.567  NA   		23		36
-0.902  NA   		23		37
-0.897  NA   		23		38
-0.710  NA   		23		39
-0.883  NA   		23		40
-0.883  NA   		23		41
-0.891  NA   		23		42
-0.893  NA   		23		43
-0.895  NA   		23		44
-0.897  NA   		23		45
-0.900  NA   		23		46
-0.889  NA   		23		47
-0.902  NA   		23		48
-0.902  NA   		23		49
-0.901  NA   		23		50
-0.902  NA   		23		51
-0.910  NA   		23		52
-0.912  NA   		23		53
-0.919  NA   		23		54
-0.894  NA   		23		55
-0.897  NA   		23		56
-0.942  NA   		23		57
-0.756  NA   		23		58
-0.674  NA   		23		59
-0.730  NA   		23		60
-0.654  NA   		23		61
-0.654  NA   		23		62
-0.907  NA   		23		63
-0.822  NA   		23		64
-0.908  NA   		23		65
-0.940  NA   		23		66
-0.950  NA   		23		67
-0.938  NA   		23		68
-0.472  NA   		24		25
-0.730  NA   		24		26
-0.730  NA   		24		27
-0.730  NA   		24		28
-0.457  NA   		24		29
-0.733  NA   		24		30
-0.734  NA   		24		31
-0.754  NA   		24		32
-0.734  NA   		24		33
-0.745  NA   		24		34
-0.462  NA   		24		35
-0.467  NA   		24		36
-0.760  NA   		24		37
-0.755  NA   		24		38
-0.471  NA   		24		39
-0.740  NA   		24		40
-0.739  NA   		24		41
-0.747  NA   		24		42
-0.750  NA   		24		43
-0.752  NA   		24		44
-0.755  NA   		24		45
-0.757  NA   		24		46
-0.745  NA   		24		47
-0.759  NA   		24		48
-0.759  NA   		24		49
-0.759  NA   		24		50
-0.759  NA   		24		51
-0.769  NA   		24		52
-0.771  NA   		24		53
-0.778  NA   		24		54
-0.750  NA   		24		55
-0.753  NA   		24		56
-0.798  NA   		24		57
-0.615  NA   		24		58
-0.531  NA   		24		59
-0.589  NA   		24		60
-0.511  NA   		24		61
-0.511  NA   		24		62
-0.773  NA   		24		63
-0.686  NA   		24		64
-0.774  NA   		24		65
-0.806  NA   		24		66
-0.816  NA   		24		67
-0.804  NA   		24		68
-0.575  NA   		25		26
-0.575  NA   		25		27
-0.575  NA   		25		28
-0.470  NA   		25		29
-0.574  NA   		25		30
-0.573  NA   		25		31
-0.637  NA   		25		32
-0.572  NA   		25		33
-0.633  NA   		25		34
-0.477  NA   		25		35
-0.318  NA   		25		36
-0.685  NA   		25		37
-0.684  NA   		25		38
-0.456  NA   		25		39
-0.683  NA   		25		40
-0.682  NA   		25		41
-0.683  NA   		25		42
-0.683  NA   		25		43
-0.683  NA   		25		44
-0.683  NA   		25		45
-0.683  NA   		25		46
-0.684  NA   		25		47
-0.686  NA   		25		48
-0.686  NA   		25		49
-0.683  NA   		25		50
-0.683  NA   		25		51
-0.683  NA   		25		52
-0.683  NA   		25		53
-0.683  NA   		25		54
-0.684  NA   		25		55
-0.684  NA   		25		56
-0.700  NA   		25		57
-0.407  NA   		25		58
-0.314  NA   		25		59
-0.376  NA   		25		60
-0.292  NA   		25		61
-0.292  NA   		25		62
-0.620  NA   		25		63
-0.526  NA   		25		64
-0.620  NA   		25		65
-0.653  NA   		25		66
-0.664  NA   		25		67
-0.651  NA   		25		68
-0.628  NA   		26		27
-0.628  NA   		26		28
-0.728  NA   		26		29
-0.630  NA   		26		30
-0.628  NA   		26		31
-0.804  NA   		26		32
-0.626  NA   		26		33
-0.779  NA   		26		34
-0.738  NA   		26		35
-0.570  NA   		26		36
-0.897  NA   		26		37
-0.891  NA   		26		38
-0.708  NA   		26		39
-0.877  NA   		26		40
-0.878  NA   		26		41
-0.885  NA   		26		42
-0.887  NA   		26		43
-0.889  NA   		26		44
-0.892  NA   		26		45
-0.894  NA   		26		46
-0.883  NA   		26		47
-0.897  NA   		26		48
-0.897  NA   		26		49
-0.896  NA   		26		50
-0.896  NA   		26		51
-0.905  NA   		26		52
-0.907  NA   		26		53
-0.914  NA   		26		54
-0.888  NA   		26		55
-0.891  NA   		26		56
-0.937  NA   		26		57
-0.754  NA   		26		58
-0.672  NA   		26		59
-0.729  NA   		26		60
-0.653  NA   		26		61
-0.653  NA   		26		62
-0.905  NA   		26		63
-0.820  NA   		26		64
-0.907  NA   		26		65
-0.938  NA   		26		66
-0.948  NA   		26		67
-0.936  NA   		26		68
-0.628  NA   		27		28
-0.728  NA   		27		29
-0.630  NA   		27		30
-0.628  NA   		27		31
-0.804  NA   		27		32
-0.626  NA   		27		33
-0.779  NA   		27		34
-0.738  NA   		27		35
-0.570  NA   		27		36
-0.897  NA   		27		37
-0.891  NA   		27		38
-0.708  NA   		27		39
-0.878  NA   		27		40
-0.878  NA   		27		41
-0.885  NA   		27		42
-0.887  NA   		27		43
-0.889  NA   		27		44
-0.892  NA   		27		45
-0.894  NA   		27		46
-0.883  NA   		27		47
-0.897  NA   		27		48
-0.897  NA   		27		49
-0.896  NA   		27		50
-0.896  NA   		27		51
-0.905  NA   		27		52
-0.907  NA   		27		53
-0.914  NA   		27		54
-0.888  NA   		27		55
-0.892  NA   		27		56
-0.938  NA   		27		57
-0.754  NA   		27		58
-0.673  NA   		27		59
-0.729  NA   		27		60
-0.653  NA   		27		61
-0.653  NA   		27		62
-0.905  NA   		27		63
-0.820  NA   		27		64
-0.907  NA   		27		65
-0.938  NA   		27		66
-0.948  NA   		27		67
-0.936  NA   		27		68
-0.728  NA   		28		29
-0.630  NA   		28		30
-0.628  NA   		28		31
-0.804  NA   		28		32
-0.626  NA   		28		33
-0.779  NA   		28		34
-0.738  NA   		28		35
-0.570  NA   		28		36
-0.897  NA   		28		37
-0.891  NA   		28		38
-0.708  NA   		28		39
-0.878  NA   		28		40
-0.878  NA   		28		41
-0.885  NA   		28		42
-0.887  NA   		28		43
-0.889  NA   		28		44
-0.892  NA   		28		45
-0.894  NA   		28		46
-0.883  NA   		28		47
-0.897  NA   		28		48
-0.897  NA   		28		49
-0.896  NA   		28		50
-0.896  NA   		28		51
-0.905  NA   		28		52
-0.907  NA   		28		53
-0.914  NA   		28		54
-0.888  NA   		28		55
-0.892  NA   		28		56
-0.938  NA   		28		57
-0.754  NA   		28		58
-0.673  NA   		28		59
-0.729  NA   		28		60
-0.653  NA   		28		61
-0.653  NA   		28		62
-0.905  NA   		28		63
-0.820  NA   		28		64
-0.907  NA   		28		65
-0.938  NA   		28		66
-0.948  NA   		28		67
-0.936  NA   		28		68
-0.731  NA   		29		30
-0.731  NA   		29		31
-0.752  NA   		29		32
-0.731  NA   		29		33
-0.743  NA   		29		34
-0.460  NA   		29		35
-0.465  NA   		29		36
-0.758  NA   		29		37
-0.752  NA   		29		38
-0.470  NA   		29		39
-0.737  NA   		29		40
-0.736  NA   		29		41
-0.744  NA   		29		42
-0.747  NA   		29		43
-0.749  NA   		29		44
-0.752  NA   		29		45
-0.754  NA   		29		46
-0.742  NA   		29		47
-0.756  NA   		29		48
-0.756  NA   		29		49
-0.756  NA   		29		50
-0.757  NA   		29		51
-0.766  NA   		29		52
-0.768  NA   		29		53
-0.775  NA   		29		54
-0.747  NA   		29		55
-0.750  NA   		29		56
-0.795  NA   		29		57
-0.612  NA   		29		58
-0.528  NA   		29		59
-0.586  NA   		29		60
-0.508  NA   		29		61
-0.508  NA   		29		62
-0.771  NA   		29		63
-0.684  NA   		29		64
-0.772  NA   		29		65
-0.804  NA   		29		66
-0.814  NA   		29		67
-0.801  NA   		29		68
-0.632  NA   		30		31
-0.801  NA   		30		32
-0.631  NA   		30		33
-0.774  NA   		30		34
-0.741  NA   		30		35
-0.568  NA   		30		36
-0.903  NA   		30		37
-0.897  NA   		30		38
-0.710  NA   		30		39
-0.884  NA   		30		40
-0.884  NA   		30		41
-0.891  NA   		30		42
-0.893  NA   		30		43
-0.895  NA   		30		44
-0.898  NA   		30		45
-0.900  NA   		30		46
-0.889  NA   		30		47
-0.903  NA   		30		48
-0.903  NA   		30		49
-0.902  NA   		30		50
-0.902  NA   		30		51
-0.911  NA   		30		52
-0.913  NA   		30		53
-0.919  NA   		30		54
-0.894  NA   		30		55
-0.897  NA   		30		56
-0.942  NA   		30		57
-0.756  NA   		30		58
-0.675  NA   		30		59
-0.731  NA   		30		60
-0.655  NA   		30		61
-0.655  NA   		30		62
-0.908  NA   		30		63
-0.822  NA   		30		64
-0.909  NA   		30		65
-0.941  NA   		30		66
-0.951  NA   		30		67
-0.938  NA   		30		68
-0.800  NA   		31		32
-0.631  NA   		31		33
-0.773  NA   		31		34
-0.741  NA   		31		35
-0.568  NA   		31		36
-0.904  NA   		31		37
-0.899  NA   		31		38
-0.711  NA   		31		39
-0.885  NA   		31		40
-0.885  NA   		31		41
-0.892  NA   		31		42
-0.895  NA   		31		43
-0.897  NA   		31		44
-0.899  NA   		31		45
-0.901  NA   		31		46
-0.891  NA   		31		47
-0.904  NA   		31		48
-0.904  NA   		31		49
-0.903  NA   		31		50
-0.903  NA   		31		51
-0.912  NA   		31		52
-0.914  NA   		31		53
-0.920  NA   		31		54
-0.895  NA   		31		55
-0.898  NA   		31		56
-0.943  NA   		31		57
-0.757  NA   		31		58
-0.675  NA   		31		59
-0.731  NA   		31		60
-0.655  NA   		31		61
-0.655  NA   		31		62
-0.908  NA   		31		63
-0.823  NA   		31		64
-0.910  NA   		31		65
-0.941  NA   		31		66
-0.951  NA   		31		67
-0.939  NA   		31		68
-0.798  NA   		32		33
-0.660  NA   		32		34
-0.761  NA   		32		35
-0.632  NA   		32		36
-0.876  NA   		32		37
-0.869  NA   		32		38
-0.731  NA   		32		39
-0.852  NA   		32		40
-0.852  NA   		32		41
-0.861  NA   		32		42
-0.865  NA   		32		43
-0.867  NA   		32		44
-0.871  NA   		32		45
-0.874  NA   		32		46
-0.863  NA   		32		47
-0.880  NA   		32		48
-0.880  NA   		32		49
-0.876  NA   		32		50
-0.876  NA   		32		51
-0.888  NA   		32		52
-0.891  NA   		32		53
-0.900  NA   		32		54
-0.869  NA   		32		55
-0.873  NA   		32		56
-0.939  NA   		32		57
-0.796  NA   		32		58
-0.714  NA   		32		59
-0.770  NA   		32		60
-0.695  NA   		32		61
-0.694  NA   		32		62
-0.947  NA   		32		63
-0.862  NA   		32		64
-0.948  NA   		32		65
-0.980  NA   		32		66
-0.990  NA   		32		67
-0.977  NA   		32		68
-0.770  NA   		33		34
-0.741  NA   		33		35
-0.566  NA   		33		36
-0.905  NA   		33		37
-0.899  NA   		33		38
-0.711  NA   		33		39
-0.886  NA   		33		40
-0.886  NA   		33		41
-0.893  NA   		33		42
-0.895  NA   		33		43
-0.897  NA   		33		44
-0.900  NA   		33		45
-0.902  NA   		33		46
-0.891  NA   		33		47
-0.904  NA   		33		48
-0.904  NA   		33		49
-0.904  NA   		33		50
-0.904  NA   		33		51
-0.913  NA   		33		52
-0.915  NA   		33		53
-0.921  NA   		33		54
-0.896  NA   		33		55
-0.899  NA   		33		56
-0.944  NA   		33		57
-0.757  NA   		33		58
-0.675  NA   		33		59
-0.731  NA   		33		60
-0.655  NA   		33		61
-0.655  NA   		33		62
-0.908  NA   		33		63
-0.823  NA   		33		64
-0.910  NA   		33		65
-0.941  NA   		33		66
-0.951  NA   		33		67
-0.939  NA   		33		68
-0.751  NA   		34		35
-0.628  NA   		34		36
-0.838  NA   		34		37
-0.830  NA   		34		38
-0.724  NA   		34		39
-0.811  NA   		34		40
-0.812  NA   		34		41
-0.822  NA   		34		42
-0.825  NA   		34		43
-0.828  NA   		34		44
-0.832  NA   		34		45
-0.835  NA   		34		46
-0.825  NA   		34		47
-0.842  NA   		34		48
-0.842  NA   		34		49
-0.838  NA   		34		50
-0.838  NA   		34		51
-0.851  NA   		34		52
-0.854  NA   		34		53
-0.863  NA   		34		54
-0.831  NA   		34		55
-0.835  NA   		34		56
-0.909  NA   		34		57
-0.778  NA   		34		58
-0.696  NA   		34		59
-0.753  NA   		34		60
-0.677  NA   		34		61
-0.677  NA   		34		62
-0.929  NA   		34		63
-0.844  NA   		34		64
-0.930  NA   		34		65
-0.962  NA   		34		66
-0.972  NA   		34		67
-0.960  NA   		34		68
-0.472  NA   		35		36
-0.770  NA   		35		37
-0.764  NA   		35		38
-0.468  NA   		35		39
-0.750  NA   		35		40
-0.749  NA   		35		41
-0.757  NA   		35		42
-0.760  NA   		35		43
-0.762  NA   		35		44
-0.765  NA   		35		45
-0.767  NA   		35		46
-0.755  NA   		35		47
-0.769  NA   		35		48
-0.769  NA   		35		49
-0.769  NA   		35		50
-0.769  NA   		35		51
-0.778  NA   		35		52
-0.781  NA   		35		53
-0.788  NA   		35		54
-0.760  NA   		35		55
-0.763  NA   		35		56
-0.807  NA   		35		57
-0.623  NA   		35		58
-0.539  NA   		35		59
-0.597  NA   		35		60
-0.519  NA   		35		61
-0.519  NA   		35		62
-0.780  NA   		35		63
-0.694  NA   		35		64
-0.782  NA   		35		65
-0.813  NA   		35		66
-0.823  NA   		35		67
-0.811  NA   		35		68
-0.679  NA   		36		37
-0.679  NA   		36		38
-0.451  NA   		36		39
-0.677  NA   		36		40
-0.677  NA   		36		41
-0.678  NA   		36		42
-0.678  NA   		36		43
-0.678  NA   		36		44
-0.678  NA   		36		45
-0.678  NA   		36		46
-0.678  NA   		36		47
-0.680  NA   		36		48
-0.680  NA   		36		49
-0.678  NA   		36		50
-0.678  NA   		36		51
-0.678  NA   		36		52
-0.678  NA   		36		53
-0.677  NA   		36		54
-0.679  NA   		36		55
-0.679  NA   		36		56
-0.695  NA   		36		57
-0.401  NA   		36		58
-0.308  NA   		36		59
-0.370  NA   		36		60
-0.286  NA   		36		61
-0.286  NA   		36		62
-0.614  NA   		36		63
-0.521  NA   		36		64
-0.615  NA   		36		65
-0.648  NA   		36		66
-0.659  NA   		36		67
-0.646  NA   		36		68
-0.710  NA   		37		38
-0.725  NA   		37		39
-0.695  NA   		37		40
-0.718  NA   		37		41
-0.710  NA   		37		42
-0.715  NA   		37		43
-0.718  NA   		37		44
-0.721  NA   		37		45
-0.724  NA   		37		46
-0.784  NA   		37		47
-0.791  NA   		37		48
-0.791  NA   		37		49
-0.726  NA   		37		50
-0.726  NA   		37		51
-0.733  NA   		37		52
-0.735  NA   		37		53
-0.734  NA   		37		54
-0.778  NA   		37		55
-0.781  NA   		37		56
-0.923  NA   		37		57
-0.791  NA   		37		58
-0.703  NA   		37		59
-0.763  NA   		37		60
-0.682  NA   		37		61
-0.682  NA   		37		62
-0.974  NA   		37		63
-0.885  NA   		37		64
-0.975  NA   		37		65
-1.007  NA   		37		66
-1.017  NA   		37		67
-1.004  NA   		37		68
-0.719  NA   		38		39
-0.696  NA   		38		40
-0.717  NA   		38		41
-0.708  NA   		38		42
-0.712  NA   		38		43
-0.714  NA   		38		44
-0.716  NA   		38		45
-0.718  NA   		38		46
-0.782  NA   		38		47
-0.788  NA   		38		48
-0.788  NA   		38		49
-0.720  NA   		38		50
-0.720  NA   		38		51
-0.724  NA   		38		52
-0.725  NA   		38		53
-0.723  NA   		38		54
-0.775  NA   		38		55
-0.778  NA   		38		56
-0.918  NA   		38		57
-0.786  NA   		38		58
-0.697  NA   		38		59
-0.758  NA   		38		60
-0.676  NA   		38		61
-0.676  NA   		38		62
-0.969  NA   		38		63
-0.881  NA   		38		64
-0.970  NA   		38		65
-1.002  NA   		38		66
-1.012  NA   		38		67
-1.000  NA   		38		68
-0.703  NA   		39		40
-0.702  NA   		39		41
-0.711  NA   		39		42
-0.714  NA   		39		43
-0.716  NA   		39		44
-0.719  NA   		39		45
-0.722  NA   		39		46
-0.709  NA   		39		47
-0.724  NA   		39		48
-0.724  NA   		39		49
-0.724  NA   		39		50
-0.724  NA   		39		51
-0.734  NA   		39		52
-0.736  NA   		39		53
-0.744  NA   		39		54
-0.714  NA   		39		55
-0.717  NA   		39		56
-0.766  NA   		39		57
-0.589  NA   		39		58
-0.504  NA   		39		59
-0.562  NA   		39		60
-0.484  NA   		39		61
-0.484  NA   		39		62
-0.750  NA   		39		63
-0.663  NA   		39		64
-0.751  NA   		39		65
-0.783  NA   		39		66
-0.793  NA   		39		67
-0.781  NA   		39		68
-0.712  NA   		40		41
-0.697  NA   		40		42
-0.698  NA   		40		43
-0.698  NA   		40		44
-0.697  NA   		40		45
-0.697  NA   		40		46
-0.775  NA   		40		47
-0.777  NA   		40		48
-0.777  NA   		40		49
-0.697  NA   		40		50
-0.697  NA   		40		51
-0.694  NA   		40		52
-0.693  NA   		40		53
-0.684  NA   		40		54
-0.765  NA   		40		55
-0.767  NA   		40		56
-0.906  NA   		40		57
-0.772  NA   		40		58
-0.683  NA   		40		59
-0.743  NA   		40		60
-0.661  NA   		40		61
-0.662  NA   		40		62
-0.957  NA   		40		63
-0.869  NA   		40		64
-0.958  NA   		40		65
-0.990  NA   		40		66
-1.000  NA   		40		67
-0.988  NA   		40		68
-0.712  NA   		41		42
-0.713  NA   		41		43
-0.714  NA   		41		44
-0.714  NA   		41		45
-0.714  NA   		41		46
-0.778  NA   		41		47
-0.781  NA   		41		48
-0.781  NA   		41		49
-0.714  NA   		41		50
-0.714  NA   		41		51
-0.712  NA   		41		52
-0.711  NA   		41		53
-0.704  NA   		41		54
-0.769  NA   		41		55
-0.771  NA   		41		56
-0.908  NA   		41		57
-0.770  NA   		41		58
-0.681  NA   		41		59
-0.742  NA   		41		60
-0.660  NA   		41		61
-0.660  NA   		41		62
-0.957  NA   		41		63
-0.869  NA   		41		64
-0.958  NA   		41		65
-0.990  NA   		41		66
-1.000  NA   		41		67
-0.988  NA   		41		68
-0.701  NA   		42		43
-0.702  NA   		42		44
-0.703  NA   		42		45
-0.703  NA   		42		46
-0.777  NA   		42		47
-0.781  NA   		42		48
-0.781  NA   		42		49
-0.703  NA   		42		50
-0.703  NA   		42		51
-0.703  NA   		42		52
-0.702  NA   		42		53
-0.695  NA   		42		54
-0.767  NA   		42		55
-0.769  NA   		42		56
-0.911  NA   		42		57
-0.778  NA   		42		58
-0.690  NA   		42		59
-0.750  NA   		42		60
-0.669  NA   		42		61
-0.669  NA   		42		62
-0.963  NA   		42		63
-0.875  NA   		42		64
-0.964  NA   		42		65
-0.996  NA   		42		66
-1.006  NA   		42		67
-0.994  NA   		42		68
-0.702  NA   		43		44
-0.703  NA   		43		45
-0.703  NA   		43		46
-0.777  NA   		43		47
-0.782  NA   		43		48
-0.782  NA   		43		49
-0.703  NA   		43		50
-0.703  NA   		43		51
-0.701  NA   		43		52
-0.700  NA   		43		53
-0.693  NA   		43		54
-0.765  NA   		43		55
-0.768  NA   		43		56
-0.912  NA   		43		57
-0.781  NA   		43		58
-0.692  NA   		43		59
-0.753  NA   		43		60
-0.671  NA   		43		61
-0.672  NA   		43		62
-0.966  NA   		43		63
-0.877  NA   		43		64
-0.967  NA   		43		65
-0.998  NA   		43		66
-1.008  NA   		43		67
-0.996  NA   		43		68
-0.704  NA   		44		45
-0.705  NA   		44		46
-0.778  NA   		44		47
-0.783  NA   		44		48
-0.783  NA   		44		49
-0.705  NA   		44		50
-0.705  NA   		44		51
-0.704  NA   		44		52
-0.703  NA   		44		53
-0.697  NA   		44		54
-0.765  NA   		44		55
-0.768  NA   		44		56
-0.913  NA   		44		57
-0.783  NA   		44		58
-0.694  NA   		44		59
-0.755  NA   		44		60
-0.673  NA   		44		61
-0.674  NA   		44		62
-0.967  NA   		44		63
-0.879  NA   		44		64
-0.968  NA   		44		65
-1.000  NA   		44		66
-1.010  NA   		44		67
-0.998  NA   		44		68
-0.706  NA   		45		46
-0.778  NA   		45		47
-0.784  NA   		45		48
-0.784  NA   		45		49
-0.707  NA   		45		50
-0.707  NA   		45		51
-0.707  NA   		45		52
-0.706  NA   		45		53
-0.701  NA   		45		54
-0.765  NA   		45		55
-0.768  NA   		45		56
-0.914  NA   		45		57
-0.785  NA   		45		58
-0.697  NA   		45		59
-0.757  NA   		45		60
-0.676  NA   		45		61
-0.676  NA   		45		62
-0.969  NA   		45		63
-0.881  NA   		45		64
-0.970  NA   		45		65
-1.002  NA   		45		66
-1.012  NA   		45		67
-1.000  NA   		45		68
-0.779  NA   		46		47
-0.785  NA   		46		48
-0.785  NA   		46		49
-0.708  NA   		46		50
-0.708  NA   		46		51
-0.709  NA   		46		52
-0.709  NA   		46		53
-0.705  NA   		46		54
-0.765  NA   		46		55
-0.768  NA   		46		56
-0.916  NA   		46		57
-0.788  NA   		46		58
-0.699  NA   		46		59
-0.760  NA   		46		60
-0.678  NA   		46		61
-0.678  NA   		46		62
-0.971  NA   		46		63
-0.883  NA   		46		64
-0.972  NA   		46		65
-1.004  NA   		46		66
-1.014  NA   		46		67
-1.002  NA   		46		68
-0.700  NA   		47		48
-0.700  NA   		47		49
-0.779  NA   		47		50
-0.779  NA   		47		51
-0.780  NA   		47		52
-0.780  NA   		47		53
-0.779  NA   		47		54
-0.804  NA   		47		55
-0.805  NA   		47		56
-0.921  NA   		47		57
-0.776  NA   		47		58
-0.687  NA   		47		59
-0.747  NA   		47		60
-0.666  NA   		47		61
-0.666  NA   		47		62
-0.960  NA   		47		63
-0.871  NA   		47		64
-0.961  NA   		47		65
-0.993  NA   		47		66
-1.002  NA   		47		67
-0.990  NA   		47		68
-0.708  NA   		48		49
-0.786  NA   		48		50
-0.786  NA   		48		51
-0.790  NA   		48		52
-0.790  NA   		48		53
-0.792  NA   		48		54
-0.809  NA   		48		55
-0.811  NA   		48		56
-0.931  NA   		48		57
-0.789  NA   		48		58
-0.701  NA   		48		59
-0.761  NA   		48		60
-0.680  NA   		48		61
-0.680  NA   		48		62
-0.972  NA   		48		63
-0.883  NA   		48		64
-0.973  NA   		48		65
-1.005  NA   		48		66
-1.014  NA   		48		67
-1.002  NA   		48		68
-0.786  NA   		49		50
-0.786  NA   		49		51
-0.790  NA   		49		52
-0.790  NA   		49		53
-0.791  NA   		49		54
-0.809  NA   		49		55
-0.811  NA   		49		56
-0.931  NA   		49		57
-0.789  NA   		49		58
-0.701  NA   		49		59
-0.761  NA   		49		60
-0.680  NA   		49		61
-0.680  NA   		49		62
-0.972  NA   		49		63
-0.883  NA   		49		64
-0.973  NA   		49		65
-1.004  NA   		49		66
-1.014  NA   		49		67
-1.002  NA   		49		68
-0.709  NA   		50		51
-0.711  NA   		50		52
-0.711  NA   		50		53
-0.707  NA   		50		54
-0.764  NA   		50		55
-0.768  NA   		50		56
-0.916  NA   		50		57
-0.789  NA   		50		58
-0.701  NA   		50		59
-0.761  NA   		50		60
-0.680  NA   		50		61
-0.680  NA   		50		62
-0.973  NA   		50		63
-0.884  NA   		50		64
-0.974  NA   		50		65
-1.006  NA   		50		66
-1.015  NA   		50		67
-1.003  NA   		50		68
-0.711  NA   		51		52
-0.711  NA   		51		53
-0.708  NA   		51		54
-0.764  NA   		51		55
-0.768  NA   		51		56
-0.917  NA   		51		57
-0.790  NA   		51		58
-0.701  NA   		51		59
-0.762  NA   		51		60
-0.680  NA   		51		61
-0.681  NA   		51		62
-0.973  NA   		51		63
-0.885  NA   		51		64
-0.974  NA   		51		65
-1.006  NA   		51		66
-1.015  NA   		51		67
-1.003  NA   		51		68
-0.718  NA   		52		53
-0.720  NA   		52		54
-0.762  NA   		52		55
-0.766  NA   		52		56
-0.921  NA   		52		57
-0.798  NA   		52		58
-0.710  NA   		52		59
-0.771  NA   		52		60
-0.689  NA   		52		61
-0.690  NA   		52		62
-0.980  NA   		52		63
-0.892  NA   		52		64
-0.981  NA   		52		65
-1.013  NA   		52		66
-1.023  NA   		52		67
-1.011  NA   		52		68
-0.723  NA   		53		54
-0.761  NA   		53		55
-0.765  NA   		53		56
-0.922  NA   		53		57
-0.801  NA   		53		58
-0.712  NA   		53		59
-0.773  NA   		53		60
-0.692  NA   		53		61
-0.692  NA   		53		62
-0.982  NA   		53		63
-0.894  NA   		53		64
-0.983  NA   		53		65
-1.015  NA   		53		66
-1.025  NA   		53		67
-1.012  NA   		53		68
-0.759  NA   		54		55
-0.764  NA   		54		56
-0.925  NA   		54		57
-0.807  NA   		54		58
-0.719  NA   		54		59
-0.779  NA   		54		60
-0.698  NA   		54		61
-0.699  NA   		54		62
-0.988  NA   		54		63
-0.900  NA   		54		64
-0.989  NA   		54		65
-1.020  NA   		54		66
-1.030  NA   		54		67
-1.018  NA   		54		68
-0.703  NA   		55		56
-0.894  NA   		55		57
-0.780  NA   		55		58
-0.691  NA   		55		59
-0.752  NA   		55		60
-0.670  NA   		55		61
-0.670  NA   		55		62
-0.964  NA   		55		63
-0.876  NA   		55		64
-0.965  NA   		55		65
-0.997  NA   		55		66
-1.007  NA   		55		67
-0.994  NA   		55		68
-0.896  NA   		56		57
-0.783  NA   		56		58
-0.694  NA   		56		59
-0.755  NA   		56		60
-0.673  NA   		56		61
-0.674  NA   		56		62
-0.967  NA   		56		63
-0.879  NA   		56		64
-0.968  NA   		56		65
-0.999  NA   		56		66
-1.009  NA   		56		67
-0.997  NA   		56		68
-0.827  NA   		57		58
-0.741  NA   		57		59
-0.799  NA   		57		60
-0.721  NA   		57		61
-0.721  NA   		57		62
-1.001  NA   		57		63
-0.915  NA   		57		64
-1.002  NA   		57		65
-1.034  NA   		57		66
-1.043  NA   		57		67
-1.031  NA   		57		68
-0.524  NA   		58		59
-0.528  NA   		58		60
-0.505  NA   		58		61
-0.505  NA   		58		62
-0.813  NA   		58		63
-0.735  NA   		58		64
-0.814  NA   		58		65
-0.842  NA   		58		66
-0.849  NA   		58		67
-0.839  NA   		58		68
-0.511  NA   		59		60
-0.406  NA   		59		61
-0.405  NA   		59		62
-0.733  NA   		59		63
-0.657  NA   		59		64
-0.735  NA   		59		65
-0.762  NA   		59		66
-0.768  NA   		59		67
-0.759  NA   		59		68
-0.493  NA   		60		61
-0.492  NA   		60		62
-0.789  NA   		60		63
-0.713  NA   		60		64
-0.791  NA   		60		65
-0.818  NA   		60		66
-0.824  NA   		60		67
-0.815  NA   		60		68
-0.401  NA   		61		62
-0.714  NA   		61		63
-0.638  NA   		61		64
-0.716  NA   		61		65
-0.743  NA   		61		66
-0.749  NA   		61		67
-0.740  NA   		61		68
-0.714  NA   		62		63
-0.638  NA   		62		64
-0.716  NA   		62		65
-0.743  NA   		62		66
-0.749  NA   		62		67
-0.740  NA   		62		68
-0.797  NA   		63		64
-0.695  NA   		63		65
-0.705  NA   		63		66
-0.676  NA   		63		67
-0.714  NA   		63		68
-0.798  NA   		64		65
-0.805  NA   		64		66
-0.797  NA   		64		67
-0.802  NA   		64		68
-0.677  NA   		65		66
-0.634  NA   		65		67
-0.694  NA   		65		68
-0.718  NA   		66		67
-0.733  NA   		66		68
-0.715  NA   		67		68
