## bf=log10_BF	se=log10_std_err	pv=p-value	
rsnum	 	pos 	chr 	bf 	se 	rank 	pv
rs7623029      	145308434	1	-0.543	 NA 	 1		 NA	
rs62270367     	145313752	1	-0.506	 NA 	 2		 NA	
rs28568478     	145317827	1	-0.508	 NA 	 3		 NA	
rs6805464      	145318294	1	-0.518	 NA 	 4		 NA	
rs1403466      	145319910	1	-0.514	 NA 	 5		 NA	
rs1523023      	145321967	1	-0.514	 NA 	 6		 NA	
rs9869494      	145322053	1	-0.474	 NA 	 7		 NA	
rs13070115     	145322930	1	-0.550	 NA 	 8		 NA	
rs13090251     	145322942	1	-0.550	 NA 	 9		 NA	
rs7636678      	145323254	1	-0.643	 NA 	 10		 NA	
rs7648244      	145323307	1	-0.644	 NA 	 11		 NA	
rs7648337      	145323387	1	-0.505	 NA 	 12		 NA	
rs1608312      	145323711	1	-0.259	 NA 	 13		 NA	
rs28797495     	145324806	1	-0.264	 NA 	 14		 NA	
rs2375838      	145325977	1	-0.514	 NA 	 15		 NA	
rs34996244     	145326029	1	-0.540	 NA 	 16		 NA	
rs9653897      	145327866	1	-0.295	 NA 	 17		 NA	
rs6440364      	145328543	1	-0.206	 NA 	 18		 NA	
rs6440365      	145328630	1	-0.520	 NA 	 19		 NA	
rs6779924      	145332235	1	-0.543	 NA 	 20		 NA	
rs6804528      	145332276	1	-0.543	 NA 	 21		 NA	
rs34915789     	145332575	1	-0.543	 NA 	 22		 NA	
rs4333046      	145335262	1	-0.402	 NA 	 23		 NA	
rs7613559      	145335345	1	-0.500	 NA 	 24		 NA	
rs13327693     	145335395	1	-0.427	 NA 	 25		 NA	
rs10513263     	145337229	1	-0.402	 NA 	 26		 NA	
rs10470329     	145338647	1	-0.405	 NA 	 27		 NA	
rs10470330     	145339096	1	-0.420	 NA 	 28		 NA	
rs7640557      	145340315	1	-0.458	 NA 	 29		 NA	
rs12638301     	145344112	1	-0.399	 NA 	 30		 NA	
rs17236138     	145344435	1	-0.425	 NA 	 31		 NA	
rs9863210      	145347449	1	-0.393	 NA 	 32		 NA	
rs9863358      	145347565	1	-0.610	 NA 	 33		 NA	
rs9878320      	145349996	1	-0.639	 NA 	 34		 NA	
rs77948717     	145389879	1	-0.349	 NA 	 35		 NA	
rs73005281     	145422974	1	-0.278	 NA 	 36		 NA	
rs2459136      	145425046	1	-0.553	 NA 	 37		 NA	
rs2459134      	145425384	1	-0.540	 NA 	 38		 NA	
rs2687847      	145427306	1	-0.558	 NA 	 39		 NA	
rs4117781      	145427487	1	-0.381	 NA 	 40		 NA	
rs4117780      	145427511	1	-0.383	 NA 	 41		 NA	
rs111477183    	145428506	1	-0.384	 NA 	 42		 NA	
rs112267456    	145428529	1	-0.340	 NA 	 43		 NA	
rs116826830    	145429009	1	-0.308	 NA 	 44		 NA	
rs144302991    	145429024	1	-0.308	 NA 	 45		 NA	
rs113225964    	145429250	1	-0.332	 NA 	 46		 NA	
rs62271155     	145429594	1	-0.559	 NA 	 47		 NA	
rs112562670    	145431107	1	-0.388	 NA 	 48		 NA	
rs78239860     	145431361	1	-0.328	 NA 	 49		 NA	
rs147065881    	145431471	1	-0.322	 NA 	 50		 NA	
rs13075353     	145433486	1	-0.389	 NA 	 51		 NA	
rs2687850      	145436359	1	-0.589	 NA 	 52		 NA	
rs2673857      	145439715	1	-0.587	 NA 	 53		 NA	
rs13084657     	145440178	1	-0.603	 NA 	 54		 NA	
rs78098763     	145440491	1	-0.605	 NA 	 55		 NA	
rs2459131      	145440907	1	-0.596	 NA 	 56		 NA	
rs7620431      	145443027	1	-0.598	 NA 	 57		 NA	
rs17236193     	145443276	1	-0.585	 NA 	 58		 NA	
rs2459140      	145443355	1	-0.564	 NA 	 59		 NA	
rs2687861      	145443409	1	-0.598	 NA 	 60		 NA	
rs62269362     	145444094	1	-0.385	 NA 	 61		 NA	
rs2461805      	145445030	1	-0.601	 NA 	 62		 NA	
rs3843358      	145446933	1	-0.597	 NA 	 63		 NA	
rs3845968      	145447204	1	-0.596	 NA 	 64		 NA	
rs2459139      	145449231	1	-0.467	 NA 	 65		 NA	
rs80141113     	145449366	1	-0.426	 NA 	 66		 NA	
rs62269364     	145449387	1	-0.220	 NA 	 67		 NA	
rs2687863      	145450531	1	-0.150	 NA 	 68		 NA	
rs16857166     	145451566	1	-0.433	 NA 	 69		 NA	
rs2459138      	145452028	1	-0.142	 NA 	 70		 NA	
rs10446327     	145452541	1	-0.214	 NA 	 71		 NA	
rs2399949      	145453826	1	-0.465	 NA 	 72		 NA	
rs62269368     	145455527	1	-0.210	 NA 	 73		 NA	
rs2673873      	145455545	1	-0.449	 NA 	 74		 NA	
rs7653861      	145458564	1	-0.422	 NA 	 75		 NA	
rs7649881      	145462780	1	-0.354	 NA 	 76		 NA	
rs7649722      	145462796	1	-0.356	 NA 	 77		 NA	
rs2673883      	145463776	1	-0.436	 NA 	 78		 NA	
rs79780611     	145464081	1	-0.207	 NA 	 79		 NA	
rs73867919     	145464322	1	-0.432	 NA 	 80		 NA	
rs2687868      	145464401	1	-0.567	 NA 	 81		 NA	
rs6764100      	145464550	1	-0.435	 NA 	 82		 NA	
rs2687869      	145464621	1	-0.446	 NA 	 83		 NA	
rs6440368      	145465059	1	-0.415	 NA 	 84		 NA	
rs7623733      	145465086	1	-0.414	 NA 	 85		 NA	
rs6777867      	145465395	1	-0.414	 NA 	 86		 NA	
rs62269373     	145466147	1	-0.180	 NA 	 87		 NA	
rs7637483      	145466447	1	-0.402	 NA 	 88		 NA	
rs78488532     	145467471	1	-0.400	 NA 	 89		 NA	
rs80128258     	145469642	1	-0.188	 NA 	 90		 NA	
rs2461808      	145470113	1	-0.605	 NA 	 91		 NA	
rs3915018      	145470171	1	-0.415	 NA 	 92		 NA	
rs2140298      	145470988	1	-0.608	 NA 	 93		 NA	
rs77189241     	145471162	1	-0.395	 NA 	 94		 NA	
rs2461810      	145471923	1	-0.607	 NA 	 95		 NA	
rs2459127      	145474304	1	-0.605	 NA 	 96		 NA	
rs2459128      	145474407	1	-0.603	 NA 	 97		 NA	
rs77058629     	145474835	1	-0.408	 NA 	 98		 NA	
rs6805329      	145475430	1	-0.413	 NA 	 99		 NA	
rs2459129      	145475756	1	-0.599	 NA 	 100		 NA	
rs6797036      	145475812	1	-0.412	 NA 	 101		 NA	
rs2459130      	145476394	1	-0.602	 NA 	 102		 NA	
rs16857193     	145477425	1	-0.411	 NA 	 103		 NA	
rs11713543     	145478487	1	-0.334	 NA 	 104		 NA	
rs16857200     	145478935	1	-0.412	 NA 	 105		 NA	
rs6782877      	145480516	1	+0.039	 NA 	 106		 NA	
rs2687871      	145481613	1	-0.454	 NA 	 107		 NA	
rs2687872      	145482045	1	-0.591	 NA 	 108		 NA	
rs2673874      	145482086	1	-0.445	 NA 	 109		 NA	
rs2943773      	145483459	1	-0.595	 NA 	 110		 NA	
rs3863994      	145484110	1	-0.618	 NA 	 111		 NA	
rs12108087     	145484296	1	-0.412	 NA 	 112		 NA	
rs2253296      	145484776	1	-0.597	 NA 	 113		 NA	
rs2687852      	145484848	1	-0.598	 NA 	 114		 NA	
rs2687853      	145485073	1	-0.591	 NA 	 115		 NA	
rs2687856      	145486898	1	-0.470	 NA 	 116		 NA	
rs2687857      	145486961	1	-0.590	 NA 	 117		 NA	
rs6771143      	145487708	1	-0.414	 NA 	 118		 NA	
rs16857238     	145488703	1	-0.415	 NA 	 119		 NA	
rs112956163    	145488817	1	-0.220	 NA 	 120		 NA	
rs2673876      	145489111	1	-0.590	 NA 	 121		 NA	
rs2687874      	145489254	1	-0.590	 NA 	 122		 NA	
rs1523085      	145490372	1	-0.588	 NA 	 123		 NA	
rs62270970     	145492951	1	-0.194	 NA 	 124		 NA	
rs11716068     	145498521	1	-0.076	 NA 	 125		 NA	
rs9846710      	145499439	1	+0.423	 NA 	 126		 NA	
rs182581576    	145499849	1	-0.264	 NA 	 127		 NA	
rs2177298      	145501121	1	-0.083	 NA 	 128		 NA	
rs78286236     	145501364	1	-0.261	 NA 	 129		 NA	
rs11921248     	145502224	1	-0.009	 NA 	 130		 NA	
rs116833002    	145502300	1	-0.270	 NA 	 131		 NA	
rs13097343     	145502626	1	+0.434	 NA 	 132		 NA	
rs13097512     	145502641	1	+0.434	 NA 	 133		 NA	
rs13059840     	145502928	1	+0.596	 NA 	 134		 NA	
rs6781275      	145503253	1	+0.598	 NA 	 135		 NA	
rs11926420     	145503401	1	+0.383	 NA 	 136		 NA	
rs76938704     	145504465	1	-0.416	 NA 	 137		 NA	
rs7610711      	145504527	1	-0.145	 NA 	 138		 NA	
rs7632711      	145504658	1	-0.143	 NA 	 139		 NA	
rs7611049      	145504714	1	-0.141	 NA 	 140		 NA	
rs9853888      	145504773	1	+0.166	 NA 	 141		 NA	
rs7611143      	145504815	1	-0.061	 NA 	 142		 NA	
rs9839546      	145504887	1	-0.024	 NA 	 143		 NA	
rs9840138      	145505090	1	-0.067	 NA 	 144		 NA	
rs9839893      	145505122	1	-0.071	 NA 	 145		 NA	
rs9840316      	145505240	1	-0.074	 NA 	 146		 NA	
rs9878603      	145505755	1	+0.488	 NA 	 147		 NA	
rs7636418      	145506122	1	+0.006	 NA 	 148		 NA	
rs7614629      	145506173	1	-0.124	 NA 	 149		 NA	
rs9845771      	145506189	1	+0.005	 NA 	 150		 NA	
rs9866001      	145506580	1	+0.022	 NA 	 151		 NA	
rs6440371      	145506681	1	-0.075	 NA 	 152		 NA	
rs6794778      	145506807	1	+0.048	 NA 	 153		 NA	
rs6770379      	145506849	1	+0.050	 NA 	 154		 NA	
rs9850729      	145506991	1	+0.647	 NA 	 155		 NA	
rs10935584     	145507007	1	+0.021	 NA 	 156		 NA	
rs6783698      	145507173	1	+0.046	 NA 	 157		 NA	
rs6795250      	145507247	1	+0.024	 NA 	 158		 NA	
rs13063934     	145507394	1	+0.076	 NA 	 159		 NA	
rs7428367      	145508096	1	+0.563	 NA 	 160		 NA	
rs6440372      	145508193	1	-0.056	 NA 	 161		 NA	
rs6440373      	145508776	1	+0.094	 NA 	 162		 NA	
rs71621122     	145508785	1	-0.308	 NA 	 163		 NA	
rs6440374      	145508796	1	-0.041	 NA 	 164		 NA	
rs6440375      	145508801	1	+0.093	 NA 	 165		 NA	
rs73016786     	145508828	1	-0.180	 NA 	 166		 NA	
rs9861465      	145509215	1	-0.041	 NA 	 167		 NA	
rs73018645     	145509388	1	-0.172	 NA 	 168		 NA	
rs4681256      	145509471	1	+0.094	 NA 	 169		 NA	
rs4681257      	145509566	1	-0.046	 NA 	 170		 NA	
rs4681258      	145509650	1	+0.094	 NA 	 171		 NA	
rs4681259      	145509784	1	+0.089	 NA 	 172		 NA	
rs4681260      	145509794	1	-0.048	 NA 	 173		 NA	
