## note:bf=log10(Bayes Factor), mapping between SNP ID and its label(rank) are in .single file.
 bf 	 se		snp1		snp2
-0.525  NA   		1		NA
-0.437  NA   		2		NA
-0.639  NA   		3		NA
-0.610  NA   		4		NA
-0.621  NA   		5		NA
-0.621  NA   		6		NA
-0.620  NA   		7		NA
-0.622  NA   		8		NA
-0.622  NA   		9		NA
-0.622  NA   		10		NA
-0.622  NA   		11		NA
-0.622  NA   		12		NA
-0.608  NA   		13		NA
-0.644  NA   		14		NA
-0.644  NA   		15		NA
-0.611  NA   		16		NA
-0.648  NA   		17		NA
-0.628  NA   		18		NA
-0.644  NA   		19		NA
-0.595  NA   		20		NA
-0.587  NA   		21		NA
-0.590  NA   		22		NA
-0.585  NA   		23		NA
-0.576  NA   		24		NA
-0.563  NA   		25		NA
-0.569  NA   		26		NA
-0.627  NA   		27		NA
-0.616  NA   		28		NA
-0.561  NA   		29		NA
-0.490  NA   		30		NA
-0.569  NA   		31		NA
-0.567  NA   		32		NA
-0.613  NA   		33		NA
-0.529  NA   		34		NA
-0.529  NA   		35		NA
-0.431  NA   		36		NA
-0.531  NA   		37		NA
-0.525  NA   		38		NA
-0.524  NA   		39		NA
-0.523  NA   		40		NA
-0.532  NA   		41		NA
-0.520  NA   		42		NA
-0.518  NA   		43		NA
-0.582  NA   		44		NA
-0.582  NA   		45		NA
-0.585  NA   		46		NA
-0.570  NA   		47		NA
-0.561  NA   		48		NA
-0.586  NA   		49		NA
-0.583  NA   		50		NA
-0.578  NA   		51		NA
-0.569  NA   		52		NA
-0.592  NA   		53		NA
-0.579  NA   		54		NA
-0.577  NA   		55		NA
-0.577  NA   		56		NA
-0.579  NA   		57		NA
-0.575  NA   		58		NA
-0.588  NA   		59		NA
-0.578  NA   		60		NA
-0.579  NA   		61		NA
-0.585  NA   		62		NA
-0.574  NA   		63		NA
-0.502  NA   		64		NA
-0.597  NA   		65		NA
-0.577  NA   		66		NA
-0.573  NA   		67		NA
-0.578  NA   		68		NA
-0.571  NA   		69		NA
-0.570  NA   		70		NA
-0.576  NA   		71		NA
-0.576  NA   		72		NA
-0.553  NA   		73		NA
-0.603  NA   		74		NA
-0.542  NA   		75		NA
-0.577  NA   		76		NA
-0.577  NA   		77		NA
-0.573  NA   		78		NA
-0.546  NA   		79		NA
-0.578  NA   		80		NA
-0.563  NA   		81		NA
-0.578  NA   		82		NA
-0.581  NA   		83		NA
-0.578  NA   		84		NA
-0.578  NA   		85		NA
-0.573  NA   		86		NA
-0.496  NA   		1		2
-1.003  NA   		1		3
-0.961  NA   		1		4
-0.992  NA   		1		5
-0.992  NA   		1		6
-0.992  NA   		1		7
-0.993  NA   		1		8
-0.992  NA   		1		9
-0.993  NA   		1		10
-0.993  NA   		1		11
-0.993  NA   		1		12
-0.970  NA   		1		13
-1.001  NA   		1		14
-1.002  NA   		1		15
-0.973  NA   		1		16
-1.009  NA   		1		17
-0.999  NA   		1		18
-1.000  NA   		1		19
-0.953  NA   		1		20
-0.946  NA   		1		21
-0.949  NA   		1		22
-0.943  NA   		1		23
-0.933  NA   		1		24
-0.919  NA   		1		25
-0.925  NA   		1		26
-0.980  NA   		1		27
-0.979  NA   		1		28
-0.917  NA   		1		29
-0.852  NA   		1		30
-0.936  NA   		1		31
-0.934  NA   		1		32
-0.973  NA   		1		33
-0.875  NA   		1		34
-0.875  NA   		1		35
-0.770  NA   		1		36
-0.877  NA   		1		37
-0.871  NA   		1		38
-0.870  NA   		1		39
-0.869  NA   		1		40
-0.879  NA   		1		41
-0.865  NA   		1		42
-0.864  NA   		1		43
-0.924  NA   		1		44
-0.924  NA   		1		45
-0.927  NA   		1		46
-0.910  NA   		1		47
-0.901  NA   		1		48
-0.930  NA   		1		49
-0.926  NA   		1		50
-0.921  NA   		1		51
-0.911  NA   		1		52
-0.936  NA   		1		53
-0.921  NA   		1		54
-0.919  NA   		1		55
-0.919  NA   		1		56
-0.921  NA   		1		57
-0.917  NA   		1		58
-0.932  NA   		1		59
-0.920  NA   		1		60
-0.921  NA   		1		61
-0.927  NA   		1		62
-0.915  NA   		1		63
-0.864  NA   		1		64
-0.943  NA   		1		65
-0.919  NA   		1		66
-0.914  NA   		1		67
-0.920  NA   		1		68
-0.912  NA   		1		69
-0.911  NA   		1		70
-0.917  NA   		1		71
-0.918  NA   		1		72
-0.892  NA   		1		73
-0.967  NA   		1		74
-0.881  NA   		1		75
-0.919  NA   		1		76
-0.920  NA   		1		77
-0.915  NA   		1		78
-0.904  NA   		1		79
-0.920  NA   		1		80
-0.904  NA   		1		81
-0.920  NA   		1		82
-0.924  NA   		1		83
-0.920  NA   		1		84
-0.920  NA   		1		85
-0.914  NA   		1		86
-0.918  NA   		2		3
-0.869  NA   		2		4
-0.910  NA   		2		5
-0.910  NA   		2		6
-0.910  NA   		2		7
-0.910  NA   		2		8
-0.910  NA   		2		9
-0.910  NA   		2		10
-0.910  NA   		2		11
-0.910  NA   		2		12
-0.883  NA   		2		13
-0.913  NA   		2		14
-0.914  NA   		2		15
-0.885  NA   		2		16
-0.923  NA   		2		17
-0.917  NA   		2		18
-0.911  NA   		2		19
-0.864  NA   		2		20
-0.855  NA   		2		21
-0.859  NA   		2		22
-0.853  NA   		2		23
-0.842  NA   		2		24
-0.827  NA   		2		25
-0.833  NA   		2		26
-0.889  NA   		2		27
-0.892  NA   		2		28
-0.824  NA   		2		29
-0.761  NA   		2		30
-0.848  NA   		2		31
-0.847  NA   		2		32
-0.885  NA   		2		33
-0.778  NA   		2		34
-0.777  NA   		2		35
-0.665  NA   		2		36
-0.780  NA   		2		37
-0.773  NA   		2		38
-0.772  NA   		2		39
-0.770  NA   		2		40
-0.781  NA   		2		41
-0.767  NA   		2		42
-0.765  NA   		2		43
-0.826  NA   		2		44
-0.826  NA   		2		45
-0.829  NA   		2		46
-0.811  NA   		2		47
-0.801  NA   		2		48
-0.832  NA   		2		49
-0.828  NA   		2		50
-0.823  NA   		2		51
-0.812  NA   		2		52
-0.840  NA   		2		53
-0.823  NA   		2		54
-0.821  NA   		2		55
-0.821  NA   		2		56
-0.822  NA   		2		57
-0.819  NA   		2		58
-0.834  NA   		2		59
-0.822  NA   		2		60
-0.823  NA   		2		61
-0.830  NA   		2		62
-0.816  NA   		2		63
-0.773  NA   		2		64
-0.846  NA   		2		65
-0.821  NA   		2		66
-0.815  NA   		2		67
-0.822  NA   		2		68
-0.813  NA   		2		69
-0.812  NA   		2		70
-0.819  NA   		2		71
-0.819  NA   		2		72
-0.791  NA   		2		73
-0.882  NA   		2		74
-0.780  NA   		2		75
-0.821  NA   		2		76
-0.821  NA   		2		77
-0.817  NA   		2		78
-0.813  NA   		2		79
-0.822  NA   		2		80
-0.805  NA   		2		81
-0.822  NA   		2		82
-0.826  NA   		2		83
-0.822  NA   		2		84
-0.822  NA   		2		85
-0.816  NA   		2		86
-0.732  NA   		3		4
-0.933  NA   		3		5
-0.933  NA   		3		6
-0.934  NA   		3		7
-0.934  NA   		3		8
-0.935  NA   		3		9
-0.934  NA   		3		10
-0.934  NA   		3		11
-0.934  NA   		3		12
-0.897  NA   		3		13
-0.851  NA   		3		14
-0.855  NA   		3		15
-0.904  NA   		3		16
-0.892  NA   		3		17
-0.941  NA   		3		18
-0.869  NA   		3		19
-0.878  NA   		3		20
-0.864  NA   		3		21
-0.870  NA   		3		22
-0.860  NA   		3		23
-0.844  NA   		3		24
-0.814  NA   		3		25
-0.833  NA   		3		26
-0.851  NA   		3		27
-0.921  NA   		3		28
-0.811  NA   		3		29
-0.819  NA   		3		30
-0.936  NA   		3		31
-0.934  NA   		3		32
-0.937  NA   		3		33
-0.777  NA   		3		34
-0.776  NA   		3		35
-0.637  NA   		3		36
-0.780  NA   		3		37
-0.769  NA   		3		38
-0.768  NA   		3		39
-0.765  NA   		3		40
-0.787  NA   		3		41
-0.759  NA   		3		42
-0.756  NA   		3		43
-0.651  NA   		3		44
-0.651  NA   		3		45
-0.661  NA   		3		46
-0.634  NA   		3		47
-0.573  NA   		3		48
-0.683  NA   		3		49
-0.657  NA   		3		50
-0.654  NA   		3		51
-0.610  NA   		3		52
-0.698  NA   		3		53
-0.646  NA   		3		54
-0.638  NA   		3		55
-0.638  NA   		3		56
-0.644  NA   		3		57
-0.636  NA   		3		58
-0.681  NA   		3		59
-0.643  NA   		3		60
-0.646  NA   		3		61
-0.668  NA   		3		62
-0.628  NA   		3		63
-0.944  NA   		3		64
-0.722  NA   		3		65
-0.639  NA   		3		66
-0.624  NA   		3		67
-0.647  NA   		3		68
-0.616  NA   		3		69
-0.618  NA   		3		70
-0.634  NA   		3		71
-0.636  NA   		3		72
-0.566  NA   		3		73
-1.015  NA   		3		74
-0.552  NA   		3		75
-0.641  NA   		3		76
-0.644  NA   		3		77
-0.630  NA   		3		78
-0.848  NA   		3		79
-0.645  NA   		3		80
-0.595  NA   		3		81
-0.647  NA   		3		82
-0.661  NA   		3		83
-0.647  NA   		3		84
-0.647  NA   		3		85
-0.628  NA   		3		86
-0.856  NA   		4		5
-0.856  NA   		4		6
-0.857  NA   		4		7
-0.863  NA   		4		8
-0.870  NA   		4		9
-0.862  NA   		4		10
-0.861  NA   		4		11
-0.861  NA   		4		12
-0.900  NA   		4		13
-0.778  NA   		4		14
-0.783  NA   		4		15
-0.906  NA   		4		16
-0.773  NA   		4		17
-0.849  NA   		4		18
-0.816  NA   		4		19
-0.908  NA   		4		20
-0.903  NA   		4		21
-0.905  NA   		4		22
-0.901  NA   		4		23
-0.895  NA   		4		24
-0.881  NA   		4		25
-0.890  NA   		4		26
-0.854  NA   		4		27
-0.921  NA   		4		28
-0.879  NA   		4		29
-0.880  NA   		4		30
-0.950  NA   		4		31
-0.949  NA   		4		32
-0.933  NA   		4		33
-0.868  NA   		4		34
-0.868  NA   		4		35
-0.770  NA   		4		36
-0.870  NA   		4		37
-0.864  NA   		4		38
-0.863  NA   		4		39
-0.861  NA   		4		40
-0.874  NA   		4		41
-0.858  NA   		4		42
-0.856  NA   		4		43
-0.803  NA   		4		44
-0.803  NA   		4		45
-0.808  NA   		4		46
-0.795  NA   		4		47
-0.768  NA   		4		48
-0.816  NA   		4		49
-0.806  NA   		4		50
-0.804  NA   		4		51
-0.785  NA   		4		52
-0.823  NA   		4		53
-0.801  NA   		4		54
-0.798  NA   		4		55
-0.798  NA   		4		56
-0.801  NA   		4		57
-0.797  NA   		4		58
-0.816  NA   		4		59
-0.800  NA   		4		60
-0.801  NA   		4		61
-0.811  NA   		4		62
-0.792  NA   		4		63
-0.939  NA   		4		64
-0.832  NA   		4		65
-0.798  NA   		4		66
-0.791  NA   		4		67
-0.802  NA   		4		68
-0.787  NA   		4		69
-0.787  NA   		4		70
-0.796  NA   		4		71
-0.797  NA   		4		72
-0.761  NA   		4		73
-0.963  NA   		4		74
-0.752  NA   		4		75
-0.799  NA   		4		76
-0.801  NA   		4		77
-0.794  NA   		4		78
-0.900  NA   		4		79
-0.801  NA   		4		80
-0.777  NA   		4		81
-0.802  NA   		4		82
-0.808  NA   		4		83
-0.802  NA   		4		84
-0.802  NA   		4		85
-0.793  NA   		4		86
-0.759  NA   		5		6
-0.765  NA   		5		7
-0.755  NA   		5		8
-0.753  NA   		5		9
-0.756  NA   		5		10
-0.756  NA   		5		11
-0.756  NA   		5		12
-0.729  NA   		5		13
-0.921  NA   		5		14
-0.923  NA   		5		15
-0.746  NA   		5		16
-0.946  NA   		5		17
-0.848  NA   		5		18
-0.928  NA   		5		19
-0.703  NA   		5		20
-0.673  NA   		5		21
-0.685  NA   		5		22
-0.664  NA   		5		23
-0.643  NA   		5		24
-0.579  NA   		5		25
-0.630  NA   		5		26
-0.911  NA   		5		27
-0.791  NA   		5		28
-0.577  NA   		5		29
-0.742  NA   		5		30
-0.884  NA   		5		31
-0.882  NA   		5		32
-0.980  NA   		5		33
-0.853  NA   		5		34
-0.853  NA   		5		35
-0.735  NA   		5		36
-0.856  NA   		5		37
-0.847  NA   		5		38
-0.846  NA   		5		39
-0.844  NA   		5		40
-0.860  NA   		5		41
-0.840  NA   		5		42
-0.838  NA   		5		43
-0.786  NA   		5		44
-0.786  NA   		5		45
-0.791  NA   		5		46
-0.768  NA   		5		47
-0.738  NA   		5		48
-0.801  NA   		5		49
-0.789  NA   		5		50
-0.784  NA   		5		51
-0.759  NA   		5		52
-0.812  NA   		5		53
-0.781  NA   		5		54
-0.776  NA   		5		55
-0.776  NA   		5		56
-0.780  NA   		5		57
-0.774  NA   		5		58
-0.802  NA   		5		59
-0.779  NA   		5		60
-0.780  NA   		5		61
-0.794  NA   		5		62
-0.769  NA   		5		63
-0.916  NA   		5		64
-0.826  NA   		5		65
-0.776  NA   		5		66
-0.767  NA   		5		67
-0.780  NA   		5		68
-0.763  NA   		5		69
-0.763  NA   		5		70
-0.773  NA   		5		71
-0.774  NA   		5		72
-0.717  NA   		5		73
-1.032  NA   		5		74
-0.707  NA   		5		75
-0.777  NA   		5		76
-0.779  NA   		5		77
-0.770  NA   		5		78
-0.871  NA   		5		79
-0.780  NA   		5		80
-0.748  NA   		5		81
-0.780  NA   		5		82
-0.788  NA   		5		83
-0.780  NA   		5		84
-0.780  NA   		5		85
-0.769  NA   		5		86
-0.768  NA   		6		7
-0.760  NA   		6		8
-0.758  NA   		6		9
-0.760  NA   		6		10
-0.760  NA   		6		11
-0.760  NA   		6		12
-0.731  NA   		6		13
-0.921  NA   		6		14
-0.922  NA   		6		15
-0.752  NA   		6		16
-0.946  NA   		6		17
-0.848  NA   		6		18
-0.928  NA   		6		19
-0.709  NA   		6		20
-0.680  NA   		6		21
-0.692  NA   		6		22
-0.672  NA   		6		23
-0.651  NA   		6		24
-0.589  NA   		6		25
-0.638  NA   		6		26
-0.912  NA   		6		27
-0.795  NA   		6		28
-0.586  NA   		6		29
-0.745  NA   		6		30
-0.886  NA   		6		31
-0.884  NA   		6		32
-0.980  NA   		6		33
-0.854  NA   		6		34
-0.853  NA   		6		35
-0.736  NA   		6		36
-0.856  NA   		6		37
-0.848  NA   		6		38
-0.847  NA   		6		39
-0.845  NA   		6		40
-0.861  NA   		6		41
-0.841  NA   		6		42
-0.838  NA   		6		43
-0.787  NA   		6		44
-0.786  NA   		6		45
-0.792  NA   		6		46
-0.768  NA   		6		47
-0.739  NA   		6		48
-0.802  NA   		6		49
-0.789  NA   		6		50
-0.784  NA   		6		51
-0.759  NA   		6		52
-0.813  NA   		6		53
-0.781  NA   		6		54
-0.777  NA   		6		55
-0.776  NA   		6		56
-0.780  NA   		6		57
-0.774  NA   		6		58
-0.802  NA   		6		59
-0.779  NA   		6		60
-0.781  NA   		6		61
-0.794  NA   		6		62
-0.770  NA   		6		63
-0.917  NA   		6		64
-0.826  NA   		6		65
-0.777  NA   		6		66
-0.768  NA   		6		67
-0.781  NA   		6		68
-0.763  NA   		6		69
-0.763  NA   		6		70
-0.774  NA   		6		71
-0.775  NA   		6		72
-0.717  NA   		6		73
-1.032  NA   		6		74
-0.707  NA   		6		75
-0.778  NA   		6		76
-0.779  NA   		6		77
-0.770  NA   		6		78
-0.871  NA   		6		79
-0.780  NA   		6		80
-0.749  NA   		6		81
-0.781  NA   		6		82
-0.789  NA   		6		83
-0.781  NA   		6		84
-0.781  NA   		6		85
-0.769  NA   		6		86
-0.764  NA   		7		8
-0.762  NA   		7		9
-0.764  NA   		7		10
-0.764  NA   		7		11
-0.764  NA   		7		12
-0.733  NA   		7		13
-0.922  NA   		7		14
-0.923  NA   		7		15
-0.750  NA   		7		16
-0.947  NA   		7		17
-0.850  NA   		7		18
-0.928  NA   		7		19
-0.707  NA   		7		20
-0.678  NA   		7		21
-0.689  NA   		7		22
-0.669  NA   		7		23
-0.648  NA   		7		24
-0.586  NA   		7		25
-0.635  NA   		7		26
-0.912  NA   		7		27
-0.793  NA   		7		28
-0.583  NA   		7		29
-0.740  NA   		7		30
-0.883  NA   		7		31
-0.880  NA   		7		32
-0.979  NA   		7		33
-0.852  NA   		7		34
-0.851  NA   		7		35
-0.733  NA   		7		36
-0.854  NA   		7		37
-0.846  NA   		7		38
-0.845  NA   		7		39
-0.843  NA   		7		40
-0.859  NA   		7		41
-0.839  NA   		7		42
-0.836  NA   		7		43
-0.787  NA   		7		44
-0.787  NA   		7		45
-0.792  NA   		7		46
-0.769  NA   		7		47
-0.739  NA   		7		48
-0.802  NA   		7		49
-0.789  NA   		7		50
-0.784  NA   		7		51
-0.759  NA   		7		52
-0.813  NA   		7		53
-0.781  NA   		7		54
-0.777  NA   		7		55
-0.777  NA   		7		56
-0.780  NA   		7		57
-0.775  NA   		7		58
-0.803  NA   		7		59
-0.780  NA   		7		60
-0.781  NA   		7		61
-0.794  NA   		7		62
-0.770  NA   		7		63
-0.915  NA   		7		64
-0.827  NA   		7		65
-0.777  NA   		7		66
-0.768  NA   		7		67
-0.781  NA   		7		68
-0.763  NA   		7		69
-0.763  NA   		7		70
-0.774  NA   		7		71
-0.775  NA   		7		72
-0.718  NA   		7		73
-1.032  NA   		7		74
-0.708  NA   		7		75
-0.778  NA   		7		76
-0.779  NA   		7		77
-0.771  NA   		7		78
-0.871  NA   		7		79
-0.781  NA   		7		80
-0.749  NA   		7		81
-0.781  NA   		7		82
-0.789  NA   		7		83
-0.781  NA   		7		84
-0.781  NA   		7		85
-0.769  NA   		7		86
-0.756  NA   		8		9
-0.756  NA   		8		10
-0.756  NA   		8		11
-0.756  NA   		8		12
-0.742  NA   		8		13
-0.925  NA   		8		14
-0.926  NA   		8		15
-0.757  NA   		8		16
-0.948  NA   		8		17
-0.846  NA   		8		18
-0.931  NA   		8		19
-0.717  NA   		8		20
-0.688  NA   		8		21
-0.700  NA   		8		22
-0.680  NA   		8		23
-0.659  NA   		8		24
-0.598  NA   		8		25
-0.646  NA   		8		26
-0.916  NA   		8		27
-0.799  NA   		8		28
-0.596  NA   		8		29
-0.750  NA   		8		30
-0.888  NA   		8		31
-0.886  NA   		8		32
-0.982  NA   		8		33
-0.859  NA   		8		34
-0.858  NA   		8		35
-0.742  NA   		8		36
-0.861  NA   		8		37
-0.853  NA   		8		38
-0.852  NA   		8		39
-0.850  NA   		8		40
-0.866  NA   		8		41
-0.846  NA   		8		42
-0.843  NA   		8		43
-0.795  NA   		8		44
-0.795  NA   		8		45
-0.800  NA   		8		46
-0.777  NA   		8		47
-0.749  NA   		8		48
-0.810  NA   		8		49
-0.798  NA   		8		50
-0.793  NA   		8		51
-0.769  NA   		8		52
-0.821  NA   		8		53
-0.790  NA   		8		54
-0.786  NA   		8		55
-0.785  NA   		8		56
-0.789  NA   		8		57
-0.783  NA   		8		58
-0.811  NA   		8		59
-0.788  NA   		8		60
-0.790  NA   		8		61
-0.803  NA   		8		62
-0.779  NA   		8		63
-0.919  NA   		8		64
-0.834  NA   		8		65
-0.786  NA   		8		66
-0.777  NA   		8		67
-0.790  NA   		8		68
-0.772  NA   		8		69
-0.772  NA   		8		70
-0.783  NA   		8		71
-0.784  NA   		8		72
-0.728  NA   		8		73
-1.033  NA   		8		74
-0.718  NA   		8		75
-0.787  NA   		8		76
-0.788  NA   		8		77
-0.779  NA   		8		78
-0.876  NA   		8		79
-0.789  NA   		8		80
-0.758  NA   		8		81
-0.789  NA   		8		82
-0.797  NA   		8		83
-0.790  NA   		8		84
-0.790  NA   		8		85
-0.778  NA   		8		86
-0.756  NA   		9		10
-0.756  NA   		9		11
-0.756  NA   		9		12
-0.756  NA   		9		13
-0.929  NA   		9		14
-0.930  NA   		9		15
-0.771  NA   		9		16
-0.950  NA   		9		17
-0.844  NA   		9		18
-0.935  NA   		9		19
-0.732  NA   		9		20
-0.706  NA   		9		21
-0.717  NA   		9		22
-0.698  NA   		9		23
-0.678  NA   		9		24
-0.621  NA   		9		25
-0.666  NA   		9		26
-0.921  NA   		9		27
-0.809  NA   		9		28
-0.619  NA   		9		29
-0.759  NA   		9		30
-0.893  NA   		9		31
-0.890  NA   		9		32
-0.984  NA   		9		33
-0.865  NA   		9		34
-0.864  NA   		9		35
-0.750  NA   		9		36
-0.867  NA   		9		37
-0.859  NA   		9		38
-0.858  NA   		9		39
-0.856  NA   		9		40
-0.871  NA   		9		41
-0.852  NA   		9		42
-0.850  NA   		9		43
-0.806  NA   		9		44
-0.806  NA   		9		45
-0.811  NA   		9		46
-0.788  NA   		9		47
-0.761  NA   		9		48
-0.820  NA   		9		49
-0.808  NA   		9		50
-0.803  NA   		9		51
-0.780  NA   		9		52
-0.830  NA   		9		53
-0.801  NA   		9		54
-0.796  NA   		9		55
-0.796  NA   		9		56
-0.800  NA   		9		57
-0.794  NA   		9		58
-0.821  NA   		9		59
-0.799  NA   		9		60
-0.800  NA   		9		61
-0.813  NA   		9		62
-0.790  NA   		9		63
-0.921  NA   		9		64
-0.843  NA   		9		65
-0.797  NA   		9		66
-0.788  NA   		9		67
-0.800  NA   		9		68
-0.784  NA   		9		69
-0.784  NA   		9		70
-0.794  NA   		9		71
-0.795  NA   		9		72
-0.740  NA   		9		73
-1.033  NA   		9		74
-0.731  NA   		9		75
-0.798  NA   		9		76
-0.799  NA   		9		77
-0.790  NA   		9		78
-0.883  NA   		9		79
-0.800  NA   		9		80
-0.770  NA   		9		81
-0.800  NA   		9		82
-0.808  NA   		9		83
-0.800  NA   		9		84
-0.800  NA   		9		85
-0.789  NA   		9		86
-0.756  NA   		10		11
-0.756  NA   		10		12
-0.739  NA   		10		13
-0.924  NA   		10		14
-0.926  NA   		10		15
-0.755  NA   		10		16
-0.948  NA   		10		17
-0.846  NA   		10		18
-0.931  NA   		10		19
-0.714  NA   		10		20
-0.685  NA   		10		21
-0.697  NA   		10		22
-0.677  NA   		10		23
-0.656  NA   		10		24
-0.594  NA   		10		25
-0.643  NA   		10		26
-0.915  NA   		10		27
-0.798  NA   		10		28
-0.593  NA   		10		29
-0.748  NA   		10		30
-0.888  NA   		10		31
-0.885  NA   		10		32
-0.982  NA   		10		33
-0.858  NA   		10		34
-0.858  NA   		10		35
-0.741  NA   		10		36
-0.861  NA   		10		37
-0.852  NA   		10		38
-0.851  NA   		10		39
-0.849  NA   		10		40
-0.865  NA   		10		41
-0.845  NA   		10		42
-0.843  NA   		10		43
-0.794  NA   		10		44
-0.794  NA   		10		45
-0.799  NA   		10		46
-0.776  NA   		10		47
-0.747  NA   		10		48
-0.809  NA   		10		49
-0.797  NA   		10		50
-0.791  NA   		10		51
-0.767  NA   		10		52
-0.819  NA   		10		53
-0.789  NA   		10		54
-0.784  NA   		10		55
-0.784  NA   		10		56
-0.788  NA   		10		57
-0.782  NA   		10		58
-0.809  NA   		10		59
-0.787  NA   		10		60
-0.788  NA   		10		61
-0.801  NA   		10		62
-0.778  NA   		10		63
-0.918  NA   		10		64
-0.833  NA   		10		65
-0.784  NA   		10		66
-0.775  NA   		10		67
-0.788  NA   		10		68
-0.771  NA   		10		69
-0.771  NA   		10		70
-0.781  NA   		10		71
-0.782  NA   		10		72
-0.726  NA   		10		73
-1.033  NA   		10		74
-0.716  NA   		10		75
-0.785  NA   		10		76
-0.787  NA   		10		77
-0.778  NA   		10		78
-0.876  NA   		10		79
-0.788  NA   		10		80
-0.757  NA   		10		81
-0.788  NA   		10		82
-0.796  NA   		10		83
-0.788  NA   		10		84
-0.788  NA   		10		85
-0.777  NA   		10		86
-0.756  NA   		11		12
-0.737  NA   		11		13
-0.924  NA   		11		14
-0.925  NA   		11		15
-0.753  NA   		11		16
-0.948  NA   		11		17
-0.846  NA   		11		18
-0.930  NA   		11		19
-0.712  NA   		11		20
-0.683  NA   		11		21
-0.695  NA   		11		22
-0.674  NA   		11		23
-0.654  NA   		11		24
-0.591  NA   		11		25
-0.641  NA   		11		26
-0.915  NA   		11		27
-0.797  NA   		11		28
-0.590  NA   		11		29
-0.747  NA   		11		30
-0.887  NA   		11		31
-0.885  NA   		11		32
-0.982  NA   		11		33
-0.857  NA   		11		34
-0.857  NA   		11		35
-0.740  NA   		11		36
-0.860  NA   		11		37
-0.851  NA   		11		38
-0.850  NA   		11		39
-0.848  NA   		11		40
-0.864  NA   		11		41
-0.844  NA   		11		42
-0.842  NA   		11		43
-0.793  NA   		11		44
-0.792  NA   		11		45
-0.798  NA   		11		46
-0.775  NA   		11		47
-0.746  NA   		11		48
-0.807  NA   		11		49
-0.795  NA   		11		50
-0.790  NA   		11		51
-0.766  NA   		11		52
-0.818  NA   		11		53
-0.787  NA   		11		54
-0.783  NA   		11		55
-0.783  NA   		11		56
-0.786  NA   		11		57
-0.780  NA   		11		58
-0.808  NA   		11		59
-0.786  NA   		11		60
-0.787  NA   		11		61
-0.800  NA   		11		62
-0.776  NA   		11		63
-0.918  NA   		11		64
-0.832  NA   		11		65
-0.783  NA   		11		66
-0.774  NA   		11		67
-0.787  NA   		11		68
-0.769  NA   		11		69
-0.770  NA   		11		70
-0.780  NA   		11		71
-0.781  NA   		11		72
-0.724  NA   		11		73
-1.033  NA   		11		74
-0.715  NA   		11		75
-0.784  NA   		11		76
-0.785  NA   		11		77
-0.777  NA   		11		78
-0.875  NA   		11		79
-0.786  NA   		11		80
-0.755  NA   		11		81
-0.787  NA   		11		82
-0.795  NA   		11		83
-0.787  NA   		11		84
-0.787  NA   		11		85
-0.775  NA   		11		86
-0.737  NA   		12		13
-0.924  NA   		12		14
-0.925  NA   		12		15
-0.753  NA   		12		16
-0.948  NA   		12		17
-0.846  NA   		12		18
-0.930  NA   		12		19
-0.712  NA   		12		20
-0.683  NA   		12		21
-0.694  NA   		12		22
-0.674  NA   		12		23
-0.654  NA   		12		24
-0.591  NA   		12		25
-0.640  NA   		12		26
-0.915  NA   		12		27
-0.796  NA   		12		28
-0.589  NA   		12		29
-0.747  NA   		12		30
-0.887  NA   		12		31
-0.885  NA   		12		32
-0.982  NA   		12		33
-0.857  NA   		12		34
-0.857  NA   		12		35
-0.740  NA   		12		36
-0.860  NA   		12		37
-0.851  NA   		12		38
-0.850  NA   		12		39
-0.848  NA   		12		40
-0.864  NA   		12		41
-0.844  NA   		12		42
-0.842  NA   		12		43
-0.792  NA   		12		44
-0.792  NA   		12		45
-0.798  NA   		12		46
-0.774  NA   		12		47
-0.745  NA   		12		48
-0.807  NA   		12		49
-0.795  NA   		12		50
-0.790  NA   		12		51
-0.766  NA   		12		52
-0.818  NA   		12		53
-0.787  NA   		12		54
-0.783  NA   		12		55
-0.782  NA   		12		56
-0.786  NA   		12		57
-0.780  NA   		12		58
-0.808  NA   		12		59
-0.786  NA   		12		60
-0.787  NA   		12		61
-0.800  NA   		12		62
-0.776  NA   		12		63
-0.918  NA   		12		64
-0.832  NA   		12		65
-0.783  NA   		12		66
-0.774  NA   		12		67
-0.787  NA   		12		68
-0.769  NA   		12		69
-0.769  NA   		12		70
-0.780  NA   		12		71
-0.781  NA   		12		72
-0.724  NA   		12		73
-1.033  NA   		12		74
-0.715  NA   		12		75
-0.784  NA   		12		76
-0.785  NA   		12		77
-0.776  NA   		12		78
-0.875  NA   		12		79
-0.786  NA   		12		80
-0.755  NA   		12		81
-0.786  NA   		12		82
-0.794  NA   		12		83
-0.787  NA   		12		84
-0.787  NA   		12		85
-0.775  NA   		12		86
-0.899  NA   		13		14
-0.901  NA   		13		15
-0.764  NA   		13		16
-0.897  NA   		13		17
-0.655  NA   		13		18
-0.910  NA   		13		19
-0.775  NA   		13		20
-0.762  NA   		13		21
-0.768  NA   		13		22
-0.757  NA   		13		23
-0.748  NA   		13		24
-0.706  NA   		13		25
-0.740  NA   		13		26
-0.920  NA   		13		27
-0.823  NA   		13		28
-0.705  NA   		13		29
-0.811  NA   		13		30
-0.907  NA   		13		31
-0.906  NA   		13		32
-0.977  NA   		13		33
-0.901  NA   		13		34
-0.900  NA   		13		35
-0.804  NA   		13		36
-0.903  NA   		13		37
-0.896  NA   		13		38
-0.896  NA   		13		39
-0.894  NA   		13		40
-0.906  NA   		13		41
-0.891  NA   		13		42
-0.889  NA   		13		43
-0.863  NA   		13		44
-0.863  NA   		13		45
-0.867  NA   		13		46
-0.852  NA   		13		47
-0.833  NA   		13		48
-0.872  NA   		13		49
-0.865  NA   		13		50
-0.862  NA   		13		51
-0.846  NA   		13		52
-0.879  NA   		13		53
-0.860  NA   		13		54
-0.858  NA   		13		55
-0.857  NA   		13		56
-0.860  NA   		13		57
-0.856  NA   		13		58
-0.873  NA   		13		59
-0.859  NA   		13		60
-0.860  NA   		13		61
-0.868  NA   		13		62
-0.853  NA   		13		63
-0.921  NA   		13		64
-0.887  NA   		13		65
-0.858  NA   		13		66
-0.852  NA   		13		67
-0.860  NA   		13		68
-0.849  NA   		13		69
-0.849  NA   		13		70
-0.856  NA   		13		71
-0.856  NA   		13		72
-0.818  NA   		13		73
-1.005  NA   		13		74
-0.809  NA   		13		75
-0.858  NA   		13		76
-0.859  NA   		13		77
-0.853  NA   		13		78
-0.931  NA   		13		79
-0.860  NA   		13		80
-0.840  NA   		13		81
-0.860  NA   		13		82
-0.865  NA   		13		83
-0.860  NA   		13		84
-0.860  NA   		13		85
-0.853  NA   		13		86
-0.795  NA   		14		15
-0.905  NA   		14		16
-0.826  NA   		14		17
-0.910  NA   		14		18
-0.830  NA   		14		19
-0.889  NA   		14		20
-0.877  NA   		14		21
-0.882  NA   		14		22
-0.874  NA   		14		23
-0.861  NA   		14		24
-0.835  NA   		14		25
-0.851  NA   		14		26
-0.838  NA   		14		27
-0.934  NA   		14		28
-0.831  NA   		14		29
-0.853  NA   		14		30
-0.960  NA   		14		31
-0.959  NA   		14		32
-0.954  NA   		14		33
-0.820  NA   		14		34
-0.819  NA   		14		35
-0.690  NA   		14		36
-0.823  NA   		14		37
-0.813  NA   		14		38
-0.812  NA   		14		39
-0.809  NA   		14		40
-0.829  NA   		14		41
-0.805  NA   		14		42
-0.802  NA   		14		43
-0.615  NA   		14		44
-0.615  NA   		14		45
-0.632  NA   		14		46
-0.612  NA   		14		47
-0.509  NA   		14		48
-0.667  NA   		14		49
-0.628  NA   		14		50
-0.631  NA   		14		51
-0.569  NA   		14		52
-0.684  NA   		14		53
-0.617  NA   		14		54
-0.607  NA   		14		55
-0.607  NA   		14		56
-0.615  NA   		14		57
-0.607  NA   		14		58
-0.663  NA   		14		59
-0.615  NA   		14		60
-0.618  NA   		14		61
-0.649  NA   		14		62
-0.590  NA   		14		63
-0.953  NA   		14		64
-0.715  NA   		14		65
-0.609  NA   		14		66
-0.584  NA   		14		67
-0.622  NA   		14		68
-0.575  NA   		14		69
-0.578  NA   		14		70
-0.603  NA   		14		71
-0.606  NA   		14		72
-0.512  NA   		14		73
-1.004  NA   		14		74
-0.512  NA   		14		75
-0.614  NA   		14		76
-0.618  NA   		14		77
-0.599  NA   		14		78
-0.870  NA   		14		79
-0.620  NA   		14		80
-0.555  NA   		14		81
-0.622  NA   		14		82
-0.642  NA   		14		83
-0.622  NA   		14		84
-0.622  NA   		14		85
-0.597  NA   		14		86
-0.902  NA   		15		16
-0.823  NA   		15		17
-0.909  NA   		15		18
-0.826  NA   		15		19
-0.887  NA   		15		20
-0.874  NA   		15		21
-0.879  NA   		15		22
-0.870  NA   		15		23
-0.858  NA   		15		24
-0.831  NA   		15		25
-0.847  NA   		15		26
-0.833  NA   		15		27
-0.932  NA   		15		28
-0.827  NA   		15		29
-0.853  NA   		15		30
-0.961  NA   		15		31
-0.959  NA   		15		32
-0.955  NA   		15		33
-0.819  NA   		15		34
-0.819  NA   		15		35
-0.690  NA   		15		36
-0.823  NA   		15		37
-0.813  NA   		15		38
-0.811  NA   		15		39
-0.809  NA   		15		40
-0.829  NA   		15		41
-0.804  NA   		15		42
-0.802  NA   		15		43
-0.583  NA   		15		44
-0.583  NA   		15		45
-0.603  NA   		15		46
-0.585  NA   		15		47
-0.462  NA   		15		48
-0.644  NA   		15		49
-0.599  NA   		15		50
-0.605  NA   		15		51
-0.534  NA   		15		52
-0.664  NA   		15		53
-0.588  NA   		15		54
-0.577  NA   		15		55
-0.577  NA   		15		56
-0.586  NA   		15		57
-0.578  NA   		15		58
-0.647  NA   		15		59
-0.586  NA   		15		60
-0.590  NA   		15		61
-0.625  NA   		15		62
-0.557  NA   		15		63
-0.953  NA   		15		64
-0.698  NA   		15		65
-0.580  NA   		15		66
-0.551  NA   		15		67
-0.595  NA   		15		68
-0.540  NA   		15		69
-0.544  NA   		15		70
-0.573  NA   		15		71
-0.576  NA   		15		72
-0.473  NA   		15		73
-1.003  NA   		15		74
-0.478  NA   		15		75
-0.585  NA   		15		76
-0.591  NA   		15		77
-0.570  NA   		15		78
-0.866  NA   		15		79
-0.593  NA   		15		80
-0.520  NA   		15		81
-0.595  NA   		15		82
-0.618  NA   		15		83
-0.595  NA   		15		84
-0.595  NA   		15		85
-0.568  NA   		15		86
-0.900  NA   		16		17
-0.643  NA   		16		18
-0.912  NA   		16		19
-0.764  NA   		16		20
-0.744  NA   		16		21
-0.751  NA   		16		22
-0.738  NA   		16		23
-0.728  NA   		16		24
-0.676  NA   		16		25
-0.720  NA   		16		26
-0.920  NA   		16		27
-0.818  NA   		16		28
-0.677  NA   		16		29
-0.809  NA   		16		30
-0.908  NA   		16		31
-0.907  NA   		16		32
-0.980  NA   		16		33
-0.901  NA   		16		34
-0.901  NA   		16		35
-0.804  NA   		16		36
-0.904  NA   		16		37
-0.897  NA   		16		38
-0.896  NA   		16		39
-0.895  NA   		16		40
-0.907  NA   		16		41
-0.892  NA   		16		42
-0.890  NA   		16		43
-0.861  NA   		16		44
-0.861  NA   		16		45
-0.864  NA   		16		46
-0.849  NA   		16		47
-0.830  NA   		16		48
-0.870  NA   		16		49
-0.863  NA   		16		50
-0.859  NA   		16		51
-0.843  NA   		16		52
-0.877  NA   		16		53
-0.858  NA   		16		54
-0.855  NA   		16		55
-0.855  NA   		16		56
-0.857  NA   		16		57
-0.853  NA   		16		58
-0.872  NA   		16		59
-0.857  NA   		16		60
-0.857  NA   		16		61
-0.866  NA   		16		62
-0.850  NA   		16		63
-0.921  NA   		16		64
-0.885  NA   		16		65
-0.855  NA   		16		66
-0.849  NA   		16		67
-0.857  NA   		16		68
-0.846  NA   		16		69
-0.846  NA   		16		70
-0.853  NA   		16		71
-0.854  NA   		16		72
-0.814  NA   		16		73
-1.007  NA   		16		74
-0.805  NA   		16		75
-0.856  NA   		16		76
-0.856  NA   		16		77
-0.851  NA   		16		78
-0.931  NA   		16		79
-0.857  NA   		16		80
-0.836  NA   		16		81
-0.857  NA   		16		82
-0.862  NA   		16		83
-0.857  NA   		16		84
-0.857  NA   		16		85
-0.850  NA   		16		86
-0.921  NA   		17		18
-0.777  NA   		17		19
-0.867  NA   		17		20
-0.852  NA   		17		21
-0.858  NA   		17		22
-0.848  NA   		17		23
-0.832  NA   		17		24
-0.800  NA   		17		25
-0.820  NA   		17		26
-0.815  NA   		17		27
-0.928  NA   		17		28
-0.796  NA   		17		29
-0.828  NA   		17		30
-0.954  NA   		17		31
-0.952  NA   		17		32
-0.953  NA   		17		33
-0.784  NA   		17		34
-0.783  NA   		17		35
-0.642  NA   		17		36
-0.788  NA   		17		37
-0.776  NA   		17		38
-0.775  NA   		17		39
-0.772  NA   		17		40
-0.794  NA   		17		41
-0.767  NA   		17		42
-0.763  NA   		17		43
-0.494  NA   		17		44
-0.494  NA   		17		45
-0.518  NA   		17		46
-0.499  NA   		17		47
-0.356  NA   		17		48
-0.569  NA   		17		49
-0.513  NA   		17		50
-0.522  NA   		17		51
-0.440  NA   		17		52
-0.592  NA   		17		53
-0.502  NA   		17		54
-0.489  NA   		17		55
-0.489  NA   		17		56
-0.500  NA   		17		57
-0.490  NA   		17		58
-0.563  NA   		17		59
-0.500  NA   		17		60
-0.504  NA   		17		61
-0.546  NA   		17		62
-0.466  NA   		17		63
-0.948  NA   		17		64
-0.634  NA   		17		65
-0.492  NA   		17		66
-0.459  NA   		17		67
-0.510  NA   		17		68
-0.446  NA   		17		69
-0.450  NA   		17		70
-0.485  NA   		17		71
-0.488  NA   		17		72
-0.370  NA   		17		73
-1.011  NA   		17		74
-0.371  NA   		17		75
-0.499  NA   		17		76
-0.505  NA   		17		77
-0.481  NA   		17		78
-0.838  NA   		17		79
-0.507  NA   		17		80
-0.424  NA   		17		81
-0.510  NA   		17		82
-0.537  NA   		17		83
-0.510  NA   		17		84
-0.511  NA   		17		85
-0.478  NA   		17		86
-0.892  NA   		18		19
-0.512  NA   		18		20
-0.450  NA   		18		21
-0.479  NA   		18		22
-0.433  NA   		18		23
-0.413  NA   		18		24
-0.268  NA   		18		25
-0.399  NA   		18		26
-0.885  NA   		18		27
-0.671  NA   		18		28
-0.262  NA   		18		29
-0.704  NA   		18		30
-0.866  NA   		18		31
-0.864  NA   		18		32
-0.976  NA   		18		33
-0.836  NA   		18		34
-0.836  NA   		18		35
-0.711  NA   		18		36
-0.839  NA   		18		37
-0.830  NA   		18		38
-0.829  NA   		18		39
-0.826  NA   		18		40
-0.844  NA   		18		41
-0.822  NA   		18		42
-0.819  NA   		18		43
-0.732  NA   		18		44
-0.732  NA   		18		45
-0.738  NA   		18		46
-0.712  NA   		18		47
-0.675  NA   		18		48
-0.751  NA   		18		49
-0.735  NA   		18		50
-0.730  NA   		18		51
-0.700  NA   		18		52
-0.764  NA   		18		53
-0.726  NA   		18		54
-0.721  NA   		18		55
-0.720  NA   		18		56
-0.725  NA   		18		57
-0.718  NA   		18		58
-0.752  NA   		18		59
-0.724  NA   		18		60
-0.726  NA   		18		61
-0.742  NA   		18		62
-0.713  NA   		18		63
-0.898  NA   		18		64
-0.780  NA   		18		65
-0.721  NA   		18		66
-0.710  NA   		18		67
-0.726  NA   		18		68
-0.705  NA   		18		69
-0.705  NA   		18		70
-0.717  NA   		18		71
-0.719  NA   		18		72
-0.647  NA   		18		73
-1.030  NA   		18		74
-0.637  NA   		18		75
-0.722  NA   		18		76
-0.724  NA   		18		77
-0.713  NA   		18		78
-0.873  NA   		18		79
-0.725  NA   		18		80
-0.688  NA   		18		81
-0.725  NA   		18		82
-0.735  NA   		18		83
-0.726  NA   		18		84
-0.726  NA   		18		85
-0.712  NA   		18		86
-0.889  NA   		19		20
-0.877  NA   		19		21
-0.882  NA   		19		22
-0.874  NA   		19		23
-0.862  NA   		19		24
-0.836  NA   		19		25
-0.852  NA   		19		26
-0.841  NA   		19		27
-0.933  NA   		19		28
-0.832  NA   		19		29
-0.862  NA   		19		30
-0.966  NA   		19		31
-0.964  NA   		19		32
-0.962  NA   		19		33
-0.835  NA   		19		34
-0.835  NA   		19		35
-0.710  NA   		19		36
-0.838  NA   		19		37
-0.829  NA   		19		38
-0.828  NA   		19		39
-0.825  NA   		19		40
-0.843  NA   		19		41
-0.821  NA   		19		42
-0.818  NA   		19		43
-0.623  NA   		19		44
-0.622  NA   		19		45
-0.639  NA   		19		46
-0.620  NA   		19		47
-0.518  NA   		19		48
-0.674  NA   		19		49
-0.635  NA   		19		50
-0.638  NA   		19		51
-0.580  NA   		19		52
-0.691  NA   		19		53
-0.626  NA   		19		54
-0.616  NA   		19		55
-0.616  NA   		19		56
-0.624  NA   		19		57
-0.617  NA   		19		58
-0.670  NA   		19		59
-0.624  NA   		19		60
-0.627  NA   		19		61
-0.657  NA   		19		62
-0.599  NA   		19		63
-0.952  NA   		19		64
-0.721  NA   		19		65
-0.618  NA   		19		66
-0.594  NA   		19		67
-0.630  NA   		19		68
-0.584  NA   		19		69
-0.588  NA   		19		70
-0.612  NA   		19		71
-0.615  NA   		19		72
-0.522  NA   		19		73
-1.001  NA   		19		74
-0.522  NA   		19		75
-0.622  NA   		19		76
-0.627  NA   		19		77
-0.608  NA   		19		78
-0.871  NA   		19		79
-0.629  NA   		19		80
-0.564  NA   		19		81
-0.630  NA   		19		82
-0.650  NA   		19		83
-0.630  NA   		19		84
-0.631  NA   		19		85
-0.606  NA   		19		86
-0.722  NA   		20		21
-0.727  NA   		20		22
-0.718  NA   		20		23
-0.724  NA   		20		24
-0.673  NA   		20		25
-0.718  NA   		20		26
-0.898  NA   		20		27
-0.758  NA   		20		28
-0.673  NA   		20		29
-0.831  NA   		20		30
-0.903  NA   		20		31
-0.903  NA   		20		32
-0.968  NA   		20		33
-0.911  NA   		20		34
-0.911  NA   		20		35
-0.824  NA   		20		36
-0.913  NA   		20		37
-0.908  NA   		20		38
-0.907  NA   		20		39
-0.906  NA   		20		40
-0.915  NA   		20		41
-0.903  NA   		20		42
-0.901  NA   		20		43
-0.873  NA   		20		44
-0.873  NA   		20		45
-0.875  NA   		20		46
-0.864  NA   		20		47
-0.849  NA   		20		48
-0.879  NA   		20		49
-0.874  NA   		20		50
-0.872  NA   		20		51
-0.860  NA   		20		52
-0.885  NA   		20		53
-0.871  NA   		20		54
-0.869  NA   		20		55
-0.869  NA   		20		56
-0.870  NA   		20		57
-0.867  NA   		20		58
-0.880  NA   		20		59
-0.870  NA   		20		60
-0.871  NA   		20		61
-0.877  NA   		20		62
-0.865  NA   		20		63
-0.912  NA   		20		64
-0.890  NA   		20		65
-0.869  NA   		20		66
-0.864  NA   		20		67
-0.871  NA   		20		68
-0.862  NA   		20		69
-0.862  NA   		20		70
-0.867  NA   		20		71
-0.868  NA   		20		72
-0.837  NA   		20		73
-0.986  NA   		20		74
-0.829  NA   		20		75
-0.869  NA   		20		76
-0.870  NA   		20		77
-0.866  NA   		20		78
-0.932  NA   		20		79
-0.871  NA   		20		80
-0.854  NA   		20		81
-0.871  NA   		20		82
-0.874  NA   		20		83
-0.871  NA   		20		84
-0.871  NA   		20		85
-0.865  NA   		20		86
-0.722  NA   		21		22
-0.718  NA   		21		23
-0.729  NA   		21		24
-0.692  NA   		21		25
-0.726  NA   		21		26
-0.889  NA   		21		27
-0.733  NA   		21		28
-0.693  NA   		21		29
-0.832  NA   		21		30
-0.897  NA   		21		31
-0.897  NA   		21		32
-0.961  NA   		21		33
-0.910  NA   		21		34
-0.910  NA   		21		35
-0.826  NA   		21		36
-0.912  NA   		21		37
-0.907  NA   		21		38
-0.906  NA   		21		39
-0.905  NA   		21		40
-0.914  NA   		21		41
-0.902  NA   		21		42
-0.901  NA   		21		43
-0.873  NA   		21		44
-0.873  NA   		21		45
-0.875  NA   		21		46
-0.865  NA   		21		47
-0.852  NA   		21		48
-0.879  NA   		21		49
-0.874  NA   		21		50
-0.872  NA   		21		51
-0.861  NA   		21		52
-0.883  NA   		21		53
-0.871  NA   		21		54
-0.869  NA   		21		55
-0.869  NA   		21		56
-0.871  NA   		21		57
-0.868  NA   		21		58
-0.880  NA   		21		59
-0.871  NA   		21		60
-0.871  NA   		21		61
-0.877  NA   		21		62
-0.866  NA   		21		63
-0.908  NA   		21		64
-0.888  NA   		21		65
-0.869  NA   		21		66
-0.865  NA   		21		67
-0.871  NA   		21		68
-0.863  NA   		21		69
-0.863  NA   		21		70
-0.868  NA   		21		71
-0.869  NA   		21		72
-0.840  NA   		21		73
-0.977  NA   		21		74
-0.833  NA   		21		75
-0.870  NA   		21		76
-0.870  NA   		21		77
-0.867  NA   		21		78
-0.930  NA   		21		79
-0.871  NA   		21		80
-0.856  NA   		21		81
-0.871  NA   		21		82
-0.874  NA   		21		83
-0.871  NA   		21		84
-0.871  NA   		21		85
-0.866  NA   		21		86
-0.719  NA   		22		23
-0.728  NA   		22		24
-0.685  NA   		22		25
-0.723  NA   		22		26
-0.893  NA   		22		27
-0.742  NA   		22		28
-0.686  NA   		22		29
-0.832  NA   		22		30
-0.899  NA   		22		31
-0.899  NA   		22		32
-0.964  NA   		22		33
-0.911  NA   		22		34
-0.910  NA   		22		35
-0.825  NA   		22		36
-0.912  NA   		22		37
-0.907  NA   		22		38
-0.906  NA   		22		39
-0.905  NA   		22		40
-0.915  NA   		22		41
-0.903  NA   		22		42
-0.901  NA   		22		43
-0.873  NA   		22		44
-0.873  NA   		22		45
-0.875  NA   		22		46
-0.865  NA   		22		47
-0.851  NA   		22		48
-0.879  NA   		22		49
-0.874  NA   		22		50
-0.872  NA   		22		51
-0.861  NA   		22		52
-0.884  NA   		22		53
-0.871  NA   		22		54
-0.869  NA   		22		55
-0.869  NA   		22		56
-0.871  NA   		22		57
-0.868  NA   		22		58
-0.881  NA   		22		59
-0.871  NA   		22		60
-0.871  NA   		22		61
-0.877  NA   		22		62
-0.866  NA   		22		63
-0.910  NA   		22		64
-0.889  NA   		22		65
-0.869  NA   		22		66
-0.865  NA   		22		67
-0.871  NA   		22		68
-0.863  NA   		22		69
-0.863  NA   		22		70
-0.868  NA   		22		71
-0.869  NA   		22		72
-0.839  NA   		22		73
-0.981  NA   		22		74
-0.832  NA   		22		75
-0.870  NA   		22		76
-0.871  NA   		22		77
-0.867  NA   		22		78
-0.931  NA   		22		79
-0.871  NA   		22		80
-0.856  NA   		22		81
-0.871  NA   		22		82
-0.875  NA   		22		83
-0.871  NA   		22		84
-0.871  NA   		22		85
-0.866  NA   		22		86
-0.729  NA   		23		24
-0.696  NA   		23		25
-0.727  NA   		23		26
-0.887  NA   		23		27
-0.725  NA   		23		28
-0.696  NA   		23		29
-0.832  NA   		23		30
-0.895  NA   		23		31
-0.895  NA   		23		32
-0.958  NA   		23		33
-0.910  NA   		23		34
-0.909  NA   		23		35
-0.827  NA   		23		36
-0.911  NA   		23		37
-0.906  NA   		23		38
-0.906  NA   		23		39
-0.904  NA   		23		40
-0.914  NA   		23		41
-0.902  NA   		23		42
-0.901  NA   		23		43
-0.873  NA   		23		44
-0.873  NA   		23		45
-0.875  NA   		23		46
-0.865  NA   		23		47
-0.852  NA   		23		48
-0.878  NA   		23		49
-0.874  NA   		23		50
-0.872  NA   		23		51
-0.861  NA   		23		52
-0.883  NA   		23		53
-0.871  NA   		23		54
-0.869  NA   		23		55
-0.869  NA   		23		56
-0.871  NA   		23		57
-0.868  NA   		23		58
-0.880  NA   		23		59
-0.870  NA   		23		60
-0.871  NA   		23		61
-0.876  NA   		23		62
-0.866  NA   		23		63
-0.907  NA   		23		64
-0.887  NA   		23		65
-0.869  NA   		23		66
-0.865  NA   		23		67
-0.871  NA   		23		68
-0.863  NA   		23		69
-0.863  NA   		23		70
-0.868  NA   		23		71
-0.868  NA   		23		72
-0.841  NA   		23		73
-0.975  NA   		23		74
-0.834  NA   		23		75
-0.870  NA   		23		76
-0.870  NA   		23		77
-0.867  NA   		23		78
-0.929  NA   		23		79
-0.871  NA   		23		80
-0.857  NA   		23		81
-0.871  NA   		23		82
-0.874  NA   		23		83
-0.871  NA   		23		84
-0.871  NA   		23		85
-0.866  NA   		23		86
-0.703  NA   		24		25
-0.728  NA   		24		26
-0.874  NA   		24		27
-0.688  NA   		24		28
-0.703  NA   		24		29
-0.832  NA   		24		30
-0.886  NA   		24		31
-0.886  NA   		24		32
-0.948  NA   		24		33
-0.906  NA   		24		34
-0.906  NA   		24		35
-0.827  NA   		24		36
-0.908  NA   		24		37
-0.903  NA   		24		38
-0.903  NA   		24		39
-0.902  NA   		24		40
-0.910  NA   		24		41
-0.899  NA   		24		42
-0.898  NA   		24		43
-0.869  NA   		24		44
-0.869  NA   		24		45
-0.871  NA   		24		46
-0.862  NA   		24		47
-0.851  NA   		24		48
-0.874  NA   		24		49
-0.870  NA   		24		50
-0.868  NA   		24		51
-0.859  NA   		24		52
-0.878  NA   		24		53
-0.868  NA   		24		54
-0.866  NA   		24		55
-0.866  NA   		24		56
-0.867  NA   		24		57
-0.865  NA   		24		58
-0.875  NA   		24		59
-0.867  NA   		24		60
-0.868  NA   		24		61
-0.873  NA   		24		62
-0.864  NA   		24		63
-0.901  NA   		24		64
-0.882  NA   		24		65
-0.866  NA   		24		66
-0.863  NA   		24		67
-0.868  NA   		24		68
-0.861  NA   		24		69
-0.861  NA   		24		70
-0.865  NA   		24		71
-0.866  NA   		24		72
-0.841  NA   		24		73
-0.964  NA   		24		74
-0.835  NA   		24		75
-0.867  NA   		24		76
-0.867  NA   		24		77
-0.864  NA   		24		78
-0.923  NA   		24		79
-0.868  NA   		24		80
-0.856  NA   		24		81
-0.868  NA   		24		82
-0.871  NA   		24		83
-0.868  NA   		24		84
-0.868  NA   		24		85
-0.864  NA   		24		86
-0.713  NA   		25		26
-0.853  NA   		25		27
-0.601  NA   		25		28
-0.695  NA   		25		29
-0.828  NA   		25		30
-0.870  NA   		25		31
-0.871  NA   		25		32
-0.931  NA   		25		33
-0.901  NA   		25		34
-0.901  NA   		25		35
-0.827  NA   		25		36
-0.902  NA   		25		37
-0.898  NA   		25		38
-0.897  NA   		25		39
-0.896  NA   		25		40
-0.904  NA   		25		41
-0.894  NA   		25		42
-0.893  NA   		25		43
-0.862  NA   		25		44
-0.862  NA   		25		45
-0.863  NA   		25		46
-0.857  NA   		25		47
-0.848  NA   		25		48
-0.865  NA   		25		49
-0.863  NA   		25		50
-0.861  NA   		25		51
-0.854  NA   		25		52
-0.868  NA   		25		53
-0.861  NA   		25		54
-0.860  NA   		25		55
-0.860  NA   		25		56
-0.861  NA   		25		57
-0.860  NA   		25		58
-0.867  NA   		25		59
-0.861  NA   		25		60
-0.861  NA   		25		61
-0.865  NA   		25		62
-0.858  NA   		25		63
-0.890  NA   		25		64
-0.871  NA   		25		65
-0.860  NA   		25		66
-0.858  NA   		25		67
-0.861  NA   		25		68
-0.856  NA   		25		69
-0.856  NA   		25		70
-0.859  NA   		25		71
-0.860  NA   		25		72
-0.839  NA   		25		73
-0.947  NA   		25		74
-0.834  NA   		25		75
-0.861  NA   		25		76
-0.861  NA   		25		77
-0.859  NA   		25		78
-0.918  NA   		25		79
-0.861  NA   		25		80
-0.852  NA   		25		81
-0.862  NA   		25		82
-0.864  NA   		25		83
-0.862  NA   		25		84
-0.862  NA   		25		85
-0.858  NA   		25		86
-0.859  NA   		26		27
-0.671  NA   		26		28
-0.712  NA   		26		29
-0.832  NA   		26		30
-0.880  NA   		26		31
-0.880  NA   		26		32
-0.941  NA   		26		33
-0.904  NA   		26		34
-0.904  NA   		26		35
-0.827  NA   		26		36
-0.906  NA   		26		37
-0.901  NA   		26		38
-0.901  NA   		26		39
-0.899  NA   		26		40
-0.908  NA   		26		41
-0.897  NA   		26		42
-0.896  NA   		26		43
-0.866  NA   		26		44
-0.866  NA   		26		45
-0.868  NA   		26		46
-0.860  NA   		26		47
-0.850  NA   		26		48
-0.870  NA   		26		49
-0.867  NA   		26		50
-0.866  NA   		26		51
-0.858  NA   		26		52
-0.874  NA   		26		53
-0.865  NA   		26		54
-0.864  NA   		26		55
-0.864  NA   		26		56
-0.865  NA   		26		57
-0.863  NA   		26		58
-0.872  NA   		26		59
-0.865  NA   		26		60
-0.865  NA   		26		61
-0.870  NA   		26		62
-0.862  NA   		26		63
-0.893  NA   		26		64
-0.877  NA   		26		65
-0.864  NA   		26		66
-0.861  NA   		26		67
-0.865  NA   		26		68
-0.860  NA   		26		69
-0.859  NA   		26		70
-0.863  NA   		26		71
-0.864  NA   		26		72
-0.840  NA   		26		73
-0.953  NA   		26		74
-0.835  NA   		26		75
-0.865  NA   		26		76
-0.865  NA   		26		77
-0.862  NA   		26		78
-0.922  NA   		26		79
-0.865  NA   		26		80
-0.854  NA   		26		81
-0.866  NA   		26		82
-0.868  NA   		26		83
-0.866  NA   		26		84
-0.866  NA   		26		85
-0.862  NA   		26		86
-0.921  NA   		27		28
-0.849  NA   		27		29
-0.879  NA   		27		30
-0.964  NA   		27		31
-0.963  NA   		27		32
-0.955  NA   		27		33
-0.861  NA   		27		34
-0.861  NA   		27		35
-0.753  NA   		27		36
-0.864  NA   		27		37
-0.856  NA   		27		38
-0.855  NA   		27		39
-0.853  NA   		27		40
-0.868  NA   		27		41
-0.849  NA   		27		42
-0.847  NA   		27		43
-0.729  NA   		27		44
-0.729  NA   		27		45
-0.739  NA   		27		46
-0.720  NA   		27		47
-0.667  NA   		27		48
-0.756  NA   		27		49
-0.736  NA   		27		50
-0.734  NA   		27		51
-0.700  NA   		27		52
-0.764  NA   		27		53
-0.728  NA   		27		54
-0.722  NA   		27		55
-0.722  NA   		27		56
-0.727  NA   		27		57
-0.722  NA   		27		58
-0.757  NA   		27		59
-0.726  NA   		27		60
-0.728  NA   		27		61
-0.746  NA   		27		62
-0.712  NA   		27		63
-0.947  NA   		27		64
-0.784  NA   		27		65
-0.723  NA   		27		66
-0.708  NA   		27		67
-0.730  NA   		27		68
-0.703  NA   		27		69
-0.703  NA   		27		70
-0.719  NA   		27		71
-0.721  NA   		27		72
-0.660  NA   		27		73
-0.982  NA   		27		74
-0.654  NA   		27		75
-0.725  NA   		27		76
-0.727  NA   		27		77
-0.716  NA   		27		78
-0.877  NA   		27		79
-0.729  NA   		27		80
-0.688  NA   		27		81
-0.729  NA   		27		82
-0.741  NA   		27		83
-0.730  NA   		27		84
-0.730  NA   		27		85
-0.715  NA   		27		86
-0.596  NA   		28		29
-0.813  NA   		28		30
-0.906  NA   		28		31
-0.905  NA   		28		32
-0.983  NA   		28		33
-0.904  NA   		28		34
-0.903  NA   		28		35
-0.803  NA   		28		36
-0.906  NA   		28		37
-0.899  NA   		28		38
-0.898  NA   		28		39
-0.897  NA   		28		40
-0.909  NA   		28		41
-0.893  NA   		28		42
-0.892  NA   		28		43
-0.855  NA   		28		44
-0.855  NA   		28		45
-0.859  NA   		28		46
-0.842  NA   		28		47
-0.821  NA   		28		48
-0.865  NA   		28		49
-0.857  NA   		28		50
-0.853  NA   		28		51
-0.835  NA   		28		52
-0.873  NA   		28		53
-0.851  NA   		28		54
-0.848  NA   		28		55
-0.848  NA   		28		56
-0.851  NA   		28		57
-0.846  NA   		28		58
-0.867  NA   		28		59
-0.850  NA   		28		60
-0.851  NA   		28		61
-0.860  NA   		28		62
-0.843  NA   		28		63
-0.924  NA   		28		64
-0.882  NA   		28		65
-0.848  NA   		28		66
-0.842  NA   		28		67
-0.851  NA   		28		68
-0.838  NA   		28		69
-0.838  NA   		28		70
-0.846  NA   		28		71
-0.847  NA   		28		72
-0.804  NA   		28		73
-1.016  NA   		28		74
-0.795  NA   		28		75
-0.849  NA   		28		76
-0.850  NA   		28		77
-0.844  NA   		28		78
-0.929  NA   		28		79
-0.851  NA   		28		80
-0.828  NA   		28		81
-0.851  NA   		28		82
-0.856  NA   		28		83
-0.851  NA   		28		84
-0.851  NA   		28		85
-0.843  NA   		28		86
-0.828  NA   		29		30
-0.869  NA   		29		31
-0.869  NA   		29		32
-0.929  NA   		29		33
-0.899  NA   		29		34
-0.899  NA   		29		35
-0.826  NA   		29		36
-0.901  NA   		29		37
-0.897  NA   		29		38
-0.896  NA   		29		39
-0.895  NA   		29		40
-0.903  NA   		29		41
-0.893  NA   		29		42
-0.892  NA   		29		43
-0.859  NA   		29		44
-0.859  NA   		29		45
-0.860  NA   		29		46
-0.854  NA   		29		47
-0.845  NA   		29		48
-0.862  NA   		29		49
-0.860  NA   		29		50
-0.859  NA   		29		51
-0.852  NA   		29		52
-0.865  NA   		29		53
-0.858  NA   		29		54
-0.857  NA   		29		55
-0.857  NA   		29		56
-0.858  NA   		29		57
-0.857  NA   		29		58
-0.864  NA   		29		59
-0.858  NA   		29		60
-0.858  NA   		29		61
-0.862  NA   		29		62
-0.856  NA   		29		63
-0.889  NA   		29		64
-0.868  NA   		29		65
-0.857  NA   		29		66
-0.855  NA   		29		67
-0.858  NA   		29		68
-0.854  NA   		29		69
-0.854  NA   		29		70
-0.857  NA   		29		71
-0.857  NA   		29		72
-0.836  NA   		29		73
-0.945  NA   		29		74
-0.831  NA   		29		75
-0.858  NA   		29		76
-0.858  NA   		29		77
-0.856  NA   		29		78
-0.916  NA   		29		79
-0.859  NA   		29		80
-0.849  NA   		29		81
-0.859  NA   		29		82
-0.861  NA   		29		83
-0.859  NA   		29		84
-0.859  NA   		29		85
-0.856  NA   		29		86
-0.509  NA   		30		31
-0.521  NA   		30		32
-0.749  NA   		30		33
-0.782  NA   		30		34
-0.782  NA   		30		35
-0.727  NA   		30		36
-0.783  NA   		30		37
-0.781  NA   		30		38
-0.780  NA   		30		39
-0.780  NA   		30		40
-0.785  NA   		30		41
-0.779  NA   		30		42
-0.778  NA   		30		43
-0.878  NA   		30		44
-0.878  NA   		30		45
-0.879  NA   		30		46
-0.873  NA   		30		47
-0.869  NA   		30		48
-0.879  NA   		30		49
-0.878  NA   		30		50
-0.877  NA   		30		51
-0.872  NA   		30		52
-0.882  NA   		30		53
-0.877  NA   		30		54
-0.877  NA   		30		55
-0.877  NA   		30		56
-0.877  NA   		30		57
-0.875  NA   		30		58
-0.881  NA   		30		59
-0.877  NA   		30		60
-0.877  NA   		30		61
-0.880  NA   		30		62
-0.875  NA   		30		63
-0.863  NA   		30		64
-0.883  NA   		30		65
-0.877  NA   		30		66
-0.875  NA   		30		67
-0.877  NA   		30		68
-0.874  NA   		30		69
-0.874  NA   		30		70
-0.876  NA   		30		71
-0.876  NA   		30		72
-0.863  NA   		30		73
-0.930  NA   		30		74
-0.858  NA   		30		75
-0.877  NA   		30		76
-0.877  NA   		30		77
-0.875  NA   		30		78
-0.897  NA   		30		79
-0.877  NA   		30		80
-0.870  NA   		30		81
-0.877  NA   		30		82
-0.879  NA   		30		83
-0.877  NA   		30		84
-0.877  NA   		30		85
-0.875  NA   		30		86
-0.698  NA   		31		32
-0.865  NA   		31		33
-0.795  NA   		31		34
-0.795  NA   		31		35
-0.685  NA   		31		36
-0.798  NA   		31		37
-0.790  NA   		31		38
-0.789  NA   		31		39
-0.787  NA   		31		40
-0.802  NA   		31		41
-0.783  NA   		31		42
-0.781  NA   		31		43
-0.919  NA   		31		44
-0.919  NA   		31		45
-0.922  NA   		31		46
-0.908  NA   		31		47
-0.898  NA   		31		48
-0.924  NA   		31		49
-0.920  NA   		31		50
-0.917  NA   		31		51
-0.906  NA   		31		52
-0.930  NA   		31		53
-0.917  NA   		31		54
-0.915  NA   		31		55
-0.915  NA   		31		56
-0.916  NA   		31		57
-0.912  NA   		31		58
-0.926  NA   		31		59
-0.916  NA   		31		60
-0.916  NA   		31		61
-0.922  NA   		31		62
-0.912  NA   		31		63
-0.925  NA   		31		64
-0.935  NA   		31		65
-0.915  NA   		31		66
-0.911  NA   		31		67
-0.916  NA   		31		68
-0.908  NA   		31		69
-0.908  NA   		31		70
-0.913  NA   		31		71
-0.914  NA   		31		72
-0.888  NA   		31		73
-1.009  NA   		31		74
-0.880  NA   		31		75
-0.915  NA   		31		76
-0.915  NA   		31		77
-0.911  NA   		31		78
-0.944  NA   		31		79
-0.916  NA   		31		80
-0.901  NA   		31		81
-0.916  NA   		31		82
-0.919  NA   		31		83
-0.916  NA   		31		84
-0.916  NA   		31		85
-0.911  NA   		31		86
-0.863  NA   		32		33
-0.796  NA   		32		34
-0.795  NA   		32		35
-0.687  NA   		32		36
-0.798  NA   		32		37
-0.790  NA   		32		38
-0.789  NA   		32		39
-0.787  NA   		32		40
-0.802  NA   		32		41
-0.784  NA   		32		42
-0.782  NA   		32		43
-0.919  NA   		32		44
-0.919  NA   		32		45
-0.921  NA   		32		46
-0.908  NA   		32		47
-0.898  NA   		32		48
-0.924  NA   		32		49
-0.920  NA   		32		50
-0.917  NA   		32		51
-0.906  NA   		32		52
-0.930  NA   		32		53
-0.916  NA   		32		54
-0.915  NA   		32		55
-0.914  NA   		32		56
-0.916  NA   		32		57
-0.912  NA   		32		58
-0.926  NA   		32		59
-0.916  NA   		32		60
-0.916  NA   		32		61
-0.922  NA   		32		62
-0.911  NA   		32		63
-0.924  NA   		32		64
-0.935  NA   		32		65
-0.915  NA   		32		66
-0.910  NA   		32		67
-0.916  NA   		32		68
-0.908  NA   		32		69
-0.908  NA   		32		70
-0.913  NA   		32		71
-0.914  NA   		32		72
-0.888  NA   		32		73
-1.008  NA   		32		74
-0.880  NA   		32		75
-0.915  NA   		32		76
-0.915  NA   		32		77
-0.911  NA   		32		78
-0.943  NA   		32		79
-0.916  NA   		32		80
-0.901  NA   		32		81
-0.916  NA   		32		82
-0.919  NA   		32		83
-0.916  NA   		32		84
-0.916  NA   		32		85
-0.911  NA   		32		86
-0.351  NA   		33		34
-0.349  NA   		33		35
-0.292  NA   		33		36
-0.371  NA   		33		37
-0.315  NA   		33		38
-0.309  NA   		33		39
-0.297  NA   		33		40
-0.436  NA   		33		41
-0.275  NA   		33		42
-0.264  NA   		33		43
-0.876  NA   		33		44
-0.875  NA   		33		45
-0.880  NA   		33		46
-0.863  NA   		33		47
-0.844  NA   		33		48
-0.886  NA   		33		49
-0.878  NA   		33		50
-0.874  NA   		33		51
-0.858  NA   		33		52
-0.893  NA   		33		53
-0.872  NA   		33		54
-0.869  NA   		33		55
-0.869  NA   		33		56
-0.872  NA   		33		57
-0.865  NA   		33		58
-0.886  NA   		33		59
-0.871  NA   		33		60
-0.872  NA   		33		61
-0.881  NA   		33		62
-0.864  NA   		33		63
-0.964  NA   		33		64
-0.901  NA   		33		65
-0.869  NA   		33		66
-0.863  NA   		33		67
-0.872  NA   		33		68
-0.860  NA   		33		69
-0.859  NA   		33		70
-0.867  NA   		33		71
-0.868  NA   		33		72
-0.836  NA   		33		73
-1.033  NA   		33		74
-0.825  NA   		33		75
-0.870  NA   		33		76
-0.871  NA   		33		77
-0.865  NA   		33		78
-0.931  NA   		33		79
-0.872  NA   		33		80
-0.850  NA   		33		81
-0.872  NA   		33		82
-0.877  NA   		33		83
-0.872  NA   		33		84
-0.872  NA   		33		85
-0.864  NA   		33		86
-0.657  NA   		34		35
-0.621  NA   		34		36
-0.658  NA   		34		37
-0.654  NA   		34		38
-0.654  NA   		34		39
-0.653  NA   		34		40
-0.670  NA   		34		41
-0.651  NA   		34		42
-0.649  NA   		34		43
-0.862  NA   		34		44
-0.862  NA   		34		45
-0.864  NA   		34		46
-0.860  NA   		34		47
-0.854  NA   		34		48
-0.865  NA   		34		49
-0.864  NA   		34		50
-0.863  NA   		34		51
-0.859  NA   		34		52
-0.867  NA   		34		53
-0.863  NA   		34		54
-0.862  NA   		34		55
-0.862  NA   		34		56
-0.863  NA   		34		57
-0.860  NA   		34		58
-0.866  NA   		34		59
-0.863  NA   		34		60
-0.863  NA   		34		61
-0.865  NA   		34		62
-0.861  NA   		34		63
-0.898  NA   		34		64
-0.868  NA   		34		65
-0.862  NA   		34		66
-0.860  NA   		34		67
-0.863  NA   		34		68
-0.860  NA   		34		69
-0.860  NA   		34		70
-0.862  NA   		34		71
-0.862  NA   		34		72
-0.852  NA   		34		73
-0.938  NA   		34		74
-0.847  NA   		34		75
-0.863  NA   		34		76
-0.863  NA   		34		77
-0.862  NA   		34		78
-0.902  NA   		34		79
-0.863  NA   		34		80
-0.857  NA   		34		81
-0.863  NA   		34		82
-0.864  NA   		34		83
-0.863  NA   		34		84
-0.863  NA   		34		85
-0.861  NA   		34		86
-0.622  NA   		35		36
-0.658  NA   		35		37
-0.654  NA   		35		38
-0.654  NA   		35		39
-0.653  NA   		35		40
-0.669  NA   		35		41
-0.651  NA   		35		42
-0.649  NA   		35		43
-0.862  NA   		35		44
-0.862  NA   		35		45
-0.864  NA   		35		46
-0.859  NA   		35		47
-0.854  NA   		35		48
-0.864  NA   		35		49
-0.863  NA   		35		50
-0.863  NA   		35		51
-0.859  NA   		35		52
-0.867  NA   		35		53
-0.863  NA   		35		54
-0.862  NA   		35		55
-0.862  NA   		35		56
-0.863  NA   		35		57
-0.860  NA   		35		58
-0.866  NA   		35		59
-0.863  NA   		35		60
-0.863  NA   		35		61
-0.865  NA   		35		62
-0.861  NA   		35		63
-0.898  NA   		35		64
-0.868  NA   		35		65
-0.862  NA   		35		66
-0.860  NA   		35		67
-0.863  NA   		35		68
-0.860  NA   		35		69
-0.859  NA   		35		70
-0.862  NA   		35		71
-0.862  NA   		35		72
-0.852  NA   		35		73
-0.938  NA   		35		74
-0.847  NA   		35		75
-0.863  NA   		35		76
-0.863  NA   		35		77
-0.861  NA   		35		78
-0.902  NA   		35		79
-0.863  NA   		35		80
-0.857  NA   		35		81
-0.863  NA   		35		82
-0.864  NA   		35		83
-0.863  NA   		35		84
-0.863  NA   		35		85
-0.861  NA   		35		86
-0.620  NA   		36		37
-0.626  NA   		36		38
-0.626  NA   		36		39
-0.628  NA   		36		40
-0.622  NA   		36		41
-0.631  NA   		36		42
-0.632  NA   		36		43
-0.787  NA   		36		44
-0.787  NA   		36		45
-0.787  NA   		36		46
-0.789  NA   		36		47
-0.790  NA   		36		48
-0.785  NA   		36		49
-0.787  NA   		36		50
-0.789  NA   		36		51
-0.791  NA   		36		52
-0.785  NA   		36		53
-0.789  NA   		36		54
-0.790  NA   		36		55
-0.790  NA   		36		56
-0.790  NA   		36		57
-0.789  NA   		36		58
-0.788  NA   		36		59
-0.790  NA   		36		60
-0.790  NA   		36		61
-0.788  NA   		36		62
-0.790  NA   		36		63
-0.812  NA   		36		64
-0.783  NA   		36		65
-0.790  NA   		36		66
-0.790  NA   		36		67
-0.790  NA   		36		68
-0.791  NA   		36		69
-0.791  NA   		36		70
-0.790  NA   		36		71
-0.790  NA   		36		72
-0.792  NA   		36		73
-0.849  NA   		36		74
-0.791  NA   		36		75
-0.790  NA   		36		76
-0.790  NA   		36		77
-0.791  NA   		36		78
-0.834  NA   		36		79
-0.790  NA   		36		80
-0.792  NA   		36		81
-0.790  NA   		36		82
-0.790  NA   		36		83
-0.790  NA   		36		84
-0.790  NA   		36		85
-0.791  NA   		36		86
-0.655  NA   		37		38
-0.654  NA   		37		39
-0.653  NA   		37		40
-0.671  NA   		37		41
-0.650  NA   		37		42
-0.649  NA   		37		43
-0.864  NA   		37		44
-0.864  NA   		37		45
-0.865  NA   		37		46
-0.861  NA   		37		47
-0.855  NA   		37		48
-0.866  NA   		37		49
-0.865  NA   		37		50
-0.864  NA   		37		51
-0.860  NA   		37		52
-0.868  NA   		37		53
-0.864  NA   		37		54
-0.864  NA   		37		55
-0.863  NA   		37		56
-0.864  NA   		37		57
-0.861  NA   		37		58
-0.868  NA   		37		59
-0.864  NA   		37		60
-0.864  NA   		37		61
-0.866  NA   		37		62
-0.862  NA   		37		63
-0.899  NA   		37		64
-0.869  NA   		37		65
-0.864  NA   		37		66
-0.862  NA   		37		67
-0.864  NA   		37		68
-0.861  NA   		37		69
-0.861  NA   		37		70
-0.863  NA   		37		71
-0.863  NA   		37		72
-0.853  NA   		37		73
-0.940  NA   		37		74
-0.848  NA   		37		75
-0.864  NA   		37		76
-0.864  NA   		37		77
-0.863  NA   		37		78
-0.904  NA   		37		79
-0.864  NA   		37		80
-0.858  NA   		37		81
-0.865  NA   		37		82
-0.866  NA   		37		83
-0.865  NA   		37		84
-0.865  NA   		37		85
-0.863  NA   		37		86
-0.652  NA   		38		39
-0.651  NA   		38		40
-0.666  NA   		38		41
-0.650  NA   		38		42
-0.649  NA   		38		43
-0.859  NA   		38		44
-0.859  NA   		38		45
-0.861  NA   		38		46
-0.857  NA   		38		47
-0.852  NA   		38		48
-0.861  NA   		38		49
-0.860  NA   		38		50
-0.860  NA   		38		51
-0.856  NA   		38		52
-0.863  NA   		38		53
-0.860  NA   		38		54
-0.859  NA   		38		55
-0.859  NA   		38		56
-0.860  NA   		38		57
-0.857  NA   		38		58
-0.863  NA   		38		59
-0.860  NA   		38		60
-0.860  NA   		38		61
-0.862  NA   		38		62
-0.858  NA   		38		63
-0.895  NA   		38		64
-0.864  NA   		38		65
-0.859  NA   		38		66
-0.858  NA   		38		67
-0.860  NA   		38		68
-0.857  NA   		38		69
-0.857  NA   		38		70
-0.859  NA   		38		71
-0.859  NA   		38		72
-0.850  NA   		38		73
-0.934  NA   		38		74
-0.845  NA   		38		75
-0.860  NA   		38		76
-0.860  NA   		38		77
-0.859  NA   		38		78
-0.900  NA   		38		79
-0.860  NA   		38		80
-0.855  NA   		38		81
-0.860  NA   		38		82
-0.861  NA   		38		83
-0.860  NA   		38		84
-0.860  NA   		38		85
-0.858  NA   		38		86
-0.651  NA   		39		40
-0.665  NA   		39		41
-0.649  NA   		39		42
-0.649  NA   		39		43
-0.859  NA   		39		44
-0.859  NA   		39		45
-0.860  NA   		39		46
-0.856  NA   		39		47
-0.851  NA   		39		48
-0.861  NA   		39		49
-0.860  NA   		39		50
-0.859  NA   		39		51
-0.856  NA   		39		52
-0.863  NA   		39		53
-0.859  NA   		39		54
-0.859  NA   		39		55
-0.859  NA   		39		56
-0.859  NA   		39		57
-0.856  NA   		39		58
-0.862  NA   		39		59
-0.859  NA   		39		60
-0.859  NA   		39		61
-0.861  NA   		39		62
-0.857  NA   		39		63
-0.894  NA   		39		64
-0.863  NA   		39		65
-0.859  NA   		39		66
-0.857  NA   		39		67
-0.859  NA   		39		68
-0.856  NA   		39		69
-0.856  NA   		39		70
-0.858  NA   		39		71
-0.859  NA   		39		72
-0.850  NA   		39		73
-0.933  NA   		39		74
-0.845  NA   		39		75
-0.859  NA   		39		76
-0.859  NA   		39		77
-0.858  NA   		39		78
-0.899  NA   		39		79
-0.860  NA   		39		80
-0.854  NA   		39		81
-0.860  NA   		39		82
-0.861  NA   		39		83
-0.860  NA   		39		84
-0.860  NA   		39		85
-0.858  NA   		39		86
-0.663  NA   		40		41
-0.649  NA   		40		42
-0.648  NA   		40		43
-0.857  NA   		40		44
-0.857  NA   		40		45
-0.859  NA   		40		46
-0.855  NA   		40		47
-0.850  NA   		40		48
-0.859  NA   		40		49
-0.858  NA   		40		50
-0.858  NA   		40		51
-0.855  NA   		40		52
-0.861  NA   		40		53
-0.858  NA   		40		54
-0.857  NA   		40		55
-0.857  NA   		40		56
-0.858  NA   		40		57
-0.855  NA   		40		58
-0.861  NA   		40		59
-0.858  NA   		40		60
-0.858  NA   		40		61
-0.860  NA   		40		62
-0.856  NA   		40		63
-0.893  NA   		40		64
-0.862  NA   		40		65
-0.858  NA   		40		66
-0.856  NA   		40		67
-0.858  NA   		40		68
-0.855  NA   		40		69
-0.855  NA   		40		70
-0.857  NA   		40		71
-0.857  NA   		40		72
-0.849  NA   		40		73
-0.931  NA   		40		74
-0.844  NA   		40		75
-0.858  NA   		40		76
-0.858  NA   		40		77
-0.857  NA   		40		78
-0.898  NA   		40		79
-0.858  NA   		40		80
-0.853  NA   		40		81
-0.858  NA   		40		82
-0.859  NA   		40		83
-0.858  NA   		40		84
-0.858  NA   		40		85
-0.857  NA   		40		86
-0.660  NA   		41		42
-0.658  NA   		41		43
-0.866  NA   		41		44
-0.866  NA   		41		45
-0.868  NA   		41		46
-0.863  NA   		41		47
-0.858  NA   		41		48
-0.869  NA   		41		49
-0.868  NA   		41		50
-0.867  NA   		41		51
-0.862  NA   		41		52
-0.871  NA   		41		53
-0.867  NA   		41		54
-0.866  NA   		41		55
-0.866  NA   		41		56
-0.867  NA   		41		57
-0.864  NA   		41		58
-0.870  NA   		41		59
-0.866  NA   		41		60
-0.867  NA   		41		61
-0.869  NA   		41		62
-0.864  NA   		41		63
-0.901  NA   		41		64
-0.872  NA   		41		65
-0.866  NA   		41		66
-0.864  NA   		41		67
-0.867  NA   		41		68
-0.863  NA   		41		69
-0.863  NA   		41		70
-0.865  NA   		41		71
-0.866  NA   		41		72
-0.855  NA   		41		73
-0.942  NA   		41		74
-0.850  NA   		41		75
-0.866  NA   		41		76
-0.867  NA   		41		77
-0.865  NA   		41		78
-0.905  NA   		41		79
-0.867  NA   		41		80
-0.860  NA   		41		81
-0.867  NA   		41		82
-0.868  NA   		41		83
-0.867  NA   		41		84
-0.867  NA   		41		85
-0.865  NA   		41		86
-0.646  NA   		42		43
-0.855  NA   		42		44
-0.855  NA   		42		45
-0.856  NA   		42		46
-0.853  NA   		42		47
-0.848  NA   		42		48
-0.857  NA   		42		49
-0.856  NA   		42		50
-0.856  NA   		42		51
-0.852  NA   		42		52
-0.858  NA   		42		53
-0.856  NA   		42		54
-0.855  NA   		42		55
-0.855  NA   		42		56
-0.855  NA   		42		57
-0.853  NA   		42		58
-0.858  NA   		42		59
-0.855  NA   		42		60
-0.856  NA   		42		61
-0.857  NA   		42		62
-0.854  NA   		42		63
-0.890  NA   		42		64
-0.859  NA   		42		65
-0.855  NA   		42		66
-0.854  NA   		42		67
-0.856  NA   		42		68
-0.853  NA   		42		69
-0.853  NA   		42		70
-0.855  NA   		42		71
-0.855  NA   		42		72
-0.847  NA   		42		73
-0.928  NA   		42		74
-0.842  NA   		42		75
-0.856  NA   		42		76
-0.856  NA   		42		77
-0.855  NA   		42		78
-0.896  NA   		42		79
-0.856  NA   		42		80
-0.851  NA   		42		81
-0.856  NA   		42		82
-0.857  NA   		42		83
-0.856  NA   		42		84
-0.856  NA   		42		85
-0.854  NA   		42		86
-0.853  NA   		43		44
-0.853  NA   		43		45
-0.855  NA   		43		46
-0.852  NA   		43		47
-0.847  NA   		43		48
-0.855  NA   		43		49
-0.854  NA   		43		50
-0.854  NA   		43		51
-0.851  NA   		43		52
-0.857  NA   		43		53
-0.854  NA   		43		54
-0.854  NA   		43		55
-0.854  NA   		43		56
-0.854  NA   		43		57
-0.852  NA   		43		58
-0.857  NA   		43		59
-0.854  NA   		43		60
-0.854  NA   		43		61
-0.856  NA   		43		62
-0.853  NA   		43		63
-0.889  NA   		43		64
-0.857  NA   		43		65
-0.854  NA   		43		66
-0.852  NA   		43		67
-0.854  NA   		43		68
-0.852  NA   		43		69
-0.852  NA   		43		70
-0.854  NA   		43		71
-0.854  NA   		43		72
-0.846  NA   		43		73
-0.927  NA   		43		74
-0.842  NA   		43		75
-0.854  NA   		43		76
-0.854  NA   		43		77
-0.853  NA   		43		78
-0.895  NA   		43		79
-0.855  NA   		43		80
-0.850  NA   		43		81
-0.855  NA   		43		82
-0.855  NA   		43		83
-0.855  NA   		43		84
-0.855  NA   		43		85
-0.853  NA   		43		86
-0.714  NA   		44		45
-0.719  NA   		44		46
-0.732  NA   		44		47
-0.693  NA   		44		48
-0.731  NA   		44		49
-0.719  NA   		44		50
-0.730  NA   		44		51
-0.711  NA   		44		52
-0.726  NA   		44		53
-0.721  NA   		44		54
-0.719  NA   		44		55
-0.719  NA   		44		56
-0.721  NA   		44		57
-0.723  NA   		44		58
-0.729  NA   		44		59
-0.721  NA   		44		60
-0.721  NA   		44		61
-0.727  NA   		44		62
-0.714  NA   		44		63
-0.918  NA   		44		64
-0.728  NA   		44		65
-0.720  NA   		44		66
-0.713  NA   		44		67
-0.725  NA   		44		68
-0.712  NA   		44		69
-0.714  NA   		44		70
-0.720  NA   		44		71
-0.721  NA   		44		72
-0.697  NA   		44		73
-0.905  NA   		44		74
-0.702  NA   		44		75
-0.723  NA   		44		76
-0.725  NA   		44		77
-0.722  NA   		44		78
-0.877  NA   		44		79
-0.725  NA   		44		80
-0.711  NA   		44		81
-0.726  NA   		44		82
-0.731  NA   		44		83
-0.727  NA   		44		84
-0.727  NA   		44		85
-0.722  NA   		44		86
-0.719  NA   		45		46
-0.732  NA   		45		47
-0.693  NA   		45		48
-0.731  NA   		45		49
-0.719  NA   		45		50
-0.730  NA   		45		51
-0.711  NA   		45		52
-0.726  NA   		45		53
-0.721  NA   		45		54
-0.719  NA   		45		55
-0.719  NA   		45		56
-0.721  NA   		45		57
-0.723  NA   		45		58
-0.729  NA   		45		59
-0.721  NA   		45		60
-0.721  NA   		45		61
-0.727  NA   		45		62
-0.714  NA   		45		63
-0.918  NA   		45		64
-0.727  NA   		45		65
-0.720  NA   		45		66
-0.713  NA   		45		67
-0.725  NA   		45		68
-0.712  NA   		45		69
-0.714  NA   		45		70
-0.720  NA   		45		71
-0.721  NA   		45		72
-0.697  NA   		45		73
-0.905  NA   		45		74
-0.702  NA   		45		75
-0.723  NA   		45		76
-0.725  NA   		45		77
-0.722  NA   		45		78
-0.877  NA   		45		79
-0.725  NA   		45		80
-0.711  NA   		45		81
-0.726  NA   		45		82
-0.731  NA   		45		83
-0.727  NA   		45		84
-0.727  NA   		45		85
-0.722  NA   		45		86
-0.729  NA   		46		47
-0.683  NA   		46		48
-0.730  NA   		46		49
-0.716  NA   		46		50
-0.727  NA   		46		51
-0.705  NA   		46		52
-0.725  NA   		46		53
-0.717  NA   		46		54
-0.715  NA   		46		55
-0.715  NA   		46		56
-0.717  NA   		46		57
-0.719  NA   		46		58
-0.728  NA   		46		59
-0.717  NA   		46		60
-0.718  NA   		46		61
-0.725  NA   		46		62
-0.713  NA   		46		63
-0.920  NA   		46		64
-0.728  NA   		46		65
-0.716  NA   		46		66
-0.712  NA   		46		67
-0.722  NA   		46		68
-0.710  NA   		46		69
-0.712  NA   		46		70
-0.716  NA   		46		71
-0.717  NA   		46		72
-0.692  NA   		46		73
-0.909  NA   		46		74
-0.696  NA   		46		75
-0.720  NA   		46		76
-0.722  NA   		46		77
-0.718  NA   		46		78
-0.878  NA   		46		79
-0.722  NA   		46		80
-0.705  NA   		46		81
-0.723  NA   		46		82
-0.729  NA   		46		83
-0.724  NA   		46		84
-0.724  NA   		46		85
-0.718  NA   		46		86
-0.722  NA   		47		48
-0.735  NA   		47		49
-0.730  NA   		47		50
-0.738  NA   		47		51
-0.730  NA   		47		52
-0.730  NA   		47		53
-0.732  NA   		47		54
-0.732  NA   		47		55
-0.732  NA   		47		56
-0.733  NA   		47		57
-0.735  NA   		47		58
-0.735  NA   		47		59
-0.733  NA   		47		60
-0.733  NA   		47		61
-0.735  NA   		47		62
-0.733  NA   		47		63
-0.909  NA   		47		64
-0.729  NA   		47		65
-0.733  NA   		47		66
-0.732  NA   		47		67
-0.736  NA   		47		68
-0.732  NA   		47		69
-0.733  NA   		47		70
-0.733  NA   		47		71
-0.734  NA   		47		72
-0.724  NA   		47		73
-0.890  NA   		47		74
-0.724  NA   		47		75
-0.735  NA   		47		76
-0.736  NA   		47		77
-0.735  NA   		47		78
-0.872  NA   		47		79
-0.736  NA   		47		80
-0.730  NA   		47		81
-0.737  NA   		47		82
-0.739  NA   		47		83
-0.737  NA   		47		84
-0.737  NA   		47		85
-0.735  NA   		47		86
-0.693  NA   		48		49
-0.685  NA   		48		50
-0.708  NA   		48		51
-0.705  NA   		48		52
-0.675  NA   		48		53
-0.698  NA   		48		54
-0.700  NA   		48		55
-0.700  NA   		48		56
-0.699  NA   		48		57
-0.708  NA   		48		58
-0.691  NA   		48		59
-0.700  NA   		48		60
-0.700  NA   		48		61
-0.695  NA   		48		62
-0.705  NA   		48		63
-0.902  NA   		48		64
-0.668  NA   		48		65
-0.701  NA   		48		66
-0.706  NA   		48		67
-0.705  NA   		48		68
-0.708  NA   		48		69
-0.710  NA   		48		70
-0.704  NA   		48		71
-0.705  NA   		48		72
-0.712  NA   		48		73
-0.875  NA   		48		74
-0.716  NA   		48		75
-0.705  NA   		48		76
-0.707  NA   		48		77
-0.710  NA   		48		78
-0.865  NA   		48		79
-0.706  NA   		48		80
-0.713  NA   		48		81
-0.708  NA   		48		82
-0.708  NA   		48		83
-0.708  NA   		48		84
-0.708  NA   		48		85
-0.711  NA   		48		86
-0.729  NA   		49		50
-0.736  NA   		49		51
-0.715  NA   		49		52
-0.740  NA   		49		53
-0.728  NA   		49		54
-0.725  NA   		49		55
-0.725  NA   		49		56
-0.727  NA   		49		57
-0.728  NA   		49		58
-0.740  NA   		49		59
-0.727  NA   		49		60
-0.728  NA   		49		61
-0.736  NA   		49		62
-0.723  NA   		49		63
-0.921  NA   		49		64
-0.744  NA   		49		65
-0.726  NA   		49		66
-0.721  NA   		49		67
-0.731  NA   		49		68
-0.719  NA   		49		69
-0.721  NA   		49		70
-0.725  NA   		49		71
-0.726  NA   		49		72
-0.699  NA   		49		73
-0.913  NA   		49		74
-0.699  NA   		49		75
-0.729  NA   		49		76
-0.731  NA   		49		77
-0.726  NA   		49		78
-0.879  NA   		49		79
-0.731  NA   		49		80
-0.712  NA   		49		81
-0.732  NA   		49		82
-0.738  NA   		49		83
-0.732  NA   		49		84
-0.732  NA   		49		85
-0.726  NA   		49		86
-0.727  NA   		50		51
-0.705  NA   		50		52
-0.722  NA   		50		53
-0.715  NA   		50		54
-0.713  NA   		50		55
-0.713  NA   		50		56
-0.715  NA   		50		57
-0.718  NA   		50		58
-0.726  NA   		50		59
-0.715  NA   		50		60
-0.716  NA   		50		61
-0.723  NA   		50		62
-0.712  NA   		50		63
-0.919  NA   		50		64
-0.724  NA   		50		65
-0.714  NA   		50		66
-0.711  NA   		50		67
-0.720  NA   		50		68
-0.709  NA   		50		69
-0.712  NA   		50		70
-0.714  NA   		50		71
-0.715  NA   		50		72
-0.693  NA   		50		73
-0.907  NA   		50		74
-0.697  NA   		50		75
-0.718  NA   		50		76
-0.721  NA   		50		77
-0.717  NA   		50		78
-0.877  NA   		50		79
-0.720  NA   		50		80
-0.704  NA   		50		81
-0.722  NA   		50		82
-0.728  NA   		50		83
-0.722  NA   		50		84
-0.722  NA   		50		85
-0.717  NA   		50		86
-0.720  NA   		51		52
-0.730  NA   		51		53
-0.727  NA   		51		54
-0.726  NA   		51		55
-0.726  NA   		51		56
-0.727  NA   		51		57
-0.729  NA   		51		58
-0.733  NA   		51		59
-0.727  NA   		51		60
-0.727  NA   		51		61
-0.731  NA   		51		62
-0.725  NA   		51		63
-0.915  NA   		51		64
-0.730  NA   		51		65
-0.726  NA   		51		66
-0.724  NA   		51		67
-0.730  NA   		51		68
-0.723  NA   		51		69
-0.725  NA   		51		70
-0.726  NA   		51		71
-0.727  NA   		51		72
-0.710  NA   		51		73
-0.900  NA   		51		74
-0.711  NA   		51		75
-0.729  NA   		51		76
-0.731  NA   		51		77
-0.728  NA   		51		78
-0.876  NA   		51		79
-0.730  NA   		51		80
-0.719  NA   		51		81
-0.732  NA   		51		82
-0.735  NA   		51		83
-0.732  NA   		51		84
-0.732  NA   		51		85
-0.728  NA   		51		86
-0.692  NA   		52		53
-0.705  NA   		52		54
-0.706  NA   		52		55
-0.706  NA   		52		56
-0.706  NA   		52		57
-0.713  NA   		52		58
-0.703  NA   		52		59
-0.706  NA   		52		60
-0.706  NA   		52		61
-0.705  NA   		52		62
-0.708  NA   		52		63
-0.908  NA   		52		64
-0.686  NA   		52		65
-0.707  NA   		52		66
-0.708  NA   		52		67
-0.711  NA   		52		68
-0.709  NA   		52		69
-0.712  NA   		52		70
-0.709  NA   		52		71
-0.709  NA   		52		72
-0.706  NA   		52		73
-0.887  NA   		52		74
-0.710  NA   		52		75
-0.710  NA   		52		76
-0.713  NA   		52		77
-0.713  NA   		52		78
-0.870  NA   		52		79
-0.712  NA   		52		80
-0.711  NA   		52		81
-0.713  NA   		52		82
-0.715  NA   		52		83
-0.713  NA   		52		84
-0.713  NA   		52		85
-0.714  NA   		52		86
-0.711  NA   		53		54
-0.706  NA   		53		55
-0.706  NA   		53		56
-0.710  NA   		53		57
-0.711  NA   		53		58
-0.730  NA   		53		59
-0.709  NA   		53		60
-0.710  NA   		53		61
-0.724  NA   		53		62
-0.701  NA   		53		63
-0.925  NA   		53		64
-0.737  NA   		53		65
-0.707  NA   		53		66
-0.699  NA   		53		67
-0.716  NA   		53		68
-0.696  NA   		53		69
-0.700  NA   		53		70
-0.706  NA   		53		71
-0.708  NA   		53		72
-0.671  NA   		53		73
-0.918  NA   		53		74
-0.679  NA   		53		75
-0.712  NA   		53		76
-0.716  NA   		53		77
-0.708  NA   		53		78
-0.881  NA   		53		79
-0.716  NA   		53		80
-0.688  NA   		53		81
-0.717  NA   		53		82
-0.726  NA   		53		83
-0.718  NA   		53		84
-0.718  NA   		53		85
-0.708  NA   		53		86
-0.710  NA   		54		55
-0.710  NA   		54		56
-0.711  NA   		54		57
-0.715  NA   		54		58
-0.717  NA   		54		59
-0.711  NA   		54		60
-0.711  NA   		54		61
-0.716  NA   		54		62
-0.709  NA   		54		63
-0.916  NA   		54		64
-0.709  NA   		54		65
-0.710  NA   		54		66
-0.709  NA   		54		67
-0.716  NA   		54		68
-0.708  NA   		54		69
-0.710  NA   		54		70
-0.711  NA   		54		71
-0.712  NA   		54		72
-0.696  NA   		54		73
-0.900  NA   		54		74
-0.700  NA   		54		75
-0.714  NA   		54		76
-0.717  NA   		54		77
-0.715  NA   		54		78
-0.875  NA   		54		79
-0.716  NA   		54		80
-0.705  NA   		54		81
-0.718  NA   		54		82
-0.723  NA   		54		83
-0.718  NA   		54		84
-0.718  NA   		54		85
-0.715  NA   		54		86
-0.709  NA   		55		56
-0.710  NA   		55		57
-0.715  NA   		55		58
-0.714  NA   		55		59
-0.710  NA   		55		60
-0.710  NA   		55		61
-0.713  NA   		55		62
-0.709  NA   		55		63
-0.914  NA   		55		64
-0.704  NA   		55		65
-0.709  NA   		55		66
-0.708  NA   		55		67
-0.715  NA   		55		68
-0.708  NA   		55		69
-0.711  NA   		55		70
-0.711  NA   		55		71
-0.711  NA   		55		72
-0.698  NA   		55		73
-0.897  NA   		55		74
-0.702  NA   		55		75
-0.713  NA   		55		76
-0.716  NA   		55		77
-0.714  NA   		55		78
-0.874  NA   		55		79
-0.715  NA   		55		80
-0.706  NA   		55		81
-0.717  NA   		55		82
-0.721  NA   		55		83
-0.717  NA   		55		84
-0.717  NA   		55		85
-0.714  NA   		55		86
-0.710  NA   		56		57
-0.715  NA   		56		58
-0.713  NA   		56		59
-0.709  NA   		56		60
-0.710  NA   		56		61
-0.713  NA   		56		62
-0.709  NA   		56		63
-0.914  NA   		56		64
-0.703  NA   		56		65
-0.709  NA   		56		66
-0.708  NA   		56		67
-0.715  NA   		56		68
-0.708  NA   		56		69
-0.711  NA   		56		70
-0.710  NA   		56		71
-0.711  NA   		56		72
-0.698  NA   		56		73
-0.897  NA   		56		74
-0.703  NA   		56		75
-0.713  NA   		56		76
-0.716  NA   		56		77
-0.714  NA   		56		78
-0.874  NA   		56		79
-0.715  NA   		56		80
-0.707  NA   		56		81
-0.717  NA   		56		82
-0.721  NA   		56		83
-0.717  NA   		56		84
-0.717  NA   		56		85
-0.714  NA   		56		86
-0.715  NA   		57		58
-0.716  NA   		57		59
-0.710  NA   		57		60
-0.711  NA   		57		61
-0.715  NA   		57		62
-0.709  NA   		57		63
-0.916  NA   		57		64
-0.707  NA   		57		65
-0.710  NA   		57		66
-0.708  NA   		57		67
-0.716  NA   		57		68
-0.708  NA   		57		69
-0.710  NA   		57		70
-0.711  NA   		57		71
-0.712  NA   		57		72
-0.696  NA   		57		73
-0.899  NA   		57		74
-0.701  NA   		57		75
-0.714  NA   		57		76
-0.717  NA   		57		77
-0.714  NA   		57		78
-0.875  NA   		57		79
-0.716  NA   		57		80
-0.705  NA   		57		81
-0.718  NA   		57		82
-0.722  NA   		57		83
-0.718  NA   		57		84
-0.718  NA   		57		85
-0.714  NA   		57		86
-0.717  NA   		58		59
-0.715  NA   		58		60
-0.715  NA   		58		61
-0.717  NA   		58		62
-0.715  NA   		58		63
-0.913  NA   		58		64
-0.708  NA   		58		65
-0.715  NA   		58		66
-0.714  NA   		58		67
-0.719  NA   		58		68
-0.714  NA   		58		69
-0.716  NA   		58		70
-0.716  NA   		58		71
-0.716  NA   		58		72
-0.705  NA   		58		73
-0.896  NA   		58		74
-0.708  NA   		58		75
-0.718  NA   		58		76
-0.720  NA   		58		77
-0.719  NA   		58		78
-0.873  NA   		58		79
-0.720  NA   		58		80
-0.713  NA   		58		81
-0.721  NA   		58		82
-0.724  NA   		58		83
-0.721  NA   		58		84
-0.721  NA   		58		85
-0.719  NA   		58		86
-0.715  NA   		59		60
-0.716  NA   		59		61
-0.726  NA   		59		62
-0.709  NA   		59		63
-0.922  NA   		59		64
-0.729  NA   		59		65
-0.714  NA   		59		66
-0.708  NA   		59		67
-0.721  NA   		59		68
-0.705  NA   		59		69
-0.708  NA   		59		70
-0.713  NA   		59		71
-0.714  NA   		59		72
-0.679  NA   		59		73
-0.913  NA   		59		74
-0.686  NA   		59		75
-0.718  NA   		59		76
-0.717  NA   		59		77
-0.711  NA   		59		78
-0.879  NA   		59		79
-0.721  NA   		59		80
-0.694  NA   		59		81
-0.718  NA   		59		82
-0.726  NA   		59		83
-0.719  NA   		59		84
-0.719  NA   		59		85
-0.711  NA   		59		86
-0.710  NA   		60		61
-0.714  NA   		60		62
-0.709  NA   		60		63
-0.915  NA   		60		64
-0.706  NA   		60		65
-0.710  NA   		60		66
-0.708  NA   		60		67
-0.715  NA   		60		68
-0.708  NA   		60		69
-0.710  NA   		60		70
-0.711  NA   		60		71
-0.711  NA   		60		72
-0.697  NA   		60		73
-0.899  NA   		60		74
-0.701  NA   		60		75
-0.714  NA   		60		76
-0.716  NA   		60		77
-0.714  NA   		60		78
-0.875  NA   		60		79
-0.716  NA   		60		80
-0.706  NA   		60		81
-0.717  NA   		60		82
-0.722  NA   		60		83
-0.718  NA   		60		84
-0.718  NA   		60		85
-0.714  NA   		60		86
-0.715  NA   		61		62
-0.709  NA   		61		63
-0.916  NA   		61		64
-0.708  NA   		61		65
-0.710  NA   		61		66
-0.708  NA   		61		67
-0.716  NA   		61		68
-0.708  NA   		61		69
-0.710  NA   		61		70
-0.711  NA   		61		71
-0.712  NA   		61		72
-0.696  NA   		61		73
-0.900  NA   		61		74
-0.701  NA   		61		75
-0.714  NA   		61		76
-0.717  NA   		61		77
-0.715  NA   		61		78
-0.875  NA   		61		79
-0.716  NA   		61		80
-0.705  NA   		61		81
-0.718  NA   		61		82
-0.722  NA   		61		83
-0.718  NA   		61		84
-0.718  NA   		61		85
-0.715  NA   		61		86
-0.711  NA   		62		63
-0.920  NA   		62		64
-0.725  NA   		62		65
-0.713  NA   		62		66
-0.709  NA   		62		67
-0.720  NA   		62		68
-0.707  NA   		62		69
-0.710  NA   		62		70
-0.713  NA   		62		71
-0.714  NA   		62		72
-0.690  NA   		62		73
-0.908  NA   		62		74
-0.695  NA   		62		75
-0.717  NA   		62		76
-0.720  NA   		62		77
-0.716  NA   		62		78
-0.878  NA   		62		79
-0.720  NA   		62		80
-0.702  NA   		62		81
-0.721  NA   		62		82
-0.727  NA   		62		83
-0.721  NA   		62		84
-0.721  NA   		62		85
-0.715  NA   		62		86
-0.912  NA   		63		64
-0.697  NA   		63		65
-0.709  NA   		63		66
-0.705  NA   		63		67
-0.714  NA   		63		68
-0.705  NA   		63		69
-0.708  NA   		63		70
-0.710  NA   		63		71
-0.711  NA   		63		72
-0.699  NA   		63		73
-0.893  NA   		63		74
-0.707  NA   		63		75
-0.713  NA   		63		76
-0.715  NA   		63		77
-0.715  NA   		63		78
-0.872  NA   		63		79
-0.714  NA   		63		80
-0.709  NA   		63		81
-0.716  NA   		63		82
-0.719  NA   		63		83
-0.716  NA   		63		84
-0.716  NA   		63		85
-0.715  NA   		63		86
-0.929  NA   		64		65
-0.914  NA   		64		66
-0.911  NA   		64		67
-0.915  NA   		64		68
-0.909  NA   		64		69
-0.909  NA   		64		70
-0.913  NA   		64		71
-0.913  NA   		64		72
-0.894  NA   		64		73
-0.787  NA   		64		74
-0.884  NA   		64		75
-0.914  NA   		64		76
-0.914  NA   		64		77
-0.911  NA   		64		78
-0.913  NA   		64		79
-0.915  NA   		64		80
-0.903  NA   		64		81
-0.915  NA   		64		82
-0.917  NA   		64		83
-0.915  NA   		64		84
-0.915  NA   		64		85
-0.911  NA   		64		86
-0.703  NA   		65		66
-0.693  NA   		65		67
-0.712  NA   		65		68
-0.688  NA   		65		69
-0.692  NA   		65		70
-0.700  NA   		65		71
-0.702  NA   		65		72
-0.649  NA   		65		73
-0.927  NA   		65		74
-0.661  NA   		65		75
-0.707  NA   		65		76
-0.706  NA   		65		77
-0.696  NA   		65		78
-0.883  NA   		65		79
-0.712  NA   		65		80
-0.669  NA   		65		81
-0.708  NA   		65		82
-0.721  NA   		65		83
-0.709  NA   		65		84
-0.709  NA   		65		85
-0.695  NA   		65		86
-0.708  NA   		66		67
-0.714  NA   		66		68
-0.707  NA   		66		69
-0.709  NA   		66		70
-0.709  NA   		66		71
-0.710  NA   		66		72
-0.697  NA   		66		73
-0.897  NA   		66		74
-0.701  NA   		66		75
-0.712  NA   		66		76
-0.714  NA   		66		77
-0.713  NA   		66		78
-0.874  NA   		66		79
-0.714  NA   		66		80
-0.705  NA   		66		81
-0.715  NA   		66		82
-0.719  NA   		66		83
-0.715  NA   		66		84
-0.715  NA   		66		85
-0.713  NA   		66		86
-0.712  NA   		67		68
-0.704  NA   		67		69
-0.707  NA   		67		70
-0.709  NA   		67		71
-0.709  NA   		67		72
-0.699  NA   		67		73
-0.891  NA   		67		74
-0.707  NA   		67		75
-0.711  NA   		67		76
-0.713  NA   		67		77
-0.713  NA   		67		78
-0.871  NA   		67		79
-0.712  NA   		67		80
-0.708  NA   		67		81
-0.714  NA   		67		82
-0.717  NA   		67		83
-0.714  NA   		67		84
-0.714  NA   		67		85
-0.713  NA   		67		86
-0.709  NA   		68		69
-0.711  NA   		68		70
-0.712  NA   		68		71
-0.712  NA   		68		72
-0.697  NA   		68		73
-0.899  NA   		68		74
-0.701  NA   		68		75
-0.714  NA   		68		76
-0.717  NA   		68		77
-0.715  NA   		68		78
-0.874  NA   		68		79
-0.716  NA   		68		80
-0.706  NA   		68		81
-0.718  NA   		68		82
-0.716  NA   		68		83
-0.718  NA   		68		84
-0.718  NA   		68		85
-0.714  NA   		68		86
-0.705  NA   		69		70
-0.706  NA   		69		71
-0.706  NA   		69		72
-0.699  NA   		69		73
-0.888  NA   		69		74
-0.707  NA   		69		75
-0.707  NA   		69		76
-0.710  NA   		69		77
-0.710  NA   		69		78
-0.870  NA   		69		79
-0.708  NA   		69		80
-0.707  NA   		69		81
-0.710  NA   		69		82
-0.712  NA   		69		83
-0.710  NA   		69		84
-0.710  NA   		69		85
-0.710  NA   		69		86
-0.709  NA   		70		71
-0.709  NA   		70		72
-0.702  NA   		70		73
-0.887  NA   		70		74
-0.709  NA   		70		75
-0.710  NA   		70		76
-0.712  NA   		70		77
-0.713  NA   		70		78
-0.870  NA   		70		79
-0.711  NA   		70		80
-0.710  NA   		70		81
-0.713  NA   		70		82
-0.715  NA   		70		83
-0.713  NA   		70		84
-0.713  NA   		70		85
-0.713  NA   		70		86
-0.707  NA   		71		72
-0.697  NA   		71		73
-0.894  NA   		71		74
-0.702  NA   		71		75
-0.709  NA   		71		76
-0.711  NA   		71		77
-0.710  NA   		71		78
-0.873  NA   		71		79
-0.710  NA   		71		80
-0.703  NA   		71		81
-0.712  NA   		71		82
-0.715  NA   		71		83
-0.712  NA   		71		84
-0.712  NA   		71		85
-0.710  NA   		71		86
-0.696  NA   		72		73
-0.895  NA   		72		74
-0.701  NA   		72		75
-0.708  NA   		72		76
-0.711  NA   		72		77
-0.710  NA   		72		78
-0.873  NA   		72		79
-0.710  NA   		72		80
-0.702  NA   		72		81
-0.712  NA   		72		82
-0.715  NA   		72		83
-0.712  NA   		72		84
-0.712  NA   		72		85
-0.710  NA   		72		86
-0.862  NA   		73		74
-0.700  NA   		73		75
-0.695  NA   		73		76
-0.693  NA   		73		77
-0.698  NA   		73		78
-0.860  NA   		73		79
-0.695  NA   		73		80
-0.706  NA   		73		81
-0.693  NA   		73		82
-0.692  NA   		73		83
-0.693  NA   		73		84
-0.693  NA   		73		85
-0.699  NA   		73		86
-0.845  NA   		74		75
-0.897  NA   		74		76
-0.897  NA   		74		77
-0.891  NA   		74		78
-0.958  NA   		74		79
-0.898  NA   		74		80
-0.877  NA   		74		81
-0.898  NA   		74		82
-0.902  NA   		74		83
-0.898  NA   		74		84
-0.898  NA   		74		85
-0.890  NA   		74		86
-0.700  NA   		75		76
-0.699  NA   		75		77
-0.703  NA   		75		78
-0.855  NA   		75		79
-0.700  NA   		75		80
-0.711  NA   		75		81
-0.698  NA   		75		82
-0.696  NA   		75		83
-0.698  NA   		75		84
-0.698  NA   		75		85
-0.704  NA   		75		86
-0.711  NA   		76		77
-0.709  NA   		76		78
-0.873  NA   		76		79
-0.709  NA   		76		80
-0.701  NA   		76		81
-0.711  NA   		76		82
-0.716  NA   		76		83
-0.711  NA   		76		84
-0.711  NA   		76		85
-0.709  NA   		76		86
-0.707  NA   		77		78
-0.873  NA   		77		79
-0.712  NA   		77		80
-0.698  NA   		77		81
-0.709  NA   		77		82
-0.714  NA   		77		83
-0.709  NA   		77		84
-0.709  NA   		77		85
-0.706  NA   		77		86
-0.871  NA   		78		79
-0.709  NA   		78		80
-0.701  NA   		78		81
-0.707  NA   		78		82
-0.710  NA   		78		83
-0.707  NA   		78		84
-0.707  NA   		78		85
-0.706  NA   		78		86
-0.874  NA   		79		80
-0.865  NA   		79		81
-0.874  NA   		79		82
-0.875  NA   		79		83
-0.874  NA   		79		84
-0.874  NA   		79		85
-0.871  NA   		79		86
-0.700  NA   		80		81
-0.712  NA   		80		82
-0.716  NA   		80		83
-0.712  NA   		80		84
-0.712  NA   		80		85
-0.709  NA   		80		86
-0.697  NA   		81		82
-0.698  NA   		81		83
-0.697  NA   		81		84
-0.697  NA   		81		85
-0.702  NA   		81		86
-0.714  NA   		82		83
-0.709  NA   		82		84
-0.709  NA   		82		85
-0.706  NA   		82		86
-0.714  NA   		83		84
-0.714  NA   		83		85
-0.709  NA   		83		86
-0.709  NA   		84		85
-0.706  NA   		84		86
-0.706  NA   		85		86
