## bf=log10_BF	se=log10_std_err	pv=p-value	
rsnum	 	pos 	chr 	bf 	se 	rank 	pv
rs4771730      	111765846	1	-0.304	 NA 	 1		 NA	
rs4773326      	111765896	1	-0.273	 NA 	 2		 NA	
rs9301493      	111766018	1	+0.939	 NA 	 3		 NA	
rs4773327      	111766177	1	+0.915	 NA 	 4		 NA	
rs9588361      	111766553	1	-0.301	 NA 	 5		 NA	
rs72668200     	111766627	1	-0.076	 NA 	 6		 NA	
rs7321389      	111766981	1	+0.504	 NA 	 7		 NA	
rs9555770      	111767056	1	+0.537	 NA 	 8		 NA	
rs9555771      	111768371	1	+0.721	 NA 	 9		 NA	
rs4771731      	111768407	1	+0.509	 NA 	 10		 NA	
rs1854965      	111769352	1	+0.289	 NA 	 11		 NA	
rs59977356     	111769758	1	+0.264	 NA 	 12		 NA	
rs12584550     	111769770	1	+0.340	 NA 	 13		 NA	
rs9788352      	111770160	1	+0.262	 NA 	 14		 NA	
rs9522131      	111771184	1	+0.809	 NA 	 15		 NA	
rs12431328     	111771729	1	+0.205	 NA 	 16		 NA	
rs9559991      	111772020	1	+0.204	 NA 	 17		 NA	
rs77116141     	111772414	1	+0.114	 NA 	 18		 NA	
rs831150       	111773316	1	+0.218	 NA 	 19		 NA	
rs831157       	111774868	1	+0.199	 NA 	 20		 NA	
rs9588362      	111779686	1	+0.104	 NA 	 21		 NA	
rs9559993      	111779732	1	-0.025	 NA 	 22		 NA	
rs9522136      	111779831	1	+0.286	 NA 	 23		 NA	
rs9522137      	111780597	1	+0.339	 NA 	 24		 NA	
rs58934014     	111795572	1	+0.180	 NA 	 25		 NA	
rs75199420     	111796394	1	+0.193	 NA 	 26		 NA	
rs882700       	111797431	1	+0.245	 NA 	 27		 NA	
rs72670017     	111797578	1	-0.439	 NA 	 28		 NA	
rs73633244     	111799489	1	+0.210	 NA 	 29		 NA	
rs58792181     	111799957	1	+0.212	 NA 	 30		 NA	
rs73633247     	111800515	1	+0.219	 NA 	 31		 NA	
rs59407175     	111800589	1	+0.219	 NA 	 32		 NA	
rs72670019     	111801660	1	-0.434	 NA 	 33		 NA	
rs9522143      	111803551	1	-0.535	 NA 	 34		 NA	
rs1109827      	111808925	1	-0.546	 NA 	 35		 NA	
rs9555776      	111810827	1	-0.479	 NA 	 36		 NA	
rs78971944     	111811973	1	+0.271	 NA 	 37		 NA	
rs9522147      	111821756	1	-0.575	 NA 	 38		 NA	
rs7322101      	111825086	1	-0.575	 NA 	 39		 NA	
rs12866385     	111826124	1	-0.560	 NA 	 40		 NA	
rs68045045     	111826172	1	-0.560	 NA 	 41		 NA	
rs9560002      	111829012	1	-0.445	 NA 	 42		 NA	
rs1969861      	111829399	1	-0.449	 NA 	 43		 NA	
rs11618668     	111830708	1	-0.481	 NA 	 44		 NA	
rs9555777      	111831834	1	-0.527	 NA 	 45		 NA	
rs61966723     	111839448	1	-0.546	 NA 	 46		 NA	
rs7326282      	111846435	1	-0.358	 NA 	 47		 NA	
rs9588380      	111848670	1	-0.335	 NA 	 48		 NA	
rs1164270      	111854193	1	-0.383	 NA 	 49		 NA	
rs9555781      	111856885	1	-0.422	 NA 	 50		 NA	
rs9560010      	111866520	1	-0.474	 NA 	 51		 NA	
rs3783087      	111868816	1	-0.470	 NA 	 52		 NA	
rs2296354      	111870037	1	-0.381	 NA 	 53		 NA	
rs144992888    	111873646	1	-0.402	 NA 	 54		 NA	
rs9522169      	111891154	1	-0.392	 NA 	 55		 NA	
rs9522170      	111892646	1	-0.406	 NA 	 56		 NA	
rs942655       	111893709	1	-0.298	 NA 	 57		 NA	
rs7325502      	111897674	1	-0.281	 NA 	 58		 NA	
rs10851260     	111900740	1	-0.268	 NA 	 59		 NA	
rs1108891      	111901109	1	-0.278	 NA 	 60		 NA	
rs9560015      	111902870	1	-0.267	 NA 	 61		 NA	
rs1359429      	111905324	1	-0.493	 NA 	 62		 NA	
rs7988032      	111910292	1	-0.281	 NA 	 63		 NA	
rs113245345    	111911499	1	+0.324	 NA 	 64		 NA	
rs9560023      	111911587	1	-0.278	 NA 	 65		 NA	
rs61968017     	111913384	1	-0.278	 NA 	 66		 NA	
rs55645715     	111917026	1	-0.284	 NA 	 67		 NA	
rs3783085      	111921973	1	-0.148	 NA 	 68		 NA	
rs113375990    	111929148	1	+0.311	 NA 	 69		 NA	
rs2296353      	111933098	1	-0.421	 NA 	 70		 NA	
rs2296352      	111938889	1	+0.050	 NA 	 71		 NA	
rs41275852     	111946651	1	-0.326	 NA 	 72		 NA	
rs9555784      	111948823	1	-0.273	 NA 	 73		 NA	
rs7321969      	111951942	1	-0.301	 NA 	 74		 NA	
rs9560032      	111952294	1	-0.297	 NA 	 75		 NA	
rs3742180      	111954068	1	-0.294	 NA 	 76		 NA	
rs942649       	111954556	1	+0.267	 NA 	 77		 NA	
rs1555751      	111955465	1	+0.248	 NA 	 78		 NA	
rs6692         	111957869	1	-0.280	 NA 	 79		 NA	
rs3742179      	111958085	1	-0.295	 NA 	 80		 NA	
rs7984371      	111958666	1	-0.500	 NA 	 81		 NA	
rs11617351     	111959140	1	-0.240	 NA 	 82		 NA	
rs12865152     	111959610	1	-0.268	 NA 	 83		 NA	
rs9560033      	111959706	1	-0.442	 NA 	 84		 NA	
rs4773343      	111959823	1	-0.324	 NA 	 85		 NA	
rs7986271      	111960636	1	-0.319	 NA 	 86		 NA	
rs68183651     	111961633	1	-0.195	 NA 	 87		 NA	
rs72653574     	111961656	1	-0.155	 NA 	 88		 NA	
rs34985682     	111962373	1	-0.147	 NA 	 89		 NA	
rs7999064      	111963037	1	-0.527	 NA 	 90		 NA	
rs12872696     	111963297	1	-0.515	 NA 	 91		 NA	
rs9555786      	111963438	1	-0.145	 NA 	 92		 NA	
rs9560035      	111963671	1	-0.150	 NA 	 93		 NA	
rs9560036      	111964019	1	-0.182	 NA 	 94		 NA	
rs9560037      	111964168	1	-0.144	 NA 	 95		 NA	
rs9555787      	111964234	1	-0.144	 NA 	 96		 NA	
rs9560039      	111964382	1	-0.143	 NA 	 97		 NA	
rs4420384      	111964737	1	-0.515	 NA 	 98		 NA	
rs60365330     	111965135	1	-0.146	 NA 	 99		 NA	
rs9522179      	111965392	1	-0.602	 NA 	 100		 NA	
rs1536049      	111966299	1	-0.608	 NA 	 101		 NA	
rs1536051      	111966385	1	-0.621	 NA 	 102		 NA	
rs11840823     	111966572	1	-0.604	 NA 	 103		 NA	
rs8001679      	111966640	1	-0.608	 NA 	 104		 NA	
rs9555788      	111967198	1	-0.609	 NA 	 105		 NA	
rs9555789      	111967650	1	-0.432	 NA 	 106		 NA	
rs9560040      	111967880	1	-0.582	 NA 	 107		 NA	
rs7986479      	111968200	1	-0.607	 NA 	 108		 NA	
rs12560420     	111968432	1	-0.383	 NA 	 109		 NA	
rs10851261     	111969629	1	-0.184	 NA 	 110		 NA	
rs9560042      	111972581	1	-0.151	 NA 	 111		 NA	
rs11841171     	111973050	1	-0.536	 NA 	 112		 NA	
rs4773353      	111973789	1	-0.086	 NA 	 113		 NA	
rs4773354      	111974001	1	-0.095	 NA 	 114		 NA	
rs2243928      	111981707	1	+0.022	 NA 	 115		 NA	
rs2254349      	111987226	1	-0.181	 NA 	 116		 NA	
rs8181832      	111989390	1	+0.238	 NA 	 117		 NA	
rs35272033     	111989666	1	+0.013	 NA 	 118		 NA	
rs9560047      	111990230	1	+0.474	 NA 	 119		 NA	
rs9522186      	111990369	1	+0.440	 NA 	 120		 NA	
rs9522187      	111990532	1	+0.446	 NA 	 121		 NA	
rs2479965      	111990840	1	-0.183	 NA 	 122		 NA	
rs9555791      	111991090	1	+0.523	 NA 	 123		 NA	
rs9522188      	111991463	1	+1.845	 NA 	 124		 NA	
rs9522189      	111995748	1	+0.427	 NA 	 125		 NA	
rs745320       	111997439	1	+0.348	 NA 	 126		 NA	
rs730277       	111998230	1	+0.428	 NA 	 127		 NA	
rs526541       	111998480	1	+0.392	 NA 	 128		 NA	
rs486455       	111998613	1	+0.390	 NA 	 129		 NA	
rs486322       	111998675	1	+0.388	 NA 	 130		 NA	
rs9522194      	112002464	1	+0.835	 NA 	 131		 NA	
rs2249716      	112002477	1	-0.334	 NA 	 132		 NA	
rs11069889     	112004784	1	+0.309	 NA 	 133		 NA	
rs1928032      	112005349	1	+0.405	 NA 	 134		 NA	
rs4773361      	112006806	1	+0.311	 NA 	 135		 NA	
rs56400605     	112010351	1	-0.507	 NA 	 136		 NA	
rs9634598      	112011111	1	-0.643	 NA 	 137		 NA	
rs115155554    	112011264	1	-0.505	 NA 	 138		 NA	
rs117284416    	112011276	1	-0.505	 NA 	 139		 NA	
rs12870848     	112011561	1	-0.499	 NA 	 140		 NA	
rs12871137     	112011623	1	-0.499	 NA 	 141		 NA	
rs4771748      	112012721	1	+0.226	 NA 	 142		 NA	
rs884708       	112015103	1	-0.635	 NA 	 143		 NA	
rs1109872      	112015614	1	+0.185	 NA 	 144		 NA	
rs1961630      	112017141	1	+0.420	 NA 	 145		 NA	
rs12865472     	112017809	1	-0.528	 NA 	 146		 NA	
rs12870423     	112018392	1	-0.467	 NA 	 147		 NA	
rs35139090     	112020448	1	-0.527	 NA 	 148		 NA	
rs71442821     	112020759	1	-0.521	 NA 	 149		 NA	
rs71442822     	112020845	1	-0.527	 NA 	 150		 NA	
rs34109416     	112021023	1	-0.528	 NA 	 151		 NA	
rs34320343     	112022062	1	-0.525	 NA 	 152		 NA	
rs35491422     	112022196	1	-0.529	 NA 	 153		 NA	
rs35647914     	112025112	1	+0.480	 NA 	 154		 NA	
rs2770245      	112025139	1	+0.157	 NA 	 155		 NA	
rs4773363      	112025233	1	-0.537	 NA 	 156		 NA	
rs12857756     	112026034	1	+0.549	 NA 	 157		 NA	
rs2252557      	112026623	1	-0.392	 NA 	 158		 NA	
rs12876899     	112029043	1	-0.537	 NA 	 159		 NA	
rs9560049      	112029732	1	-0.374	 NA 	 160		 NA	
rs2391934      	112031029	1	-0.375	 NA 	 161		 NA	
rs9555794      	112031742	1	-0.372	 NA 	 162		 NA	
rs36069431     	112031817	1	-0.537	 NA 	 163		 NA	
