rs 	 chr 	 pos 	 postc 	 beta
rs13040576     	1	8374085	 0.00433 	 -0.01137
rs13037141     	1	8374269	 0.00432 	 -0.01012
rs2662990      	1	8374803	 0.00327 	 0.00124
rs2745756      	1	8376920	 0.00451 	 -0.01078
rs1848548      	1	8378100	 0.00474 	 -0.01246
rs2745757      	1	8378324	 0.00465 	 -0.01876
rs2745758      	1	8378784	 0.00449 	 -0.00389
rs2745759      	1	8379092	 0.00466 	 -0.01556
rs708920       	1	8379730	 0.00454 	 -0.01245
rs35685078     	1	8380240	 0.00453 	 -0.01337
rs2662989      	1	8381546	 0.00471 	 -0.02609
rs77654614     	1	8383208	 0.01604 	 0.05791
rs35480505     	1	8384114	 0.00445 	 -0.01496
rs1235142      	1	8386087	 0.00492 	 -0.01646
rs4816063      	1	8386837	 0.00455 	 -0.01586
rs13040411     	1	8387166	 0.00464 	 -0.01679
rs2719803      	1	8387552	 0.00477 	 -0.01470
rs4813860      	1	8388545	 0.00460 	 -0.01841
rs62195958     	1	8388977	 0.00437 	 -0.01335
rs1238231      	1	8391419	 0.00408 	 -0.00904
rs1775190      	1	8391650	 0.00427 	 -0.01106
rs1009736      	1	8393001	 0.00447 	 -0.01409
rs708916       	1	8395937	 0.00374 	 -0.00769
rs1125525      	1	8396736	 0.00377 	 -0.00184
rs6055802      	1	8397031	 0.00436 	 -0.01288
rs2662985      	1	8397222	 0.00395 	 -0.01019
rs742616       	1	8400551	 0.00382 	 -0.01093
rs708914       	1	8401716	 0.00352 	 -0.00535
rs17362299     	1	8442220	 0.00354 	 0.00361
rs2021901      	1	8462375	 0.00802 	 -0.03817
rs6055849      	1	8466490	 0.00703 	 -0.01129
rs6055850      	1	8466492	 0.00645 	 -0.01466
rs6055863      	1	8475010	 0.00457 	 -0.01344
rs6055864      	1	8475609	 0.00505 	 -0.01237
rs6077370      	1	8476736	 0.00498 	 -0.01181
rs6086472      	1	8477975	 0.00476 	 -0.00985
rs1534968      	1	8479274	 0.00501 	 -0.01808
rs6039177      	1	8482025	 0.00484 	 -0.01874
rs7273511      	1	8498416	 0.00354 	 0.00918
rs6086480      	1	8498740	 0.00325 	 -0.00266
rs6055878      	1	8498898	 0.00318 	 -0.00430
rs6055879      	1	8499462	 0.00340 	 -0.00528
rs6118228      	1	8504289	 0.00362 	 -0.00398
rs1997743      	1	8505479	 0.00339 	 -0.00264
rs6055881      	1	8507713	 0.00643 	 0.01935
rs6118234      	1	8509458	 0.00341 	 -0.00060
rs6118235      	1	8511300	 0.00333 	 -0.00001
rs75351125     	1	8513421	 0.00371 	 -0.01412
rs6039181      	1	8514431	 0.00356 	 -0.00025
rs6140633      	1	8515243	 0.00372 	 0.00699
rs6140635      	1	8515956	 0.00371 	 0.00540
rs2143204      	1	8518115	 0.00362 	 0.00299
rs2423370      	1	8521023	 0.00370 	 0.00891
rs78409396     	1	8522247	 0.00297 	 0.00145
rs3817881      	1	8522704	 0.00334 	 0.00481
rs3817879      	1	8522921	 0.00343 	 0.00639
rs2327044      	1	8556498	 0.01131 	 0.02436
rs6055912      	1	8556693	 0.00692 	 -0.02981
rs16994938     	1	8556772	 0.00801 	 0.07149
rs2327045      	1	8557221	 0.01251 	 0.01424
rs6055914      	1	8557391	 0.01255 	 0.00814
rs75969234     	1	8557551	 0.00396 	 -0.00200
rs6039201      	1	8559781	 0.00643 	 0.01262
rs6039202      	1	8559852	 0.02561 	 0.02138
rs7343475      	1	8560163	 0.00377 	 0.00250
rs36046295     	1	8560529	 0.02521 	 0.01316
rs6055916      	1	8560646	 0.00492 	 -0.00017
rs6055917      	1	8561194	 0.05343 	 0.03921
rs6055919      	1	8561361	 0.02675 	 0.03011
rs764443       	1	8562388	 0.02674 	 0.03146
rs6118257      	1	8562640	 0.00961 	 0.04344
rs6086515      	1	8562756	 0.02777 	 0.04257
rs12624339     	1	8563082	 0.00403 	 -0.00343
rs6055921      	1	8563139	 0.02956 	 0.05001
rs6140643      	1	8563441	 0.00889 	 0.03212
rs6108158      	1	8563458	 0.06168 	 0.04197
rs57379040     	1	8563566	 0.00403 	 0.00541
rs6086516      	1	8563631	 0.02806 	 0.03487
rs6118258      	1	8564057	 0.00546 	 0.01318
rs2327046      	1	8564915	 0.00658 	 0.01475
rs6055922      	1	8564967	 0.00399 	 -0.00731
rs6055923      	1	8565034	 0.00698 	 0.01579
rs6055924      	1	8565176	 0.00518 	 0.00559
rs2327047      	1	8566072	 0.00722 	 0.01645
rs6055925      	1	8566540	 0.00701 	 0.01875
rs6055926      	1	8566792	 0.03173 	 0.03669
rs12329634     	1	8566970	 0.00530 	 0.02098
rs6055927      	1	8567013	 0.00493 	 0.02023
rs6055928      	1	8567151	 0.00537 	 0.01063
rs6055929      	1	8567266	 0.04685 	 0.04072
rs6086518      	1	8567519	 0.00912 	 0.02406
rs4816070      	1	8569301	 0.01664 	 0.03006
rs6055930      	1	8569422	 0.00577 	 0.00773
rs6055931      	1	8569606	 0.00584 	 0.01486
rs13036477     	1	8570191	 0.10346 	 -0.04715
rs6039203      	1	8571476	 0.00398 	 -0.00175
rs6055932      	1	8571483	 0.00412 	 -0.00160
rs6039204      	1	8571594	 0.00391 	 -0.00794
rs6039205      	1	8571934	 0.00393 	 -0.00273
rs6086524      	1	8572676	 0.09252 	 -0.04442
rs7263133      	1	8573250	 0.00397 	 -0.00397
rs6086525      	1	8573437	 0.01687 	 0.03007
rs6055933      	1	8573589	 0.00423 	 -0.00242
rs6086526      	1	8574041	 0.00358 	 0.00018
rs6133592      	1	8574301	 0.00401 	 -0.00131
rs6140647      	1	8574307	 0.00382 	 0.00025
rs6039206      	1	8575671	 0.00424 	 -0.00895
rs112855744    	1	8581713	 0.01746 	 -0.01461
rs4813865      	1	8582403	 0.02163 	 -0.03160
rs4813866      	1	8582453	 0.02174 	 -0.03739
rs1883501      	1	8583796	 0.02035 	 -0.02603
rs6086533      	1	8585127	 0.02325 	 -0.03374
rs68119680     	1	8585513	 0.02296 	 -0.03302
rs5002940      	1	8588318	 0.02084 	 -0.03162
rs6086536      	1	8591196	 0.01691 	 -0.02885
rs6055954      	1	8604114	 0.00364 	 0.00175
rs6118272      	1	8605092	 0.00354 	 0.00812
rs13038516     	1	8606219	 0.00338 	 0.00480
rs1535067      	1	8607333	 0.00371 	 0.01277
rs4419296      	1	8607426	 0.00387 	 0.00979
rs6055957      	1	8611319	 0.00350 	 -0.00252
rs2223838      	1	8612471	 0.00348 	 0.01037
rs6039212      	1	8616641	 0.00366 	 -0.00842
rs6108163      	1	8617522	 0.00365 	 0.00689
rs989955       	1	8617551	 0.00343 	 -0.00833
rs989954       	1	8617720	 0.00364 	 0.00130
rs6039213      	1	8617744	 0.00359 	 0.00193
rs6039214      	1	8617819	 0.00367 	 0.00136
rs8116032      	1	8618598	 0.00346 	 -0.01146
rs8120799      	1	8618604	 0.00383 	 -0.00980
rs8116083      	1	8618626	 0.00353 	 -0.00607
rs6055961      	1	8619249	 0.00364 	 -0.00000
rs6108165      	1	8624101	 0.00350 	 0.01112
rs1018443      	1	8626903	 0.00351 	 -0.00345
rs1473698      	1	8629807	 0.00355 	 0.00793
rs6055975      	1	8630253	 0.00356 	 -0.00306
rs2207070      	1	8631147	 0.00369 	 0.00168
rs8118986      	1	8631627	 0.00356 	 0.00248
rs6086551      	1	8633099	 0.00372 	 -0.00901
rs8115504      	1	8633262	 0.00354 	 -0.00864
rs8115555      	1	8633398	 0.00348 	 -0.00780
rs6118282      	1	8633847	 0.00367 	 -0.01020
