rs 	 chr 	 pos 	 postc 	 beta
rs7165954      	1	63125933	 0.00350 	 -0.01528
rs7167535      	1	63125991	 0.00336 	 -0.01253
rs2133091      	1	63128919	 0.00357 	 -0.01570
rs2133092      	1	63128948	 0.00296 	 -0.00168
rs7162883      	1	63129129	 0.00416 	 -0.01804
rs1874761      	1	63137822	 0.00582 	 -0.02121
rs16945935     	1	63138250	 0.00597 	 -0.02391
rs12438113     	1	63138410	 0.00616 	 -0.03430
rs16945938     	1	63139366	 0.00521 	 -0.02400
rs11071694     	1	63144236	 0.00380 	 0.01467
rs8035848      	1	63145576	 0.00375 	 -0.02310
rs114129284    	1	63162938	 0.00523 	 -0.03132
rs4258555      	1	63216847	 0.00314 	 -0.00148
rs12915097     	1	63224922	 0.00411 	 0.01127
rs1994535      	1	63226092	 0.00432 	 0.01539
rs12907431     	1	63227604	 0.00431 	 0.01347
rs11071700     	1	63229207	 0.00438 	 0.01799
rs9806659      	1	63230491	 0.00457 	 0.01809
rs9806653      	1	63230551	 0.00419 	 0.01359
rs12591202     	1	63231036	 0.00521 	 0.01950
rs72755551     	1	63233998	 0.00307 	 0.00637
rs72755554     	1	63235046	 0.00306 	 0.00772
rs36121451     	1	63236417	 0.00309 	 0.00867
rs35899270     	1	63236450	 0.00270 	 -0.00244
rs72755564     	1	63240237	 0.00505 	 0.02213
rs11635233     	1	63240412	 0.00521 	 0.02491
rs8030190      	1	63240994	 0.00495 	 0.02097
rs34214093     	1	63241234	 0.00266 	 -0.00078
rs8031894      	1	63245179	 0.00313 	 0.01051
rs12900263     	1	63247227	 0.00280 	 0.00464
rs77350051     	1	63247965	 0.00296 	 0.00045
rs78998900     	1	63248907	 0.00291 	 0.00708
rs11071703     	1	63250646	 0.00375 	 -0.01457
rs79809571     	1	63252578	 0.00314 	 0.01718
rs112976065    	1	63252610	 0.00297 	 0.00776
rs79324313     	1	63252649	 0.00323 	 -0.01570
rs112069214    	1	63252926	 0.00308 	 0.01456
rs73434137     	1	63253314	 0.00283 	 -0.00779
rs78067912     	1	63253895	 0.00298 	 0.00736
rs17823147     	1	63254009	 0.00270 	 0.00026
rs16946166     	1	63254687	 0.00315 	 -0.01367
rs73434140     	1	63255694	 0.00333 	 0.03661
rs80262408     	1	63256358	 0.00329 	 -0.05163
rs79591982     	1	63256441	 0.00325 	 -0.01326
rs76694642     	1	63256784	 0.00311 	 -0.01471
rs11631647     	1	63256904	 0.00868 	 0.02601
rs16946182     	1	63259797	 0.00318 	 -0.01278
rs77347325     	1	63259867	 0.00318 	 -0.00851
rs79443421     	1	63260065	 0.00290 	 -0.00555
rs2414806      	1	63261572	 0.00361 	 0.00650
rs4352001      	1	63261653	 0.00281 	 -0.00391
rs2130162      	1	63262852	 0.00280 	 0.00232
rs4774461      	1	63263626	 0.00362 	 -0.01920
rs2899690      	1	63264960	 0.00390 	 -0.01902
rs17750687     	1	63265063	 0.00270 	 -0.00048
rs2414809      	1	63265156	 0.00402 	 -0.02086
rs12708475     	1	63265179	 0.00277 	 -0.00199
rs2414810      	1	63265244	 0.00427 	 -0.02051
rs12439030     	1	63266204	 0.00413 	 -0.02372
rs7170891      	1	63266624	 0.00398 	 -0.01676
rs4775579      	1	63266800	 0.00302 	 -0.00618
rs4775580      	1	63267008	 0.00302 	 -0.00642
rs12442779     	1	63267111	 0.00306 	 -0.00748
rs36030007     	1	63267189	 0.00293 	 -0.00278
rs146741740    	1	63267348	 0.00364 	 -0.01105
rs11631220     	1	63269403	 0.00361 	 -0.00715
rs17751112     	1	63270333	 0.00287 	 -0.00036
rs1844291      	1	63275743	 0.00349 	 -0.01146
rs62011025     	1	63276930	 0.00274 	 0.00220
rs1489317      	1	63281520	 0.00291 	 -0.00285
rs13380382     	1	63285582	 0.00296 	 0.00441
rs11852619     	1	63285840	 0.00295 	 -0.00425
rs7162106      	1	63286060	 0.00395 	 0.01838
rs35071721     	1	63290705	 0.00613 	 0.03657
rs12708476     	1	63293959	 0.00274 	 0.00282
rs7162407      	1	63294671	 0.00430 	 -0.01925
rs4775594      	1	63295241	 0.00407 	 -0.02587
rs4775595      	1	63295384	 0.00415 	 -0.00845
rs1489314      	1	63295972	 0.00386 	 -0.01782
rs7176019      	1	63297127	 0.00383 	 -0.02381
rs7177676      	1	63297227	 0.00346 	 -0.00040
rs4775596      	1	63298302	 0.01090 	 0.05906
rs4774464      	1	63298677	 0.00327 	 -0.00940
rs1906779      	1	63303416	 0.04196 	 0.13813
rs77899283     	1	63304736	 0.02419 	 0.07343
rs12909667     	1	63305332	 0.00449 	 -0.00201
rs11854861     	1	63305725	 0.01755 	 0.05409
rs59705303     	1	63305871	 0.02363 	 0.06346
rs11638819     	1	63306206	 0.02351 	 0.06179
rs12899093     	1	63306718	 0.00430 	 -0.00341
rs79694409     	1	63306896	 0.02319 	 0.03760
rs77224727     	1	63307181	 0.02320 	 0.06618
rs8029221      	1	63308583	 0.00614 	 -0.00507
rs11071710     	1	63309193	 0.00607 	 0.01290
rs11852443     	1	63309775	 0.00662 	 -0.02367
rs12593573     	1	63309919	 0.00615 	 0.01309
rs12593531     	1	63309936	 0.00636 	 0.00615
rs11071711     	1	63310185	 0.00594 	 -0.02920
rs62011049     	1	63310195	 0.00553 	 -0.01549
rs11071712     	1	63310281	 0.00658 	 0.02347
rs11071714     	1	63310383	 0.00623 	 0.01647
rs58819603     	1	63310866	 0.00654 	 -0.05160
rs11636033     	1	63311091	 0.00616 	 0.02156
rs4774466      	1	63311270	 0.01741 	 0.05520
rs4774467      	1	63311425	 0.02807 	 0.03965
rs4775599      	1	63311495	 0.02801 	 0.04218
rs4774468      	1	63311876	 0.01843 	 0.08174
rs4774469      	1	63311927	 0.02984 	 0.05900
rs4775600      	1	63311940	 0.02814 	 0.03948
rs4775601      	1	63311980	 0.02812 	 0.03913
rs12442303     	1	63311993	 0.02729 	 0.09047
rs4774470      	1	63312119	 0.03205 	 0.04996
rs1873150      	1	63312357	 0.01650 	 0.02991
rs1873148      	1	63312603	 0.01755 	 0.03648
rs1873147      	1	63312632	 0.02809 	 0.03665
rs7179658      	1	63312695	 0.03354 	 0.04820
rs6494382      	1	63312948	 0.01756 	 0.05393
rs7179757      	1	63313265	 0.01788 	 0.05639
rs12595635     	1	63313311	 0.01330 	 -0.09744
rs12595658     	1	63313386	 0.02351 	 0.07075
rs11071716     	1	63313542	 0.01393 	 -0.10272
rs11071717     	1	63313560	 0.01346 	 -0.09621
rs12440411     	1	63313581	 0.02788 	 0.02774
rs12443285     	1	63313596	 0.02940 	 0.04745
rs12443295     	1	63313666	 0.02806 	 0.03293
rs12902152     	1	63313968	 0.02975 	 0.04255
rs12591507     	1	63314085	 0.01649 	 0.03863
rs2171688      	1	63314231	 0.01779 	 0.05476
rs12591539     	1	63314485	 0.01376 	 -0.09589
rs2130165      	1	63314519	 0.02650 	 0.02025
rs8029871      	1	63314763	 0.00530 	 -0.01550
rs6494383      	1	63316212	 0.00426 	 -0.00615
rs1873146      	1	63316652	 0.02691 	 0.07968
rs16946312     	1	63317191	 0.03008 	 0.09809
rs79717162     	1	63319746	 0.01323 	 -0.09269
rs8039583      	1	63319972	 0.00633 	 -0.03800
rs8039242      	1	63320508	 0.00432 	 0.00883
rs12164904     	1	63320534	 0.00399 	 0.01077
rs16946319     	1	63320840	 0.01056 	 -0.05456
rs7496697      	1	63321527	 0.01070 	 -0.06556
rs1826040      	1	63321899	 0.00419 	 0.00117
rs12593315     	1	63322026	 0.01361 	 -0.09662
rs12593321     	1	63322194	 0.01690 	 0.04682
rs12324180     	1	63323779	 0.00370 	 0.00504
rs4775604      	1	63323880	 0.00362 	 0.00177
rs16946330     	1	63324501	 0.00367 	 0.00304
rs2899687      	1	63325548	 0.02640 	 0.04277
rs6494384      	1	63325607	 0.00337 	 0.00516
rs11071718     	1	63327533	 0.01934 	 0.04599
rs4775606      	1	63327605	 0.00347 	 -0.00011
rs7172943      	1	63327710	 0.01984 	 0.05117
rs9806533      	1	63328298	 0.00350 	 0.00400
rs9806544      	1	63328360	 0.00350 	 0.00847
rs9806545      	1	63328490	 0.00355 	 0.00203
rs76162994     	1	63328962	 0.00427 	 0.00481
rs12440304     	1	63329404	 0.02434 	 0.06915
rs62013179     	1	63329601	 0.00389 	 0.01030
rs79927262     	1	63329676	 0.00424 	 0.00941
rs11071719     	1	63329875	 0.00356 	 0.00490
rs12595171     	1	63330245	 0.02019 	 0.05109
rs12442706     	1	63330450	 0.02094 	 0.05785
rs4775609      	1	63332009	 0.00379 	 -0.01163
rs55962736     	1	63333892	 0.00358 	 -0.00860
