rs 	 chr 	 pos 	 postc 	 beta
rs4776308      	1	66961485	 0.00668 	 -0.02049
rs4776309      	1	66962366	 0.00678 	 -0.01572
rs4776310      	1	66962675	 0.00641 	 -0.00100
rs4776311      	1	66962783	 0.00661 	 0.00143
rs11630102     	1	66962927	 0.00659 	 -0.00202
rs12708489     	1	66966266	 0.00630 	 -0.00080
rs10162739     	1	66967196	 0.00671 	 -0.02112
rs2439371      	1	66967308	 0.00621 	 -0.00871
rs2469141      	1	66967398	 0.00647 	 -0.00690
rs2439370      	1	66967473	 0.00643 	 -0.00518
rs2469142      	1	66967504	 0.00739 	 -0.01931
rs10162752     	1	66967544	 0.00722 	 -0.01426
rs2439369      	1	66967596	 0.00645 	 -0.00007
rs118036296    	1	66979741	 0.02122 	 0.04846
rs2439426      	1	66980118	 0.01160 	 0.02468
rs7359178      	1	66981329	 0.01416 	 0.03084
rs12441773     	1	66981687	 0.01371 	 0.02646
rs12441801     	1	66981803	 0.01331 	 0.02698
rs16950152     	1	66990423	 0.04844 	 0.05797
rs4776823      	1	66996872	 0.01966 	 0.03754
rs72756477     	1	66998229	 0.04290 	 0.06412
rs62005625     	1	67002309	 0.01887 	 0.03612
rs61049230     	1	67005917	 0.03483 	 0.05366
rs2278603      	1	67008708	 0.05497 	 0.05929
rs2469123      	1	67009941	 0.01358 	 0.02393
rs2469122      	1	67010237	 0.00612 	 -0.00007
rs2439403      	1	67010242	 0.01270 	 0.02553
rs2439402      	1	67010990	 0.01234 	 0.02223
rs2119260      	1	67011946	 0.00765 	 -0.01206
rs2119261      	1	67011980	 0.01176 	 0.02004
rs2469120      	1	67012137	 0.01156 	 0.02573
rs61219780     	1	67012739	 0.01128 	 0.01975
rs2439401      	1	67012962	 0.01169 	 0.04937
rs2469113      	1	67013530	 0.01164 	 0.02282
rs2439399      	1	67013681	 0.01144 	 0.00233
rs2439398      	1	67013795	 0.01139 	 0.00058
rs2469115      	1	67013964	 0.01154 	 -0.01192
rs57183043     	1	67014115	 0.00675 	 -0.00869
rs2439396      	1	67014167	 0.01247 	 0.03588
rs2469116      	1	67014378	 0.01148 	 -0.02033
rs2439395      	1	67014418	 0.01253 	 0.03385
rs893900       	1	67014528	 0.00675 	 -0.00277
rs2439394      	1	67014537	 0.01258 	 0.03515
rs2469117      	1	67014591	 0.01188 	 -0.02046
rs2469118      	1	67014992	 0.01177 	 -0.00124
rs2469119      	1	67015161	 0.01211 	 -0.00558
rs7180087      	1	67015210	 0.01206 	 -0.00024
rs2439393      	1	67015219	 0.01196 	 0.00375
rs893904       	1	67015485	 0.01180 	 -0.00134
rs893905       	1	67015744	 0.01218 	 0.01317
rs36120854     	1	67015971	 0.00650 	 -0.00297
rs893906       	1	67016028	 0.01224 	 0.00629
rs11638308     	1	67018180	 0.00668 	 -0.00689
rs2439392      	1	67018491	 0.01196 	 0.01429
rs2469095      	1	67019074	 0.01256 	 0.02453
rs2469092      	1	67019192	 0.01199 	 0.01815
rs28629948     	1	67019576	 0.00684 	 -0.00007
rs28670909     	1	67019601	 0.00678 	 0.00120
rs2439390      	1	67020138	 0.01302 	 0.04156
rs7167440      	1	67020568	 0.00739 	 0.02011
rs2439389      	1	67020892	 0.01242 	 0.02787
rs7183731      	1	67021051	 0.00693 	 0.01336
rs8024229      	1	67021593	 0.00735 	 -0.03006
rs8024238      	1	67021608	 0.00674 	 0.00342
rs11853853     	1	67022470	 0.00746 	 0.01919
rs62005644     	1	67023631	 0.01225 	 0.02341
rs4567655      	1	67028795	 0.00720 	 -0.00783
rs11636377     	1	67029247	 0.00768 	 -0.02849
rs11636413     	1	67029307	 0.00722 	 -0.01627
rs2469127      	1	67030166	 0.01097 	 0.01239
rs2469112      	1	67030866	 0.01154 	 0.01019
rs62005646     	1	67033040	 0.01027 	 0.02022
rs1078407      	1	67034276	 0.00782 	 -0.02204
rs755452       	1	67034918	 0.00765 	 -0.02618
rs755451       	1	67034951	 0.00723 	 0.00955
rs755450       	1	67035153	 0.00769 	 -0.01947
rs6416477      	1	67097320	 0.02513 	 -0.02943
rs12050795     	1	67100158	 0.02330 	 -0.02070
rs8037105      	1	67100851	 0.02215 	 -0.02995
rs6494602      	1	67101284	 0.02379 	 -0.02719
rs12101459     	1	67103284	 0.02247 	 -0.02751
rs4378572      	1	67105285	 0.02405 	 -0.02765
rs4533226      	1	67105714	 0.02467 	 -0.03564
rs28452397     	1	67106136	 0.02395 	 -0.03293
rs28651660     	1	67106147	 0.01128 	 -0.00608
rs28513581     	1	67106574	 0.02385 	 -0.02817
rs7170990      	1	67107309	 0.02326 	 -0.02781
rs7177199      	1	67108204	 0.02269 	 -0.02609
rs12595096     	1	67111296	 0.02260 	 -0.02661
rs6494606      	1	67116267	 0.02241 	 -0.02790
rs74397338     	1	67117346	 0.00786 	 -0.01589
rs4619347      	1	67118304	 0.00798 	 -0.01503
rs74019810     	1	67119331	 0.00772 	 -0.01705
rs74019811     	1	67119414	 0.00789 	 -0.00147
rs4776323      	1	67120571	 0.02042 	 -0.02750
rs4776324      	1	67120717	 0.02081 	 -0.03012
rs4776325      	1	67120749	 0.02027 	 -0.01992
rs143115815    	1	67121027	 0.00811 	 -0.01000
rs148276244    	1	67121039	 0.00814 	 -0.02930
rs112090117    	1	67121340	 0.00840 	 -0.03479
rs117054225    	1	67122485	 0.00701 	 -0.00712
rs79270607     	1	67122959	 0.00699 	 -0.01502
rs78582923     	1	67122990	 0.00676 	 -0.00436
rs28488129     	1	67123014	 0.01760 	 -0.02485
rs58084996     	1	67123357	 0.01553 	 -0.03794
