rs 	 chr 	 pos 	 postc 	 beta
rs11934532     	1	182164089	 0.00246 	 0.00385
rs11930209     	1	182173261	 0.00286 	 -0.02907
rs11936406     	1	182174415	 0.00307 	 -0.01237
rs11931528     	1	182174473	 0.00273 	 -0.04448
rs1349922      	1	182179087	 0.00268 	 -0.01098
rs2034776      	1	182179207	 0.00284 	 0.01932
rs2034777      	1	182179255	 0.00247 	 -0.00366
rs11727860     	1	182179570	 0.00271 	 0.00318
rs6853142      	1	182180173	 0.00268 	 0.00039
rs1947450      	1	182180997	 0.00286 	 0.03781
rs7438836      	1	182181119	 0.00280 	 0.03338
rs10015454     	1	182182294	 0.00267 	 -0.04806
rs62340893     	1	182182386	 0.00275 	 0.01103
rs17070900     	1	182182519	 0.00276 	 0.01795
rs6849417      	1	182182652	 0.00270 	 0.04457
rs13113715     	1	182182985	 0.00325 	 -0.01343
rs11132048     	1	182185289	 0.00265 	 0.00535
rs1454704      	1	182185718	 0.00266 	 0.00692
rs6844811      	1	182185950	 0.00285 	 -0.00666
rs1947451      	1	182186222	 0.00320 	 -0.00999
rs17240768     	1	182189284	 0.00425 	 -0.02066
rs7441242      	1	182189790	 0.00271 	 0.00220
rs72694567     	1	182191671	 0.00285 	 -0.00899
rs11930417     	1	182195518	 0.00297 	 -0.01044
rs7685215      	1	182195837	 0.00293 	 -0.00829
rs12506088     	1	182200738	 0.00248 	 -0.00621
rs17070968     	1	182202338	 0.00261 	 -0.00717
rs59110997     	1	182202883	 0.00296 	 -0.01241
rs60856650     	1	182204321	 0.00288 	 -0.01385
rs7664528      	1	182205287	 0.00343 	 0.01081
rs1563217      	1	182205504	 0.00255 	 0.00089
rs11945950     	1	182206232	 0.00253 	 0.00247
rs34391890     	1	182206335	 0.00363 	 0.00811
rs11938058     	1	182207336	 0.00289 	 -0.01282
rs1454695      	1	182208864	 0.00266 	 -0.00376
rs2871257      	1	182209561	 0.00389 	 0.01538
rs6822143      	1	182213610	 0.00331 	 0.01513
rs6846120      	1	182214148	 0.00407 	 0.01845
rs6846320      	1	182214247	 0.00333 	 -0.01390
rs62340923     	1	182219430	 0.00290 	 0.01311
rs34623524     	1	182220570	 0.01787 	 0.04813
rs2309465      	1	182222449	 0.00374 	 -0.01514
rs7689708      	1	182222630	 0.00347 	 -0.01359
rs17183114     	1	182222727	 0.01811 	 0.04905
rs17183184     	1	182224187	 0.00821 	 0.03024
rs17242889     	1	182224675	 0.00841 	 0.04890
rs17071030     	1	182225174	 0.00840 	 0.03201
rs17071032     	1	182225421	 0.00852 	 0.03044
rs10027292     	1	182226435	 0.00334 	 0.01298
rs58293832     	1	182226454	 0.00830 	 0.02638
rs17071033     	1	182226485	 0.00821 	 0.01884
rs17071035     	1	182226799	 0.00826 	 0.02686
rs34874961     	1	182227890	 0.00831 	 0.02972
rs13148892     	1	182228344	 0.00864 	 0.03933
rs13121655     	1	182228434	 0.00775 	 0.01871
rs13140386     	1	182228662	 0.00821 	 0.02539
rs34934206     	1	182229917	 0.00705 	 0.01881
rs36091342     	1	182230021	 0.00730 	 0.01836
rs76501871     	1	182240695	 0.00574 	 0.03912
rs11722426     	1	182243558	 0.00578 	 0.03055
rs78421619     	1	182246367	 0.00551 	 0.02983
rs17071081     	1	182248413	 0.00253 	 0.00260
rs11722294     	1	182249076	 0.00553 	 0.02952
rs17071088     	1	182249946	 0.00281 	 -0.01444
rs11132052     	1	182251055	 0.00273 	 -0.00573
rs12502096     	1	182251590	 0.00261 	 0.00050
rs17184428     	1	182253103	 0.00531 	 0.02718
rs1563219      	1	182256121	 0.00421 	 0.01757
rs75381441     	1	182259700	 0.00532 	 0.03252
rs6847236      	1	182261499	 0.00428 	 0.02304
rs17184791     	1	182263431	 0.00533 	 0.02833
rs36005338     	1	182265879	 0.00274 	 0.01003
rs78744922     	1	182266875	 0.00531 	 0.03066
rs76814768     	1	182267744	 0.00506 	 0.02976
rs17184960     	1	182269014	 0.00508 	 0.03218
rs17244639     	1	182270850	 0.00460 	 0.02196
rs964916       	1	182276761	 0.00302 	 0.01058
rs2309459      	1	182278423	 0.00313 	 0.01130
rs1987162      	1	182278636	 0.00658 	 -0.02826
rs2309458      	1	182279330	 0.00278 	 -0.00784
rs2871247      	1	182279406	 0.00296 	 0.00953
rs2871246      	1	182279473	 0.00292 	 0.01020
rs34389324     	1	182279753	 0.00353 	 0.01703
rs17071170     	1	182279787	 0.00283 	 0.00645
rs62338315     	1	182279826	 0.00299 	 0.00541
rs12644243     	1	182279978	 0.00292 	 0.01359
rs4861946      	1	182280487	 0.00313 	 -0.01582
rs13120389     	1	182280574	 0.00286 	 -0.01116
rs6833454      	1	182280621	 0.00270 	 -0.00873
rs6856323      	1	182280659	 0.00265 	 -0.00954
rs72696454     	1	182280660	 0.00341 	 -0.01606
rs2309456      	1	182280805	 0.00274 	 -0.00608
rs4621476      	1	182280863	 0.00278 	 -0.01312
rs2871245      	1	182280918	 0.00284 	 -0.01338
rs7665796      	1	182282988	 0.00268 	 -0.00984
rs12504285     	1	182284078	 0.00282 	 -0.01099
rs4861947      	1	182284224	 0.00275 	 -0.00467
rs17246059     	1	182284641	 0.00261 	 -0.00745
rs6836505      	1	182285274	 0.00321 	 -0.01275
rs6836888      	1	182285422	 0.00297 	 -0.00909
rs6848573      	1	182286535	 0.00278 	 -0.00284
rs10520477     	1	182286812	 0.00751 	 -0.03069
rs7692027      	1	182287004	 0.00453 	 0.01620
rs7697769      	1	182287674	 0.00490 	 0.02041
rs12647971     	1	182288060	 0.00285 	 0.00933
rs55721152     	1	182288135	 0.00286 	 -0.00423
rs71619060     	1	182290468	 0.00324 	 -0.01355
rs17246459     	1	182291443	 0.00262 	 0.00557
rs13102450     	1	182292161	 0.00274 	 -0.00673
rs10520479     	1	182292713	 0.00254 	 0.00236
rs6552496      	1	182293083	 0.00328 	 0.01412
rs4861949      	1	182294138	 0.00245 	 -0.00423
rs6834709      	1	182295274	 0.00294 	 -0.00177
rs6840524      	1	182295766	 0.00325 	 0.01281
rs6840707      	1	182295801	 0.00302 	 -0.00306
rs66914781     	1	182296060	 0.00292 	 -0.00759
rs13104622     	1	182296358	 0.00278 	 -0.00465
rs58893034     	1	182297317	 0.00299 	 -0.01282
rs13145131     	1	182297666	 0.00290 	 0.01717
rs75493120     	1	182297812	 0.00336 	 -0.00027
rs62338317     	1	182298337	 0.00251 	 -0.00362
rs10434295     	1	182298894	 0.00315 	 -0.02419
rs35095334     	1	182299136	 0.00303 	 -0.01963
rs35709372     	1	182299452	 0.00287 	 0.00250
rs17247032     	1	182299596	 0.00320 	 0.01312
rs9332473      	1	182299667	 0.00318 	 0.01028
rs13145570     	1	182299759	 0.00302 	 0.01480
rs10434254     	1	182300294	 0.00285 	 0.00720
rs2309472      	1	182300733	 0.00260 	 -0.00256
rs17247216     	1	182301242	 0.00266 	 0.00501
rs4418014      	1	182301489	 0.00264 	 0.00479
rs34703139     	1	182302392	 0.00277 	 -0.00253
rs13126313     	1	182322017	 0.00289 	 0.00448
rs67581463     	1	182324202	 0.00263 	 0.00187
rs11722895     	1	182326883	 0.00396 	 -0.01018
rs11722971     	1	182327118	 0.00400 	 -0.01096
rs17071292     	1	182327465	 0.01077 	 -0.03046
rs724658       	1	182327838	 0.00399 	 0.00653
rs11132059     	1	182328585	 0.00402 	 -0.00664
rs80020601     	1	182328906	 0.00688 	 -0.02286
rs11727334     	1	182328935	 0.01018 	 -0.02997
rs71619062     	1	182329102	 0.02644 	 -0.03923
rs77518468     	1	182329450	 0.00707 	 -0.02466
rs148945722    	1	182330466	 0.00917 	 -0.02811
rs148359933    	1	182335176	 0.00403 	 0.01468
rs62338354     	1	182340681	 0.00294 	 0.00127
rs10001378     	1	182343001	 0.00321 	 -0.00566
rs13107527     	1	182344292	 0.00505 	 -0.01631
rs60255460     	1	182344888	 0.00846 	 -0.02832
rs35654861     	1	182345025	 0.00355 	 0.00823
rs112001354    	1	182345029	 0.00311 	 -0.01190
rs35796815     	1	182345061	 0.00355 	 0.01266
rs1897995      	1	182346071	 0.00341 	 0.00248
rs11732800     	1	182346369	 0.00454 	 -0.01003
rs62340768     	1	182347132	 0.00352 	 0.00837
rs2099469      	1	182347283	 0.00448 	 -0.01276
rs4861956      	1	182347343	 0.00538 	 -0.01594
rs4861475      	1	182347670	 0.00567 	 -0.01934
rs17195559     	1	182347745	 0.00329 	 -0.00927
rs6847859      	1	182347887	 0.00566 	 -0.01727
rs11735056     	1	182347927	 0.00806 	 -0.02887
rs6822318      	1	182348010	 0.00340 	 0.00248
rs13112319     	1	182348386	 0.00335 	 -0.00331
rs13104334     	1	182348910	 0.00432 	 -0.01969
rs1968479      	1	182349076	 0.00353 	 -0.01360
rs2871238      	1	182349387	 0.00431 	 -0.01816
rs62340770     	1	182351013	 0.00343 	 0.00829
rs73020435     	1	182351156	 0.04566 	 -0.04826
rs1435504      	1	182351725	 0.04523 	 -0.04506
rs62340771     	1	182352772	 0.00435 	 0.01823
rs6846099      	1	182352988	 0.27056 	 -0.05113
rs6827352      	1	182354145	 0.00461 	 0.01437
rs62340773     	1	182354171	 0.00459 	 0.01658
rs6552503      	1	182354948	 0.01064 	 -0.02910
rs76854886     	1	182355368	 0.09356 	 -0.05041
rs77544016     	1	182355468	 0.09707 	 -0.05140
rs139876220    	1	182356771	 0.00371 	 -0.01068
rs6847199      	1	182356772	 0.01833 	 -0.03648
rs6847802      	1	182357087	 0.00701 	 0.02742
rs149123275    	1	182357120	 0.01140 	 -0.01686
rs144050790    	1	182357209	 0.01417 	 -0.03272
rs6848421      	1	182357335	 0.01465 	 -0.03513
rs140567400    	1	182357439	 0.00366 	 -0.01698
rs6853591      	1	182357570	 0.00276 	 0.00567
rs4861957      	1	182358729	 0.00374 	 -0.00794
rs6831436      	1	182359761	 0.00387 	 -0.00716
rs2117712      	1	182359904	 0.00368 	 -0.00557
rs6839193      	1	182360986	 0.01319 	 -0.03088
