rs 	 chr 	 pos 	 postc 	 beta
rs73155394     	1	82220085	 0.00542 	 -0.02017
rs2178710      	1	82224870	 0.00394 	 0.00140
rs117425421    	1	82257972	 0.00451 	 0.00987
rs112243148    	1	82281680	 0.00466 	 -0.01265
rs113981818    	1	82288913	 0.01394 	 0.04936
rs28758182     	1	82321189	 0.00513 	 0.01137
rs28972578     	1	82321262	 0.00511 	 0.01123
rs73157376     	1	82322479	 0.00498 	 -0.02159
rs73157379     	1	82323951	 0.00458 	 -0.00540
rs28815612     	1	82335395	 0.00474 	 -0.01096
rs7964739      	1	82337609	 0.00436 	 0.00854
rs7979039      	1	82338928	 0.00453 	 0.01059
rs1433342      	1	82339049	 0.00455 	 0.00630
rs10778842     	1	82340424	 0.02326 	 -0.03275
rs9651968      	1	82340578	 0.00544 	 -0.01205
rs12820783     	1	82340619	 0.00394 	 0.00263
rs118139086    	1	82342907	 0.00572 	 -0.02139
rs10862406     	1	82343899	 0.00816 	 0.02404
rs11115118     	1	82345941	 0.00834 	 0.02643
rs10746212     	1	82347957	 0.00835 	 0.02766
rs11115120     	1	82349482	 0.00811 	 0.02514
rs11115127     	1	82365686	 0.00836 	 0.03017
rs73159211     	1	82368741	 0.00415 	 -0.00125
rs7315798      	1	82369163	 0.00816 	 0.01051
rs7304752      	1	82369418	 0.00821 	 0.02647
rs11115129     	1	82369918	 0.00830 	 0.02695
rs73159213     	1	82370584	 0.00414 	 -0.00570
rs2053094      	1	82371167	 0.00832 	 0.02746
rs11115131     	1	82372645	 0.00807 	 0.00427
rs10862409     	1	82373248	 0.00851 	 0.03451
rs55751796     	1	82375174	 0.00856 	 0.03706
rs11835728     	1	82375380	 0.00862 	 0.04160
rs11115135     	1	82375757	 0.00831 	 0.03414
rs10862414     	1	82379231	 0.00784 	 0.00960
rs10778846     	1	82381585	 0.00826 	 0.01503
rs10862416     	1	82381996	 0.00798 	 0.00194
rs10778847     	1	82382863	 0.00818 	 0.01488
rs11115143     	1	82384837	 0.00861 	 0.03796
rs11115144     	1	82385798	 0.00800 	 0.02351
rs10506857     	1	82395008	 0.00549 	 0.01995
rs11115150     	1	82396492	 0.01319 	 -0.18466
rs7979120      	1	82396750	 0.00718 	 -0.04003
rs1529758      	1	82397696	 0.00514 	 0.01611
rs1529759      	1	82397805	 0.00719 	 -0.04186
rs934444       	1	82398144	 0.00527 	 0.01724
rs8181777      	1	82399053	 0.00641 	 0.01661
rs78778477     	1	82399104	 0.00445 	 0.00384
rs1123511      	1	82399560	 0.00514 	 0.00856
rs1529760      	1	82399657	 0.00829 	 -0.03871
rs78743637     	1	82399734	 0.00465 	 0.00069
rs73159232     	1	82400540	 0.00732 	 0.02802
rs73159233     	1	82400758	 0.00714 	 0.02772
rs7956381      	1	82400772	 0.00861 	 -0.03127
rs1433339      	1	82401588	 0.00557 	 0.03989
rs10862421     	1	82402841	 0.00626 	 0.01935
rs34757805     	1	82403368	 0.00826 	 -0.00846
rs7971010      	1	82404358	 0.00784 	 0.00258
rs7961308      	1	82404500	 0.00556 	 0.01392
rs141248460    	1	82404737	 0.00452 	 -0.00290
rs147863803    	1	82404828	 0.00447 	 0.00261
rs10862422     	1	82404991	 0.00521 	 0.01368
rs61933706     	1	82405675	 0.00504 	 -0.01303
rs11115153     	1	82405866	 0.00620 	 0.05209
rs12426062     	1	82406506	 0.00505 	 -0.01380
rs191412224    	1	82406731	 0.00505 	 -0.01537
rs12231076     	1	82407698	 0.00520 	 -0.03134
rs9669335      	1	82408248	 0.00570 	 0.01030
rs11115154     	1	82408685	 0.01003 	 0.16193
rs2244984      	1	82408722	 0.01347 	 -0.02911
rs10506858     	1	82409559	 0.00710 	 0.01316
rs2401009      	1	82410687	 0.00657 	 0.00830
rs1897637      	1	82410972	 0.00517 	 -0.00216
rs2217689      	1	82411654	 0.00505 	 -0.00217
rs10778851     	1	82415846	 0.00708 	 0.03427
rs1433338      	1	82416746	 0.00678 	 0.02108
rs10862424     	1	82419432	 0.00515 	 -0.01252
rs2263941      	1	82419494	 0.00611 	 -0.01379
rs113026247    	1	82420050	 0.00602 	 0.02416
rs7963471      	1	82420697	 0.00562 	 -0.01462
rs2264864      	1	82421343	 0.00551 	 0.02115
rs2263943      	1	82421364	 0.01440 	 -0.02804
rs2117023      	1	82422896	 0.00598 	 0.02692
rs2252069      	1	82423079	 0.00548 	 -0.00883
rs117461903    	1	82425500	 0.00941 	 0.02607
rs2252417      	1	82426212	 0.00505 	 -0.00116
rs2033506      	1	82426702	 0.00586 	 0.02031
rs2033507      	1	82426856	 0.01058 	 0.02402
rs2053093      	1	82427176	 0.00542 	 -0.01409
rs12426456     	1	82428299	 0.00926 	 0.03320
rs12426798     	1	82428817	 0.00974 	 0.03190
rs118128476    	1	82429162	 0.00948 	 0.03326
rs1865155      	1	82429592	 0.01039 	 0.02448
rs959275       	1	82430283	 0.00753 	 -0.02036
rs959274       	1	82430645	 0.00512 	 0.00517
rs117166062    	1	82431823	 0.00976 	 0.03315
rs115220995    	1	82431991	 0.00951 	 0.03542
rs2255992      	1	82432368	 0.01044 	 0.01893
rs2256246      	1	82433939	 0.00592 	 -0.01358
rs2117027      	1	82433975	 0.01046 	 0.02456
rs2256274      	1	82434628	 0.00545 	 -0.01284
rs1368571      	1	82435738	 0.00550 	 -0.00607
rs2256524      	1	82436630	 0.01052 	 0.02127
rs2256660      	1	82437609	 0.00563 	 -0.01427
rs2256907      	1	82439672	 0.00632 	 -0.01657
rs2263940      	1	82440552	 0.00565 	 -0.01496
rs2245811      	1	82441676	 0.01135 	 0.03326
rs2245894      	1	82441793	 0.00960 	 -0.00181
rs2245895      	1	82441801	 0.00978 	 -0.00020
rs2245902      	1	82441858	 0.01096 	 0.02990
rs2245904      	1	82441877	 0.01226 	 0.03046
rs7961481      	1	82441956	 0.01097 	 0.02594
rs7961591      	1	82442061	 0.01112 	 0.02764
rs4523767      	1	82442499	 0.00931 	 0.02392
rs4539403      	1	82442520	 0.00879 	 0.02107
rs144910937    	1	82443729	 0.01051 	 0.02290
rs11115166     	1	82443870	 0.01289 	 -0.03142
rs115343149    	1	82443972	 0.00984 	 0.02129
rs140226292    	1	82443974	 0.01092 	 0.02476
rs114304472    	1	82444107	 0.01085 	 0.02748
rs10862428     	1	82444536	 0.01063 	 -0.02130
rs9706417      	1	82444949	 0.00804 	 -0.01691
rs4424739      	1	82445665	 0.00632 	 -0.01460
rs4426197      	1	82445807	 0.00634 	 -0.02802
rs2246396      	1	82445972	 0.01521 	 -0.02905
rs2246400      	1	82446069	 0.01194 	 -0.01895
rs2246402      	1	82446115	 0.01267 	 -0.03305
rs2246421      	1	82446420	 0.00632 	 -0.00136
rs2246423      	1	82446526	 0.00747 	 -0.02609
rs2246428      	1	82446605	 0.01047 	 0.02118
rs1433334      	1	82447162	 0.01214 	 -0.02716
rs1433335      	1	82447278	 0.01204 	 -0.02781
rs2246525      	1	82447435	 0.01202 	 -0.02740
rs1897636      	1	82447768	 0.01529 	 -0.02908
rs10746215     	1	82448323	 0.01294 	 -0.03772
rs75059957     	1	82448696	 0.00857 	 -0.01356
rs10778854     	1	82449043	 0.00574 	 -0.01489
rs10862429     	1	82449045	 0.01258 	 -0.02776
rs7308415      	1	82450635	 0.00587 	 -0.01185
rs7302233      	1	82451931	 0.00548 	 -0.01109
rs6539608      	1	82452204	 0.00573 	 -0.01610
rs7967747      	1	82452264	 0.01119 	 -0.02570
rs7132179      	1	82452284	 0.01102 	 -0.02410
rs9634234      	1	82452421	 0.01096 	 -0.02498
rs9634191      	1	82452439	 0.00572 	 -0.01146
rs9634192      	1	82452442	 0.01076 	 -0.02240
rs10746216     	1	82452699	 0.00500 	 0.00434
rs7307019      	1	82453303	 0.01119 	 -0.02033
rs7136598      	1	82453420	 0.00569 	 -0.01657
rs12425256     	1	82453709	 0.00551 	 -0.00768
rs10778856     	1	82454238	 0.00583 	 -0.00165
rs7961597      	1	82454603	 0.00569 	 -0.00764
rs7954164      	1	82454986	 0.00543 	 -0.00219
rs11115172     	1	82455303	 0.00544 	 -0.00332
rs10862430     	1	82455464	 0.00562 	 -0.01129
rs59132197     	1	82455817	 0.00571 	 -0.00298
rs58015936     	1	82455940	 0.00562 	 -0.00769
rs11115173     	1	82456093	 0.00566 	 -0.01034
rs17696443     	1	82456197	 0.00492 	 0.00399
rs7972115      	1	82457052	 0.00569 	 -0.01541
rs7307489      	1	82457175	 0.00522 	 -0.00890
rs4073448      	1	82457347	 0.00520 	 -0.00609
rs4567545      	1	82457868	 0.00522 	 -0.00644
rs4254142      	1	82457876	 0.00590 	 0.01852
rs4075796      	1	82457979	 0.00523 	 -0.00706
rs4842417      	1	82458584	 0.00576 	 -0.01636
rs17009197     	1	82458999	 0.00581 	 -0.01888
rs12314791     	1	82460265	 0.00527 	 -0.00837
rs12296492     	1	82460530	 0.00998 	 -0.00525
rs7132696      	1	82460557	 0.01003 	 0.02238
rs7137515      	1	82462226	 0.00514 	 -0.00837
rs7295702      	1	82462272	 0.00999 	 0.01002
rs7295703      	1	82462274	 0.00514 	 0.00433
rs7307812      	1	82462671	 0.01042 	 0.00563
rs7296307      	1	82462745	 0.01015 	 -0.01149
rs4438122      	1	82463777	 0.01027 	 0.01950
rs7304895      	1	82464847	 0.01057 	 -0.02061
