rs 	 chr 	 pos 	 postc 	 beta
rs1009398      	1	142562218	 0.02104 	 -0.03586
rs10496900     	1	142567471	 0.00310 	 0.00937
rs17747853     	1	142568206	 0.00282 	 0.00275
rs17815364     	1	142568481	 0.00297 	 0.00587
rs12468990     	1	142568919	 0.00288 	 0.00448
rs1949010      	1	142571669	 0.00291 	 0.00438
rs7580194      	1	142574683	 0.00306 	 0.00680
rs1370333      	1	142574860	 0.05182 	 -0.04184
rs2068854      	1	142575571	 0.00345 	 0.01215
rs7587173      	1	142576207	 0.00424 	 -0.01996
rs141585690    	1	142576333	 0.01020 	 -0.04453
rs62155399     	1	142576724	 0.00323 	 0.00748
rs13383929     	1	142576829	 0.14032 	 -0.05921
rs67057274     	1	142576848	 0.00333 	 0.00926
rs1465759      	1	142576915	 0.00373 	 -0.01781
rs7603188      	1	142577284	 0.00395 	 -0.01731
rs6739229      	1	142580602	 0.00397 	 -0.01754
rs7602631      	1	142580764	 0.01005 	 -0.04335
rs7576202      	1	142582439	 0.00355 	 0.01919
rs112470174    	1	142584182	 0.00601 	 -0.02978
rs352977       	1	142585553	 0.00313 	 0.00797
rs352979       	1	142586113	 0.00325 	 -0.00043
rs352980       	1	142586200	 0.00310 	 0.00228
rs352981       	1	142586854	 0.00307 	 0.00395
rs13385783     	1	142589230	 0.00836 	 -0.06823
rs13386121     	1	142589507	 0.00838 	 -0.06830
rs1508600      	1	142589538	 0.00568 	 -0.02814
rs352991       	1	142590054	 0.00468 	 -0.02082
rs12613418     	1	142590861	 0.00705 	 -0.03552
rs6720677      	1	142591387	 0.00590 	 -0.02869
rs352993       	1	142591823	 0.00330 	 0.00107
rs6721469      	1	142591851	 0.00903 	 -0.02622
rs6749695      	1	142591879	 0.00644 	 -0.03099
rs6721397      	1	142591936	 0.00966 	 -0.03057
rs10203168     	1	142592185	 0.01271 	 0.06763
rs10191067     	1	142592379	 0.00862 	 -0.02624
rs2437293      	1	142592430	 0.00317 	 0.00083
rs11884813     	1	142592560	 0.00730 	 -0.03292
rs10191193     	1	142592628	 0.00351 	 0.00426
rs10203777     	1	142592693	 0.01802 	 0.08075
rs352983       	1	142592744	 0.00340 	 0.00311
rs352985       	1	142593683	 0.00336 	 -0.00991
rs352988       	1	142598125	 0.00331 	 -0.00615
rs17816590     	1	142598593	 0.00402 	 0.00539
rs1435597      	1	142598709	 0.04790 	 0.04222
rs1036399      	1	142601693	 0.00376 	 -0.00464
rs2381193      	1	142601963	 0.00357 	 -0.00797
rs16847336     	1	142601992	 0.00356 	 0.00682
rs1435596      	1	142602333	 0.00393 	 -0.01094
rs12691621     	1	142603188	 0.00351 	 -0.00442
rs10172953     	1	142606545	 0.00372 	 -0.00027
rs10176459     	1	142607566	 0.00368 	 -0.00564
rs12691622     	1	142608271	 0.00341 	 -0.00315
rs17817209     	1	142611717	 0.00368 	 -0.00526
rs6429925      	1	142611767	 0.00356 	 -0.00086
rs13400934     	1	142614345	 0.00378 	 -0.00132
rs6429926      	1	142617861	 0.00351 	 -0.00109
rs1369536      	1	142618486	 0.00338 	 -0.00004
rs28370459     	1	142619589	 0.00352 	 0.00017
rs12105666     	1	142620197	 0.00359 	 -0.00170
rs10439185     	1	142629258	 0.00395 	 0.02624
rs10167034     	1	142629574	 0.00462 	 0.06743
rs76498065     	1	142629678	 0.00384 	 0.01201
rs10439187     	1	142630243	 0.00398 	 0.01427
rs115823758    	1	142630811	 0.00599 	 0.04817
rs13389827     	1	142632159	 0.00401 	 0.01095
rs13393862     	1	142633585	 0.00406 	 -0.02971
rs2053175      	1	142634018	 0.00385 	 -0.02894
rs2053174      	1	142634072	 0.00418 	 -0.03105
rs2053172      	1	142634153	 0.00339 	 -0.00306
rs77060415     	1	142634163	 0.00404 	 -0.00658
rs75444470     	1	142634445	 0.00416 	 -0.01478
rs10166169     	1	142634674	 0.00391 	 0.00010
rs10178875     	1	142634758	 0.00371 	 0.00176
rs10179057     	1	142634907	 0.00362 	 0.00096
rs10192543     	1	142635072	 0.00398 	 -0.01639
rs10181557     	1	142635131	 0.00385 	 -0.00962
rs10193124     	1	142635591	 0.00382 	 -0.02016
rs72849386     	1	142636740	 0.00460 	 -0.03245
rs12613802     	1	142636890	 0.00410 	 0.01522
rs12613827     	1	142636907	 0.00398 	 0.01395
rs7558202      	1	142637119	 0.01630 	 0.04754
rs1369532      	1	142637318	 0.01468 	 0.04245
rs1369531      	1	142637342	 0.01522 	 0.04112
rs1369530      	1	142637442	 0.01108 	 0.03136
rs1369529      	1	142637466	 0.01496 	 0.04170
rs1435592      	1	142637749	 0.01525 	 0.04280
rs10182288     	1	142639009	 0.01054 	 0.02759
rs7565562      	1	142639173	 0.01482 	 0.04256
rs7579772      	1	142639291	 0.01071 	 0.02856
rs7565791      	1	142639394	 0.01659 	 0.05578
rs16847499     	1	142639632	 0.00324 	 -0.01597
rs1435591      	1	142639768	 0.01590 	 0.04985
rs1435590      	1	142639948	 0.01447 	 0.04135
rs1435589      	1	142640511	 0.01544 	 0.04766
rs1369528      	1	142641628	 0.01092 	 0.03437
rs6759660      	1	142642056	 0.01418 	 0.04028
rs9287326      	1	142642423	 0.01099 	 0.02823
rs10201697     	1	142643227	 0.01341 	 0.03667
rs4662555      	1	142643827	 0.01125 	 0.03840
rs10194554     	1	142644740	 0.01117 	 0.03140
rs10182159     	1	142644852	 0.01311 	 0.03493
rs13429414     	1	142645135	 0.01089 	 0.02898
rs72849401     	1	142645256	 0.00364 	 -0.02165
rs1991997      	1	142646363	 0.01141 	 0.03420
rs12611498     	1	142646546	 0.01088 	 0.02894
rs12618005     	1	142646700	 0.01088 	 0.02642
rs12611558     	1	142646770	 0.01094 	 0.02389
rs12621414     	1	142646799	 0.01062 	 0.02249
rs12618032     	1	142646824	 0.01014 	 0.02172
rs10201276     	1	142646845	 0.01255 	 0.03067
rs11884984     	1	142647210	 0.01072 	 0.02775
rs11895935     	1	142647221	 0.01003 	 0.02337
rs12995397     	1	142647883	 0.01018 	 0.02500
rs7593594      	1	142648230	 0.01044 	 0.02568
rs6429928      	1	142648256	 0.01163 	 0.00916
rs920107       	1	142649187	 0.01174 	 0.01839
rs1347443      	1	142649375	 0.01163 	 0.02436
rs6705049      	1	142649537	 0.01175 	 0.02211
rs10460251     	1	142649786	 0.01173 	 0.03105
rs920109       	1	142651623	 0.01172 	 0.03282
rs920110       	1	142651968	 0.01171 	 -0.00828
rs2381168      	1	142653198	 0.01196 	 0.04120
rs1561019      	1	142654787	 0.01160 	 0.03186
rs13012265     	1	142655013	 0.01314 	 0.03749
rs10496906     	1	142655080	 0.00872 	 0.02866
rs7600184      	1	142655464	 0.01206 	 0.03025
rs4662557      	1	142656200	 0.00730 	 0.02401
rs62155428     	1	142656706	 0.00754 	 0.02277
rs2381169      	1	142658047	 0.01092 	 0.02985
rs983540       	1	142658129	 0.01384 	 0.06651
rs6429929      	1	142658766	 0.01224 	 0.01534
rs13024435     	1	142660281	 0.00693 	 0.01721
rs7566248      	1	142660701	 0.01180 	 0.01471
rs7578697      	1	142660793	 0.01169 	 0.01843
rs7578799      	1	142660842	 0.01194 	 0.02025
rs4662559      	1	142662928	 0.01216 	 0.02189
rs2381170      	1	142663309	 0.01183 	 0.02489
rs1435599      	1	142664868	 0.01208 	 0.02274
rs1435600      	1	142664905	 0.01232 	 0.02468
rs1435601      	1	142666003	 0.01201 	 0.01895
rs34879655     	1	142667094	 0.00577 	 0.00900
rs7572155      	1	142667330	 0.01651 	 0.03878
rs6429930      	1	142667565	 0.01649 	 0.03496
rs62155457     	1	142668319	 0.01833 	 0.05970
rs1529870      	1	142668726	 0.01935 	 0.07470
rs916466       	1	142669486	 0.01616 	 -0.00502
rs916467       	1	142669489	 0.01650 	 -0.00682
rs916468       	1	142669542	 0.01466 	 -0.00897
rs1435604      	1	142669938	 0.01619 	 -0.03678
rs874529       	1	142670217	 0.01624 	 0.01527
rs6747481      	1	142670791	 0.01961 	 0.07802
rs6429932      	1	142670813	 0.01668 	 0.03465
rs6429933      	1	142670948	 0.01877 	 0.10733
rs1898018      	1	142671167	 0.00716 	 0.02152
rs4662566      	1	142672374	 0.02829 	 0.14674
rs10198650     	1	142672515	 0.00730 	 0.00800
rs9789430      	1	142672764	 0.00602 	 0.01212
rs7584045      	1	142672866	 0.01678 	 0.04081
rs78604823     	1	142672904	 0.01698 	 0.04997
rs7584130      	1	142672905	 0.01339 	 0.02614
rs6738695      	1	142674020	 0.01480 	 0.03229
rs2217841      	1	142674175	 0.01685 	 0.04552
rs12151532     	1	142674240	 0.02047 	 0.06225
rs6429936      	1	142674611	 0.01645 	 0.04930
rs9287327      	1	142676118	 0.01427 	 0.01406
rs13014129     	1	142676734	 0.00708 	 0.00304
rs6721127      	1	142681836	 0.01756 	 0.05500
rs2033632      	1	142682361	 0.01731 	 0.05619
rs1435587      	1	142683539	 0.01592 	 0.03433
rs2890622      	1	142684812	 0.01789 	 0.06147
rs13013316     	1	142685324	 0.00296 	 0.00244
