rs 	 chr 	 pos 	 postc 	 postrb 	 beta 	 betarb
rs10773257     	1	126726530	 0.00026 	 0.00141 	 0.01830 	 0.00001
rs73226958     	1	126728482	 0.00017 	 0.00094 	 -0.00621 	 -0.00000
rs17489083     	1	126729306	 0.00032 	 0.00180 	 0.01834 	 0.00001
rs11058584     	1	126729530	 0.00043 	 0.00175 	 0.01706 	 0.00001
rs10847118     	1	126729627	 0.00034 	 0.00171 	 0.01989 	 0.00001
rs16920373     	1	126729802	 0.00021 	 0.00100 	 -0.00893 	 -0.00000
rs2191193      	1	126731171	 0.00018 	 0.00100 	 -0.00196 	 0.00000
rs10847119     	1	126731343	 0.00017 	 0.00102 	 0.00879 	 0.00000
rs10847120     	1	126731930	 0.00020 	 0.00093 	 -0.02169 	 0.00000
rs7978983      	1	126732534	 0.00014 	 0.00389 	 0.00364 	 -0.00006
rs7966151      	1	126732616	 0.00014 	 0.00100 	 -0.00259 	 0.00000
rs76131923     	1	126732924	 0.00037 	 0.00263 	 0.03051 	 -0.00000
rs7309134      	1	126734305	 0.00019 	 0.00102 	 0.00799 	 0.00000
rs4765345      	1	126734424	 0.00033 	 0.00266 	 0.00599 	 -0.00001
rs10847121     	1	126735672	 0.00015 	 0.00102 	 -0.00221 	 0.00000
rs961619       	1	126736835	 0.00035 	 0.00263 	 0.02249 	 -0.00000
rs7309523      	1	126738140	 0.00014 	 0.00100 	 -0.00505 	 0.00000
rs12578180     	1	126739771	 0.00026 	 0.00250 	 0.02219 	 -0.00000
rs7955260      	1	126740559	 0.00013 	 0.00100 	 -0.00259 	 0.00000
rs57994567     	1	126741429	 0.00044 	 0.00266 	 0.01963 	 -0.00001
rs56090797     	1	126741882	 0.00030 	 0.00249 	 0.01685 	 -0.00000
rs7968930      	1	126742122	 0.00038 	 0.00184 	 0.01835 	 0.00001
rs7969809      	1	126742180	 0.00015 	 0.00098 	 0.00622 	 0.00000
rs11837481     	1	126743014	 0.00015 	 0.00100 	 -0.00022 	 0.00000
rs11058591     	1	126743728	 0.00014 	 0.00102 	 0.00758 	 0.00000
rs2215307      	1	126744667	 0.00017 	 0.00095 	 0.00387 	 0.00000
rs12366578     	1	126745079	 0.00017 	 0.00110 	 0.00655 	 0.00001
rs12812432     	1	126745472	 0.00018 	 0.00109 	 0.01352 	 0.00001
rs66548787     	1	126745724	 0.00018 	 0.00110 	 0.00772 	 0.00001
rs56329044     	1	126746014	 0.00026 	 0.00281 	 0.00792 	 -0.00002
rs7137503      	1	126746731	 0.00017 	 0.00113 	 0.00152 	 0.00001
rs6489063      	1	126747103	 0.00017 	 0.00113 	 0.00432 	 0.00001
rs7979411      	1	126747331	 0.00013 	 0.00090 	 0.00234 	 0.00000
rs6489064      	1	126747559	 0.00023 	 0.00116 	 0.01320 	 0.00001
rs11058592     	1	126748243	 0.00017 	 0.00114 	 0.00011 	 0.00001
rs35004389     	1	126748425	 0.00014 	 0.00115 	 0.00381 	 0.00001
rs7299897      	1	126748612	 0.00014 	 0.00116 	 0.03083 	 0.00001
rs7138901      	1	126749733	 0.00016 	 0.00116 	 0.00690 	 0.00001
rs4765082      	1	126749779	 0.00029 	 0.00258 	 0.02536 	 -0.00000
rs7307743      	1	126749935	 0.00017 	 0.00115 	 0.00461 	 0.00001
rs7297428      	1	126750215	 0.00018 	 0.00110 	 -0.00350 	 0.00001
rs74401896     	1	126750468	 0.00029 	 0.00280 	 0.01256 	 -0.00002
rs11058593     	1	126750530	 0.00013 	 0.00112 	 0.00382 	 0.00001
rs7974315      	1	126750763	 0.00020 	 0.00113 	 0.00776 	 0.00001
rs12423030     	1	126751286	 0.00035 	 0.00255 	 0.02052 	 0.00000
rs7308181      	1	126755581	 0.00016 	 0.00194 	 -0.00658 	 -0.00002
rs11058595     	1	126759053	 0.00020 	 0.00170 	 -0.00322 	 -0.00002
rs11058596     	1	126759753	 0.00017 	 0.00131 	 0.00994 	 -0.00000
rs7974851      	1	126761563	 0.00057 	 0.00271 	 0.02187 	 0.00003
rs61942962     	1	126763101	 0.00018 	 0.00148 	 -0.00116 	 -0.00001
rs12579625     	1	126763204	 0.00017 	 0.00154 	 -0.00512 	 -0.00001
rs11613358     	1	126763884	 0.00019 	 0.00086 	 -0.01163 	 -0.00000
rs111359873    	1	126764279	 0.00033 	 0.00242 	 0.02436 	 0.00003
rs73226999     	1	126764889	 0.00037 	 0.00198 	 0.02110 	 0.00002
rs9919770      	1	126766985	 0.00024 	 0.00169 	 0.01847 	 0.00001
rs6489066      	1	126768048	 0.00021 	 0.00168 	 0.01560 	 0.00001
rs1476796      	1	126769933	 0.00025 	 0.00165 	 0.01480 	 0.00001
rs73228903     	1	126772512	 0.00024 	 0.00146 	 0.01673 	 0.00001
rs12425580     	1	126772894	 0.00021 	 0.00159 	 0.02048 	 0.00001
rs16920460     	1	126773617	 0.00028 	 0.00143 	 0.01016 	 0.00001
rs67787103     	1	126774371	 0.00021 	 0.00145 	 0.01002 	 0.00001
rs2346493      	1	126774987	 0.00016 	 0.00092 	 0.00849 	 0.00000
rs2346494      	1	126775299	 0.00022 	 0.00158 	 0.01539 	 0.00001
rs12424059     	1	126776779	 0.00027 	 0.00163 	 0.01518 	 0.00001
rs12424352     	1	126777096	 0.00022 	 0.00160 	 0.01342 	 0.00001
rs7974196      	1	126780736	 0.00014 	 0.00091 	 0.00593 	 0.00000
rs2191187      	1	126781264	 0.00015 	 0.00140 	 0.00305 	 -0.00001
rs16920471     	1	126790083	 0.00028 	 0.00158 	 0.01472 	 0.00001
rs2024182      	1	126792173	 0.00019 	 0.00090 	 0.00471 	 0.00000
rs75450758     	1	126792793	 0.00022 	 0.00157 	 0.01143 	 0.00001
rs2346558      	1	126793106	 0.00020 	 0.00142 	 0.01328 	 0.00001
rs67386209     	1	126793495	 0.00014 	 0.00113 	 0.00442 	 0.00000
rs10128866     	1	126793807	 0.00013 	 0.00086 	 0.00357 	 0.00000
rs7486852      	1	126793980	 0.00026 	 0.00112 	 -0.01176 	 0.00000
rs12580650     	1	126794098	 0.00027 	 0.00114 	 0.00501 	 0.00000
rs12579772     	1	126794129	 0.00021 	 0.00113 	 0.00646 	 0.00000
rs2346560      	1	126795312	 0.00017 	 0.00108 	 -0.01533 	 0.00000
rs2346561      	1	126795536	 0.00023 	 0.00109 	 -0.02077 	 0.00000
rs7310252      	1	126796482	 0.00018 	 0.00097 	 -0.00579 	 -0.00000
rs10847123     	1	126796744	 0.00015 	 0.00096 	 0.00566 	 0.00000
rs7310619      	1	126796753	 0.00013 	 0.00119 	 -0.00436 	 0.00000
rs58697571     	1	126796935	 0.00016 	 0.00099 	 0.00419 	 0.00000
rs7978545      	1	126797174	 0.00016 	 0.00140 	 0.00608 	 0.00000
rs73228915     	1	126797740	 0.00023 	 0.00147 	 0.00298 	 0.00001
rs2041816      	1	126797935	 0.00021 	 0.00106 	 0.00923 	 0.00000
rs66511713     	1	126798014	 0.00027 	 0.00151 	 0.07844 	 0.00001
rs7307929      	1	126798144	 0.00013 	 0.00106 	 0.00842 	 0.00000
rs4765349      	1	126798461	 0.00018 	 0.00108 	 0.01284 	 0.00000
rs56240148     	1	126798603	 0.00021 	 0.00155 	 0.05269 	 0.00001
rs60607307     	1	126799067	 0.00021 	 0.00153 	 0.09316 	 0.00001
rs59618642     	1	126799379	 0.00025 	 0.01550 	 0.07635 	 0.00377
rs73228919     	1	126801204	 0.00022 	 0.00150 	 0.01841 	 0.00001
rs7961306      	1	126801834	 0.00031 	 0.00149 	 0.08749 	 0.00001
rs2041817      	1	126802050	 0.00014 	 0.00105 	 0.00732 	 0.00000
rs11614000     	1	126802505	 0.00018 	 0.00150 	 0.06477 	 0.00001
rs7133327      	1	126803540	 0.00018 	 0.00141 	 0.05143 	 0.00001
rs7135895      	1	126803949	 0.00019 	 0.00147 	 0.00397 	 0.00001
rs7310870      	1	126804106	 0.00019 	 0.05619 	 0.01414 	 0.00311
rs11611226     	1	126804441	 0.00028 	 0.00147 	 -0.00603 	 0.00001
rs11613309     	1	126804526	 0.00029 	 0.00149 	 0.03559 	 0.00001
rs3948624      	1	126805267	 0.00017 	 0.00137 	 0.00080 	 0.00000
rs112722856    	1	126805366	 0.00022 	 0.00149 	 0.01493 	 0.00001
rs113987486    	1	126806230	 0.00022 	 0.00149 	 0.02971 	 0.00001
rs7955713      	1	126806545	 0.00017 	 0.00105 	 0.01788 	 0.00000
rs117350696    	1	126806573	 0.00028 	 0.00147 	 0.02052 	 0.00001
rs139839379    	1	126806735	 0.00021 	 0.00147 	 0.01314 	 0.00001
rs147008419    	1	126806878	 0.00017 	 0.00138 	 -0.00244 	 0.00000
rs144251402    	1	126807297	 0.00021 	 0.00149 	 0.02879 	 0.00001
rs146237018    	1	126807473	 0.00016 	 0.00105 	 0.00472 	 0.00000
rs117384760    	1	126807501	 0.00022 	 0.00143 	 0.00869 	 0.00001
rs148557387    	1	126807569	 0.00018 	 0.00140 	 0.00275 	 0.00000
rs4315142      	1	126808318	 0.00017 	 0.01596 	 0.00513 	 -0.00045
rs118110944    	1	126808337	 0.00029 	 0.00147 	 0.02781 	 0.00001
rs10847124     	1	126809110	 0.00019 	 0.00102 	 -0.00239 	 0.00000
rs138192440    	1	126809266	 0.00024 	 0.05618 	 0.02130 	 -0.00338
rs142938538    	1	126809728	 0.00021 	 0.00147 	 -0.00232 	 0.00001
rs115430888    	1	126809790	 0.00027 	 0.01545 	 -0.01324 	 -0.00360
rs140191679    	1	126810009	 0.00019 	 0.00142 	 0.00355 	 0.00000
rs11058606     	1	126810078	 0.00016 	 0.00104 	 0.00273 	 0.00000
rs116759100    	1	126810620	 0.00022 	 0.00146 	 -0.01391 	 0.00001
rs10847126     	1	126810950	 0.00021 	 0.00108 	 0.00813 	 0.00000
rs11612155     	1	126810978	 0.00025 	 0.00146 	 -0.01260 	 0.00001
rs67887420     	1	126812228	 0.00030 	 0.00142 	 -0.04902 	 0.00001
rs2080381      	1	126812810	 0.00031 	 0.00144 	 -0.03625 	 0.00001
rs10773262     	1	126812859	 0.00011 	 0.00096 	 0.00289 	 0.00000
rs2080382      	1	126812864	 0.00026 	 0.00146 	 0.03238 	 0.00001
rs11609274     	1	126813776	 0.00022 	 0.00148 	 0.00550 	 0.00001
rs16920485     	1	126813948	 0.00032 	 0.00146 	 -0.01988 	 0.00001
rs11613965     	1	126814823	 0.00020 	 0.00147 	 0.00981 	 0.00001
rs12367931     	1	126815251	 0.00019 	 0.00103 	 0.00545 	 0.00000
rs918042       	1	126815984	 0.00022 	 0.00147 	 -0.00694 	 0.00001
rs918043       	1	126816011	 0.00032 	 0.00146 	 -0.00512 	 0.00001
rs17491374     	1	126816792	 0.00023 	 0.00146 	 -0.02430 	 0.00001
rs59219982     	1	126817125	 0.00022 	 0.00144 	 -0.04673 	 0.00001
rs59474983     	1	126817873	 0.00026 	 0.00144 	 -0.06305 	 0.00001
rs7963948      	1	126818424	 0.00028 	 0.00146 	 -0.01708 	 0.00001
rs10744252     	1	126818490	 0.00020 	 0.00099 	 -0.00540 	 0.00000
rs7957482      	1	126818943	 0.00024 	 0.00146 	 -0.03486 	 0.00001
rs721433       	1	126820492	 0.00021 	 0.00099 	 0.00273 	 0.00000
rs59074108     	1	126820800	 0.00016 	 0.00145 	 -0.00297 	 0.00001
rs67017201     	1	126821563	 0.00022 	 0.00145 	 -0.01455 	 0.00001
rs16916489     	1	126823443	 0.00021 	 0.00143 	 0.01581 	 0.00000
rs12303658     	1	126823651	 0.00018 	 0.00102 	 0.00270 	 0.00000
rs11838143     	1	126823679	 0.00022 	 0.00143 	 -0.00579 	 0.00000
rs10847127     	1	126823862	 0.00016 	 0.00103 	 0.01390 	 0.00000
rs2192903      	1	126824402	 0.00016 	 0.01587 	 0.00911 	 0.00045
rs73228929     	1	126824856	 0.00021 	 0.00145 	 0.01536 	 0.00001
rs10492044     	1	126825979	 0.00023 	 0.00140 	 -0.00759 	 0.00000
rs11612187     	1	126826297	 0.00024 	 0.00144 	 -0.00830 	 0.00000
rs12367383     	1	126826303	 0.00014 	 0.00104 	 0.00928 	 0.00000
rs11612211     	1	126826430	 0.00031 	 0.00144 	 0.01147 	 0.00001
rs11058609     	1	126826768	 0.00021 	 0.00142 	 0.01682 	 0.00000
rs11612815     	1	126827967	 0.00021 	 0.00144 	 -0.01528 	 0.00000
rs9919769      	1	126827971	 0.00016 	 0.00145 	 0.00041 	 0.00001
rs17492088     	1	126828200	 0.00024 	 0.00144 	 -0.02121 	 0.00000
rs58538875     	1	126828514	 0.00019 	 0.00144 	 0.00423 	 0.00000
rs17492109     	1	126828619	 0.00027 	 0.00148 	 0.01253 	 0.00001
rs10773265     	1	126830094	 0.00019 	 0.00109 	 0.00762 	 0.00001
rs10773266     	1	126830856	 0.00014 	 0.00103 	 0.00634 	 0.00000
rs73228937     	1	126832760	 0.00024 	 0.00102 	 0.00230 	 0.00000
rs73228938     	1	126833084	 0.00022 	 0.00134 	 0.01389 	 0.00001
rs7953729      	1	126833105	 0.00015 	 0.00097 	 0.00642 	 0.00000
rs7310633      	1	126834034	 0.00013 	 0.00095 	 -0.03161 	 0.00000
rs7307447      	1	126834036	 0.00015 	 0.00095 	 0.02106 	 0.00000
rs7307844      	1	126834332	 0.00020 	 0.00098 	 0.00653 	 0.00000
rs7136271      	1	126834351	 0.00018 	 0.00101 	 -0.00343 	 0.00000
rs7314997      	1	126835081	 0.00024 	 0.00106 	 0.02363 	 0.00000
rs73228939     	1	126836024	 0.00014 	 0.00135 	 0.00698 	 0.00001
rs4765084      	1	126838085	 0.00018 	 0.00102 	 0.00700 	 0.00000
rs11614019     	1	126839224	 0.00023 	 0.00133 	 0.01106 	 0.00001
rs10466874     	1	126840342	 0.00017 	 0.00101 	 0.00238 	 0.00000
rs17492618     	1	126841609	 0.00022 	 0.00135 	 0.00548 	 0.00001
rs17492695     	1	126842684	 0.00019 	 0.00131 	 0.00821 	 0.00000
rs10773267     	1	126843157	 0.00021 	 0.00103 	 0.00626 	 0.00000
rs73228943     	1	126843460	 0.00019 	 0.00132 	 0.00417 	 0.00001
rs10847131     	1	126847683	 0.00071 	 0.00549 	 0.02492 	 0.00008
rs10773269     	1	126873845	 0.00019 	 0.00104 	 -0.01051 	 -0.00001
rs11058621     	1	126874140	 0.00019 	 0.00110 	 -0.03445 	 -0.00001
rs7316804      	1	126875541	 0.00025 	 0.00108 	 -0.01139 	 -0.00001
rs10847138     	1	126876009	 0.00025 	 0.00108 	 0.00224 	 -0.00001
rs61942995     	1	126877649	 0.00018 	 0.00105 	 -0.02416 	 -0.00001
rs11058628     	1	126881551	 0.00020 	 0.00109 	 -0.00511 	 -0.00001
rs10847142     	1	126882153	 0.00023 	 0.00101 	 0.00150 	 -0.00001
rs55791660     	1	126883138	 0.00021 	 0.00101 	 -0.00358 	 -0.00001
rs12579545     	1	126884784	 0.00016 	 0.00112 	 -0.02107 	 -0.00001
rs61942997     	1	126885179	 0.00020 	 0.00110 	 -0.00949 	 -0.00001
rs11058630     	1	126887133	 0.00017 	 0.00109 	 -0.01066 	 -0.00001
rs10847146     	1	126888368	 0.00017 	 0.00079 	 -0.00341 	 -0.00000
