rs 	 chr 	 pos 	 postc 	 postrb 	 beta 	 betarb
rs73655814     	1	115940047	 0.00933 	 0.00830 	 0.06282 	 0.00024
rs10118914     	1	115941144	 0.05690 	 0.05617 	 0.09013 	 0.00320
rs10817452     	1	115941345	 0.00124 	 0.00188 	 -0.00687 	 -0.00000
rs7027181      	1	115942069	 0.00213 	 0.00216 	 0.00615 	 0.00000
rs10981671     	1	115942402	 0.00137 	 0.00195 	 -0.00084 	 -0.00001
rs10981673     	1	115944671	 0.00144 	 0.00175 	 -0.00720 	 -0.00000
rs10817454     	1	115946500	 0.00195 	 0.00318 	 0.00985 	 0.00004
rs10118429     	1	115946892	 0.00204 	 0.00215 	 0.01183 	 0.00000
rs16912536     	1	115950400	 0.04381 	 0.04647 	 0.06649 	 0.00175
rs10435864     	1	115950706	 0.00145 	 0.00176 	 -0.00438 	 -0.00000
rs17762642     	1	115951500	 0.00169 	 0.00204 	 0.00780 	 0.00001
rs12684417     	1	115952895	 0.00195 	 0.00301 	 0.00432 	 -0.00002
rs12339424     	1	115953556	 0.04840 	 0.05696 	 0.06405 	 0.00170
rs7866724      	1	115953701	 0.00146 	 0.00195 	 -0.00419 	 -0.00001
rs10981679     	1	115954577	 0.00159 	 0.00310 	 0.00643 	 0.00003
rs12236187     	1	115954969	 0.00203 	 0.00316 	 -0.00179 	 -0.00004
rs12346816     	1	115955553	 0.00192 	 0.00216 	 0.00098 	 0.00000
rs7038260      	1	115956765	 0.00198 	 0.00218 	 0.00713 	 0.00000
rs7021999      	1	115956850	 0.00169 	 0.00218 	 0.00899 	 0.00000
rs7850723      	1	115957369	 0.00194 	 0.00218 	 0.00780 	 0.00000
rs7035169      	1	115958326	 0.04423 	 0.03990 	 0.06343 	 0.00055
rs7038133      	1	115958597	 0.05276 	 0.04882 	 0.07944 	 0.00232
rs7865937      	1	115958855	 0.00154 	 0.00170 	 0.00452 	 -0.00000
rs16927031     	1	115959520	 0.04314 	 0.03390 	 0.06213 	 0.00035
rs7856067      	1	115959713	 0.00196 	 0.00316 	 0.00548 	 0.00006
rs10981682     	1	115959981	 0.04854 	 0.05884 	 0.07164 	 0.00205
rs7860472      	1	115960956	 0.00197 	 0.00217 	 0.00122 	 0.00000
rs4596714      	1	115961853	 0.00140 	 0.00202 	 -0.00694 	 -0.00001
rs55660432     	1	115962377	 0.05711 	 0.04043 	 0.08790 	 0.00163
rs6477995      	1	115963222	 0.00151 	 0.00200 	 -0.00900 	 -0.00001
rs7029408      	1	115963782	 0.00206 	 0.00216 	 -0.00026 	 0.00000
rs7030027      	1	115964072	 0.04836 	 0.05268 	 0.06620 	 0.00229
rs7033282      	1	115964402	 0.05011 	 0.04728 	 0.07224 	 0.00151
rs12380325     	1	115964664	 0.00132 	 0.00196 	 -0.00173 	 -0.00001
rs7034425      	1	115965015	 0.04951 	 0.05472 	 0.07518 	 0.00236
rs7865650      	1	115965828	 0.05237 	 0.06507 	 0.07081 	 0.00275
rs10817456     	1	115965868	 0.00155 	 0.00199 	 -0.00964 	 -0.00001
rs7851935      	1	115965986	 0.00189 	 0.00216 	 -0.00236 	 0.00000
rs10123301     	1	115966622	 0.05290 	 0.06044 	 0.09257 	 0.00206
rs28891677     	1	115967086	 0.04737 	 0.05580 	 0.07352 	 0.00189
rs10817458     	1	115967845	 0.00182 	 0.00228 	 -0.00075 	 -0.00001
rs73655844     	1	115968176	 0.05593 	 0.06595 	 0.08727 	 0.00244
rs73655845     	1	115968182	 0.03043 	 0.03466 	 0.04792 	 0.00067
rs73550301     	1	115968204	 0.02810 	 0.02597 	 0.02320 	 0.00015
rs1133620      	1	115968678	 0.04806 	 0.04675 	 0.07412 	 0.00192
rs1133619      	1	115968711	 0.07044 	 0.06721 	 0.11128 	 0.00397
rs3935547      	1	115968951	 0.00156 	 0.00182 	 -0.00452 	 -0.00000
rs5015972      	1	115969056	 0.05438 	 0.05030 	 0.08313 	 0.00224
rs4548256      	1	115969423	 0.02991 	 0.02421 	 0.06253 	 0.00078
rs10981686     	1	115969983	 0.00185 	 0.00316 	 0.00221 	 0.00004
rs10981687     	1	115970134	 0.00231 	 0.00315 	 0.00311 	 -0.00004
rs78786847     	1	115970359	 0.00231 	 0.00217 	 0.00115 	 0.00000
rs76778382     	1	115970545	 0.00203 	 0.00216 	 0.00404 	 0.00000
rs68122369     	1	115970612	 0.00202 	 0.00213 	 0.00150 	 0.00000
rs10081701     	1	115971429	 0.00174 	 0.00217 	 0.00313 	 0.00000
rs10081639     	1	115971744	 0.00206 	 0.00217 	 0.00055 	 0.00000
rs72758243     	1	115971857	 0.00220 	 0.00218 	 0.00145 	 0.00000
rs73552213     	1	115972030	 0.04575 	 0.04807 	 0.07661 	 0.00189
rs9722731      	1	115972828	 0.04738 	 0.04267 	 0.08268 	 0.00177
rs111811484    	1	115973355	 0.02567 	 0.02056 	 0.07399 	 0.00079
rs4390018      	1	115973393	 0.00166 	 0.00184 	 -0.00465 	 -0.00000
rs4979222      	1	115973620	 0.00175 	 0.00201 	 0.00571 	 0.00000
rs7032611      	1	115977054	 0.00233 	 0.00298 	 -0.01957 	 -0.00003
rs191014833    	1	115977922	 0.00149 	 0.00214 	 0.01036 	 0.00001
rs114763479    	1	115978429	 0.07490 	 0.08113 	 0.14313 	 0.00591
rs116708282    	1	115979783	 0.07670 	 0.07881 	 0.14380 	 0.00574
rs7863170      	1	115980699	 0.08474 	 0.09482 	 0.15128 	 0.00672
rs10981694     	1	115986409	 0.00155 	 0.00209 	 -0.01119 	 -0.00001
rs79761064     	1	115987035	 0.06244 	 0.05367 	 0.13319 	 0.00329
rs41305491     	1	115990150	 0.06607 	 0.07000 	 0.14167 	 0.00501
rs77361229     	1	115990890	 0.07683 	 0.08523 	 0.14709 	 0.00629
rs10981699     	1	115995901	 0.00177 	 0.00214 	 -0.01203 	 -0.00001
rs7042319      	1	116000241	 0.06280 	 0.06675 	 0.12992 	 0.00486
rs116786854    	1	116011476	 0.06473 	 0.07035 	 0.14072 	 0.00500
rs148202161    	1	116011665	 0.07204 	 0.06639 	 0.14339 	 0.00507
rs143219902    	1	116012063	 0.04359 	 0.04163 	 0.12501 	 0.00266
rs117711326    	1	116015939	 0.06898 	 0.07316 	 0.13896 	 0.00523
rs114184530    	1	116018011	 0.05431 	 0.04851 	 0.11708 	 0.00139
rs145234425    	1	116019976	 0.06633 	 0.05738 	 0.13462 	 0.00401
rs7025136      	1	116020441	 0.07509 	 0.08040 	 0.14605 	 0.00551
rs141940887    	1	116021968	 0.06603 	 0.06111 	 0.13511 	 0.00443
rs76363677     	1	116022236	 0.07235 	 0.06724 	 0.14535 	 0.00473
rs75939479     	1	116025847	 0.00194 	 0.00247 	 0.01282 	 0.00002
rs41280229     	1	116025982	 0.00147 	 0.00182 	 -0.00027 	 -0.00000
rs10981707     	1	116026034	 0.00143 	 0.00202 	 0.00915 	 0.00001
rs10981708     	1	116026040	 0.00162 	 0.00209 	 0.01041 	 0.00001
rs41276775     	1	116028948	 0.00240 	 0.00319 	 -0.01915 	 -0.00003
rs4524864      	1	116041805	 0.00110 	 0.00182 	 -0.00571 	 -0.00001
rs7860315      	1	116065025	 0.00320 	 0.00329 	 -0.02032 	 -0.00003
rs6478001      	1	116066869	 0.00135 	 0.00161 	 -0.00212 	 -0.00000
rs10817476     	1	116066958	 0.00159 	 0.00192 	 -0.00687 	 -0.00001
rs10759639     	1	116067466	 0.00161 	 0.00162 	 0.00239 	 -0.00000
rs10981729     	1	116069252	 0.00283 	 0.00321 	 -0.01349 	 -0.00003
rs66747389     	1	116072139	 0.00279 	 0.00414 	 -0.01044 	 0.00002
rs7850264      	1	116074891	 0.00406 	 0.00317 	 -0.17270 	 -0.00020
rs145267357    	1	116076740	 0.00279 	 0.00322 	 -0.01467 	 -0.00003
rs111236005    	1	116076971	 0.00288 	 0.00318 	 -0.00934 	 -0.00003
rs7864788      	1	116077629	 0.00222 	 0.00197 	 -0.09258 	 -0.00001
rs7849513      	1	116077811	 0.00186 	 0.00196 	 -0.05244 	 -0.00001
rs10981730     	1	116077957	 0.00236 	 0.00424 	 -0.00787 	 0.00014
rs10817478     	1	116078520	 0.00134 	 0.00168 	 0.01768 	 0.00000
rs7038589      	1	116081449	 0.00314 	 0.00429 	 -0.01449 	 -0.00009
rs1323466      	1	116083248	 0.00127 	 0.00163 	 -0.00059 	 -0.00000
rs7041572      	1	116085602	 0.00218 	 0.00190 	 -0.02371 	 -0.00001
rs7025371      	1	116085822	 0.00176 	 0.00219 	 -0.01477 	 -0.00001
rs7026114      	1	116086302	 0.00287 	 0.00340 	 -0.02266 	 -0.00004
rs7029469      	1	116086500	 0.00136 	 0.00167 	 0.00864 	 0.00000
rs6478002      	1	116086818	 0.00179 	 0.00190 	 -0.01673 	 -0.00001
rs12378096     	1	116087937	 0.00267 	 0.00339 	 -0.02419 	 -0.00003
rs3810921      	1	116091342	 0.00152 	 0.00174 	 0.00549 	 0.00000
rs66790147     	1	116093126	 0.00305 	 0.00359 	 -0.03565 	 -0.00004
rs10114327     	1	116093790	 0.00185 	 0.00184 	 0.04494 	 -0.00001
rs7868271      	1	116094480	 0.00199 	 0.00183 	 0.05006 	 -0.00001
rs11788333     	1	116094720	 0.00143 	 0.00167 	 -0.00301 	 0.00000
rs10817481     	1	116096944	 0.00237 	 0.00179 	 0.10316 	 -0.00001
rs10981735     	1	116097644	 0.00265 	 0.00342 	 -0.02655 	 -0.00004
rs10817483     	1	116097941	 0.00142 	 0.00167 	 -0.00362 	 0.00000
rs7026831      	1	116103749	 0.00335 	 0.00480 	 -0.02771 	 -0.00022
rs12380548     	1	116104500	 0.00359 	 0.00486 	 -0.03013 	 -0.00007
rs11787602     	1	116105712	 0.00129 	 0.00165 	 -0.00168 	 -0.00000
rs10759640     	1	116106094	 0.00181 	 0.00175 	 0.02945 	 -0.00000
rs7863921      	1	116106333	 0.00144 	 0.00175 	 0.00937 	 -0.00000
rs111804562    	1	116106854	 0.00115 	 0.00169 	 -0.01060 	 -0.00000
rs2093691      	1	116107087	 0.00222 	 0.00175 	 0.04093 	 -0.00000
rs10817484     	1	116108146	 0.00136 	 0.00168 	 -0.00285 	 -0.00000
rs7850002      	1	116108220	 0.00197 	 0.00172 	 0.04695 	 -0.00000
rs6478003      	1	116108320	 0.00187 	 0.00272 	 0.06916 	 0.00018
rs7025262      	1	116108503	 0.00140 	 0.00168 	 -0.00960 	 -0.00000
rs6478004      	1	116108669	 0.00132 	 0.00165 	 0.00220 	 -0.00000
rs6478005      	1	116108682	 0.00153 	 0.00181 	 -0.00239 	 -0.00000
rs10981755     	1	116109341	 0.00123 	 0.00164 	 -0.00235 	 -0.00000
rs56937115     	1	116109940	 0.00123 	 0.00163 	 -0.00061 	 0.00000
rs10118275     	1	116110560	 0.00173 	 0.00166 	 0.00049 	 -0.00000
rs10981757     	1	116110835	 0.00137 	 0.00163 	 -0.01744 	 0.00000
rs10981758     	1	116110938	 0.00168 	 0.00161 	 0.00170 	 0.00000
rs1998504      	1	116111236	 0.00148 	 0.00166 	 0.00097 	 -0.00000
rs1998503      	1	116111407	 0.00127 	 0.00164 	 0.02328 	 0.00000
rs912247       	1	116112463	 0.00140 	 0.00170 	 -0.00451 	 -0.00000
rs7870848      	1	116113201	 0.00158 	 0.00167 	 -0.00009 	 -0.00000
rs4979235      	1	116114072	 0.00124 	 0.00167 	 0.00010 	 0.00000
rs7048039      	1	116114139	 0.00163 	 0.00166 	 -0.00700 	 -0.00000
rs6478006      	1	116114611	 0.00150 	 0.00168 	 0.00684 	 -0.00000
rs10117953     	1	116115436	 0.00160 	 0.00164 	 0.00514 	 -0.00000
rs10117906     	1	116115438	 0.00154 	 0.00164 	 0.00518 	 -0.00000
rs10118045     	1	116115692	 0.00177 	 0.00165 	 0.02508 	 0.00000
rs7025187      	1	116115700	 0.00138 	 0.00165 	 0.02830 	 0.00000
rs7025188      	1	116115702	 0.00153 	 0.00165 	 0.01782 	 0.00000
rs7025333      	1	116115780	 0.00131 	 0.00164 	 0.00060 	 -0.00000
rs7025517      	1	116116001	 0.00135 	 0.00180 	 -0.01797 	 -0.00000
rs7025770      	1	116116147	 0.00134 	 0.00164 	 -0.00426 	 -0.00000
rs7026076      	1	116116212	 0.00152 	 0.00164 	 0.00191 	 -0.00000
rs10981762     	1	116116483	 0.00166 	 0.00164 	 -0.00128 	 -0.00000
rs10981763     	1	116116626	 0.00143 	 0.00172 	 0.00324 	 0.00000
rs10817485     	1	116116971	 0.00160 	 0.00164 	 0.00658 	 -0.00000
rs10759641     	1	116117034	 0.00146 	 0.00166 	 -0.00031 	 -0.00000
rs10981764     	1	116117684	 0.00128 	 0.00165 	 -0.00106 	 -0.00000
rs7858985      	1	116118559	 0.00112 	 0.00172 	 0.00595 	 0.00000
rs4979237      	1	116118952	 0.00146 	 0.00184 	 -0.00984 	 -0.00001
rs4979238      	1	116119023	 0.00141 	 0.00186 	 -0.01125 	 -0.00001
rs1077636      	1	116122326	 0.00204 	 0.00212 	 0.01148 	 0.00001
rs12342334     	1	116128568	 0.00222 	 0.00243 	 -0.01401 	 -0.00002
rs76490964     	1	116129195	 0.00812 	 0.00945 	 -0.03996 	 -0.00019
rs7857932      	1	116130924	 0.00742 	 0.01057 	 -0.04175 	 -0.00041
rs10115141     	1	116131869	 0.00757 	 0.00988 	 -0.03759 	 0.00003
rs61467910     	1	116138136	 0.00202 	 0.00229 	 0.00395 	 0.00000
rs181442349    	1	116138475	 0.00201 	 0.00237 	 0.00205 	 -0.00000
rs186480803    	1	116138872	 0.00187 	 0.00231 	 -0.00026 	 -0.00000
rs16933144     	1	116138967	 0.00167 	 0.00231 	 0.00084 	 -0.00000
rs3750526      	1	116139164	 0.00199 	 0.00231 	 0.00024 	 -0.00000
rs3750522      	1	116139401	 0.00210 	 0.00231 	 -0.00027 	 -0.00000
rs79937879     	1	116139563	 0.00197 	 0.00234 	 -0.00774 	 -0.00001
rs16936474     	1	116139835	 0.00149 	 0.00177 	 0.00145 	 -0.00000
