rs 	 chr 	 pos 	 postc 	 postrb 	 beta 	 betarb
rs8096961      	1	46029300	 0.00195 	 0.00266 	 -0.01527 	 -0.00002
rs871861       	1	46043622	 0.00210 	 0.00265 	 -0.01678 	 -0.00002
rs12454113     	1	46044052	 0.00204 	 0.00273 	 -0.01560 	 -0.00002
rs1877415      	1	46049257	 0.00252 	 0.00341 	 -0.01907 	 -0.00003
rs4245227      	1	46049678	 0.00143 	 0.00195 	 -0.00228 	 -0.00001
rs10468997     	1	46050417	 0.00176 	 0.00267 	 -0.01580 	 -0.00002
rs16949436     	1	46058140	 0.00140 	 0.00207 	 -0.00918 	 -0.00001
rs72923588     	1	46060574	 0.00391 	 0.00530 	 -0.03881 	 -0.00010
rs12607412     	1	46072320	 0.00131 	 0.00180 	 -0.00033 	 -0.00000
rs12456253     	1	46076974	 0.00137 	 0.00173 	 0.00672 	 -0.00000
rs12606093     	1	46077295	 0.00146 	 0.00174 	 0.00156 	 -0.00000
rs79521170     	1	46077930	 0.00185 	 0.00231 	 -0.01226 	 -0.00001
rs79628908     	1	46079465	 0.00170 	 0.00228 	 -0.01058 	 -0.00001
rs953697       	1	46081321	 0.00168 	 0.00234 	 -0.01293 	 -0.00001
rs17755606     	1	46081811	 0.00145 	 0.00225 	 -0.00816 	 -0.00001
rs8091660      	1	46087936	 0.00129 	 0.00181 	 -0.00764 	 -0.00000
rs17828681     	1	46092748	 0.00142 	 0.00203 	 -0.00285 	 -0.00000
rs11082685     	1	46093177	 0.00160 	 0.00190 	 -0.00919 	 -0.00001
rs1567656      	1	46094791	 0.00128 	 0.00183 	 -0.00558 	 -0.00000
rs4939780      	1	46095244	 0.00159 	 0.00188 	 -0.01092 	 -0.00001
rs3744827      	1	46095943	 0.00148 	 0.00181 	 -0.00084 	 -0.00000
rs2175564      	1	46097209	 0.00124 	 0.00181 	 -0.00396 	 -0.00000
rs17829286     	1	46106338	 0.02192 	 0.02482 	 0.04618 	 0.00055
rs59988504     	1	46116659	 0.00280 	 0.00382 	 -0.02859 	 -0.00005
rs8097948      	1	46117824	 0.00243 	 0.00285 	 -0.01767 	 -0.00002
rs11663925     	1	46119818	 0.00211 	 0.00265 	 -0.01073 	 -0.00002
rs2337069      	1	46120940	 0.00228 	 0.00357 	 -0.02063 	 -0.00003
rs72925534     	1	46121257	 0.00202 	 0.00273 	 -0.01535 	 -0.00002
rs907538       	1	46122383	 0.00241 	 0.00333 	 -0.01493 	 -0.00003
rs16949586     	1	46124471	 0.00167 	 0.00260 	 -0.01026 	 -0.00002
rs58303860     	1	46131631	 0.00216 	 0.00268 	 -0.01619 	 -0.00002
rs56928577     	1	46132099	 0.00231 	 0.00333 	 -0.02017 	 -0.00003
rs16949603     	1	46132320	 0.00165 	 0.00267 	 -0.00935 	 -0.00002
rs11872427     	1	46132546	 0.00244 	 0.00272 	 -0.01667 	 -0.00002
rs11660262     	1	46132945	 0.00299 	 0.00299 	 -0.01399 	 -0.00002
rs7233516      	1	46133346	 0.00199 	 0.00327 	 -0.01673 	 -0.00002
rs73443334     	1	46133590	 0.00230 	 0.00435 	 -0.02072 	 -0.00018
rs16949614     	1	46133644	 0.00190 	 0.00286 	 -0.02460 	 -0.00002
rs10438974     	1	46133815	 0.00239 	 0.00339 	 -0.01833 	 -0.00002
rs10438975     	1	46134173	 0.00204 	 0.00323 	 -0.01092 	 -0.00002
rs10438919     	1	46134622	 0.00222 	 0.00358 	 -0.03512 	 -0.00003
rs59297628     	1	46134647	 0.00251 	 0.00539 	 -0.02290 	 0.00001
rs10438976     	1	46134829	 0.00293 	 0.00335 	 -0.02437 	 -0.00003
rs10438977     	1	46134942	 0.00233 	 0.00439 	 -0.01831 	 0.00008
rs11662330     	1	46135708	 0.00264 	 0.00350 	 -0.01794 	 -0.00003
rs62102936     	1	46136402	 0.00277 	 0.00351 	 -0.01765 	 -0.00003
rs62102937     	1	46136855	 0.00308 	 0.00472 	 -0.02470 	 -0.00007
rs73956954     	1	46136962	 0.00210 	 0.00332 	 -0.01843 	 -0.00002
rs11877199     	1	46150256	 0.00238 	 0.00343 	 -0.02262 	 -0.00003
rs55877444     	1	46152926	 0.00322 	 0.00623 	 -0.03110 	 -0.00015
rs172500       	1	46156663	 0.01100 	 0.00782 	 -0.04155 	 -0.00011
rs169936       	1	46156790	 0.01168 	 0.01310 	 -0.04321 	 -0.00025
rs12454366     	1	46157172	 0.00723 	 0.00795 	 -0.04251 	 -0.00014
rs34540277     	1	46157203	 0.10490 	 0.10336 	 -0.05838 	 -0.00298
rs12457035     	1	46157207	 0.05561 	 0.05312 	 -0.05882 	 -0.00165
rs12454391     	1	46157280	 0.03968 	 0.03369 	 -0.06948 	 -0.00134
rs28429032     	1	46157394	 0.00270 	 0.00372 	 -0.02480 	 -0.00005
rs299712       	1	46158145	 0.00162 	 0.00245 	 0.00940 	 0.00001
rs8090803      	1	46158338	 0.02285 	 0.01369 	 -0.04073 	 -0.00026
rs8091766      	1	46158444	 0.02446 	 0.02191 	 -0.04773 	 -0.00043
rs8091903      	1	46158585	 0.02208 	 0.01944 	 -0.03494 	 -0.00024
rs8092144      	1	46158754	 0.02180 	 0.01902 	 -0.03723 	 0.00010
rs8082766      	1	46159942	 0.02131 	 0.01794 	 -0.04456 	 -0.00029
rs12955352     	1	46161971	 0.01852 	 0.01694 	 -0.04370 	 -0.00027
rs4939785      	1	46161989	 0.01490 	 0.01338 	 -0.04572 	 -0.00029
rs299716       	1	46162410	 0.00208 	 0.00248 	 -0.00853 	 -0.00001
rs299717       	1	46163555	 0.00205 	 0.00275 	 -0.01514 	 -0.00002
rs907535       	1	46163814	 0.01798 	 0.01313 	 -0.06543 	 -0.00023
rs299718       	1	46163828	 0.00287 	 0.00332 	 -0.01610 	 -0.00000
rs299719       	1	46163972	 0.00256 	 0.00415 	 -0.01209 	 -0.00001
rs907536       	1	46164017	 0.01679 	 0.01575 	 -0.06091 	 -0.00031
rs299720       	1	46164172	 0.00279 	 0.00330 	 -0.00554 	 0.00000
rs188497       	1	46164887	 0.00306 	 0.00351 	 -0.01168 	 -0.00000
rs177259       	1	46164961	 0.00188 	 0.00241 	 0.00473 	 0.00001
rs182457       	1	46165487	 0.00178 	 0.00242 	 0.00894 	 0.00000
rs299721       	1	46166133	 0.00209 	 0.00301 	 -0.01950 	 -0.00003
rs9948061      	1	46166626	 0.01554 	 0.00970 	 -0.04091 	 -0.00014
rs299722       	1	46167022	 0.00287 	 0.00333 	 -0.00938 	 -0.00000
rs4939786      	1	46167949	 0.01624 	 0.00836 	 -0.04424 	 -0.00011
rs299725       	1	46169245	 0.00282 	 0.00397 	 -0.00598 	 -0.00001
rs9945465      	1	46169293	 0.00430 	 0.00425 	 -0.03560 	 -0.00005
rs299726       	1	46169361	 0.00167 	 0.00242 	 -0.00848 	 -0.00001
rs75074397     	1	46169547	 0.01319 	 0.00854 	 0.00823 	 -0.00011
rs299727       	1	46169673	 0.00145 	 0.00244 	 -0.00602 	 -0.00001
rs299728       	1	46170512	 0.00218 	 0.00335 	 -0.00846 	 -0.00001
rs299729       	1	46170624	 0.00188 	 0.00251 	 -0.01111 	 -0.00001
rs1023943      	1	46170879	 0.01079 	 0.01120 	 -0.00909 	 0.00006
rs1023944      	1	46170900	 0.01383 	 0.00890 	 -0.03832 	 -0.00013
rs12956278     	1	46171760	 0.00761 	 0.00759 	 -0.03241 	 -0.00010
rs299731       	1	46172544	 0.00257 	 0.00367 	 -0.02149 	 -0.00005
rs4939788      	1	46173318	 0.00892 	 0.00974 	 -0.02688 	 0.00008
rs9964218      	1	46173360	 0.00372 	 0.00387 	 -0.02872 	 -0.00004
rs4939789      	1	46173465	 0.03043 	 0.02464 	 -0.05473 	 -0.00058
rs1564590      	1	46173947	 0.00416 	 0.00381 	 -0.02799 	 -0.00004
rs16949726     	1	46174833	 0.01360 	 0.00873 	 -0.02175 	 -0.00001
rs7230732      	1	46174931	 0.00347 	 0.00373 	 -0.02507 	 -0.00004
rs7504869      	1	46175116	 0.01214 	 0.01047 	 -0.01952 	 -0.00025
rs1996010      	1	46175348	 0.01317 	 0.01291 	 -0.02849 	 -0.00036
rs4939790      	1	46176331	 0.01309 	 0.01157 	 -0.03928 	 -0.00015
rs4939552      	1	46176626	 0.01989 	 0.01866 	 -0.04655 	 -0.00037
rs4939553      	1	46176766	 0.01804 	 0.01474 	 -0.04582 	 -0.00027
rs4939554      	1	46176770	 0.01135 	 0.00968 	 -0.03897 	 -0.00019
rs299732       	1	46176786	 0.00228 	 0.00257 	 -0.01224 	 -0.00001
rs299733       	1	46177678	 0.00219 	 0.00260 	 -0.01459 	 -0.00001
rs10468863     	1	46179284	 0.01460 	 0.01228 	 -0.04440 	 -0.00024
rs138225590    	1	46179334	 0.00190 	 0.00271 	 -0.01872 	 -0.00002
rs8089967      	1	46179477	 0.01225 	 0.00854 	 -0.04068 	 -0.00014
rs8095168      	1	46180128	 0.01478 	 0.01072 	 -0.04529 	 -0.00014
rs11664637     	1	46180484	 0.02004 	 0.01778 	 -0.05201 	 -0.00046
rs8095069      	1	46180879	 0.01437 	 0.01049 	 -0.04090 	 -0.00003
rs8090176      	1	46181010	 0.01970 	 0.01990 	 -0.04551 	 -0.00036
rs34666648     	1	46181099	 0.01121 	 0.00831 	 -0.02663 	 -0.00012
rs299756       	1	46181182	 0.00189 	 0.00245 	 0.00899 	 0.00001
rs11082690     	1	46181484	 0.02035 	 0.01807 	 -0.04588 	 -0.00037
rs12962135     	1	46181689	 0.00624 	 0.00577 	 -0.02479 	 -0.00003
rs12455776     	1	46182024	 0.01298 	 0.01141 	 -0.04093 	 -0.00018
rs9952883      	1	46182033	 0.01286 	 0.01039 	 -0.03807 	 -0.00013
rs4939792      	1	46182487	 0.02270 	 0.02010 	 -0.04779 	 -0.00051
rs9646523      	1	46183078	 0.02060 	 0.01240 	 -0.06579 	 -0.00024
rs8083667      	1	46183686	 0.01841 	 0.01234 	 -0.06736 	 -0.00024
rs299755       	1	46184529	 0.00173 	 0.00268 	 -0.00718 	 -0.00001
rs299754       	1	46184743	 0.00239 	 0.00278 	 -0.02197 	 -0.00002
rs12963372     	1	46184974	 0.00179 	 0.00244 	 -0.00572 	 -0.00001
rs1473097      	1	46185267	 0.03009 	 0.02250 	 -0.04989 	 -0.00050
rs8094634      	1	46185737	 0.01468 	 0.00975 	 -0.04339 	 -0.00017
rs299752       	1	46186715	 0.00181 	 0.00272 	 -0.01153 	 -0.00001
rs299751       	1	46187261	 0.00191 	 0.00262 	 -0.01248 	 -0.00001
rs299750       	1	46187844	 0.00190 	 0.00302 	 -0.01444 	 -0.00003
rs299748       	1	46188337	 0.00186 	 0.00251 	 -0.00847 	 -0.00001
rs299747       	1	46188777	 0.00205 	 0.00320 	 -0.01523 	 -0.00003
rs299746       	1	46188982	 0.00245 	 0.00316 	 -0.01851 	 -0.00003
rs12607981     	1	46191182	 0.03315 	 0.02607 	 -0.05333 	 -0.00064
rs11877656     	1	46191835	 0.02797 	 0.02076 	 -0.05078 	 -0.00048
rs2624161      	1	46191941	 0.00202 	 0.00260 	 -0.01502 	 -0.00001
rs2668591      	1	46192168	 0.00187 	 0.00234 	 -0.00922 	 -0.00001
rs2624160      	1	46192191	 0.00211 	 0.00261 	 -0.01378 	 -0.00001
rs7229315      	1	46192435	 0.00295 	 0.00377 	 -0.02603 	 -0.00004
rs299745       	1	46192487	 0.00192 	 0.00270 	 -0.00754 	 -0.00001
rs299744       	1	46193230	 0.00215 	 0.00264 	 -0.01389 	 -0.00001
rs299743       	1	46195457	 0.00171 	 0.00235 	 -0.00801 	 -0.00000
rs80227629     	1	46196164	 0.06013 	 0.05094 	 -0.05572 	 -0.00137
rs299740       	1	46198872	 0.00511 	 0.00527 	 -0.02881 	 -0.00007
rs299739       	1	46199840	 0.06465 	 0.05714 	 -0.05368 	 -0.00151
rs299738       	1	46201052	 0.00198 	 0.00346 	 -0.01082 	 0.00001
rs8093573      	1	46209915	 0.02156 	 0.02124 	 -0.03744 	 -0.00036
rs8095632      	1	46210577	 0.00354 	 0.00462 	 -0.02448 	 -0.00005
rs9959576      	1	46211952	 0.00143 	 0.00228 	 0.00345 	 -0.00000
rs9959857      	1	46212155	 0.00163 	 0.00236 	 -0.00691 	 -0.00001
rs57855289     	1	46212470	 0.00200 	 0.00248 	 -0.01026 	 -0.00001
rs11660569     	1	46212646	 0.00197 	 0.00249 	 -0.00982 	 -0.00001
rs72909786     	1	46213864	 0.00163 	 0.00241 	 -0.00089 	 -0.00000
rs12458836     	1	46214656	 0.00192 	 0.00234 	 -0.00518 	 -0.00001
rs8087036      	1	46215808	 0.00420 	 0.00496 	 -0.02298 	 -0.00005
rs8091345      	1	46216413	 0.00347 	 0.00417 	 -0.01985 	 -0.00004
rs9953732      	1	46217583	 0.00197 	 0.00258 	 -0.01013 	 -0.00001
rs5007091      	1	46217774	 0.00382 	 0.00445 	 -0.02156 	 -0.00004
rs6507860      	1	46218021	 0.00410 	 0.00507 	 -0.02787 	 -0.00005
rs8083681      	1	46218584	 0.00398 	 0.00456 	 -0.02197 	 -0.00005
rs9957013      	1	46218612	 0.00380 	 0.00408 	 -0.01901 	 -0.00004
rs8083971      	1	46218689	 0.00190 	 0.00289 	 -0.01158 	 -0.00002
rs55815181     	1	46218963	 0.00179 	 0.00238 	 -0.00843 	 -0.00001
rs8089251      	1	46219237	 0.00369 	 0.00409 	 -0.02138 	 -0.00004
rs6507861      	1	46219707	 0.00211 	 0.00275 	 -0.01239 	 -0.00002
rs1482275      	1	46219975	 0.00240 	 0.00305 	 -0.01920 	 -0.00002
rs8094592      	1	46222342	 0.00410 	 0.00465 	 -0.02240 	 -0.00005
rs7227652      	1	46223842	 0.00233 	 0.00328 	 -0.01571 	 -0.00003
rs61445489     	1	46227176	 0.00328 	 0.00452 	 0.02404 	 0.00007
rs16949825     	1	46227444	 0.00373 	 0.00478 	 0.03041 	 0.00004
rs11872479     	1	46227748	 0.00303 	 0.00428 	 0.02541 	 0.00006
rs2062117      	1	46231246	 0.00442 	 0.00647 	 0.03594 	 0.00012
rs7504233      	1	46232769	 0.00148 	 0.00188 	 -0.00628 	 -0.00000
rs9963066      	1	46233987	 0.00491 	 0.00735 	 0.03902 	 0.00018
rs56174966     	1	46244038	 0.00495 	 0.00649 	 0.03639 	 0.00011
rs4076477      	1	46257260	 0.00155 	 0.00232 	 0.01251 	 0.00001
rs4076476      	1	46257367	 0.00233 	 0.00306 	 0.01521 	 0.00002
rs8084549      	1	46257693	 0.00159 	 0.00190 	 0.00188 	 0.00001
rs11082697     	1	46258060	 0.00177 	 0.00229 	 0.01054 	 0.00001
rs62105205     	1	46259011	 0.00151 	 0.00179 	 -0.00220 	 -0.00000
rs34618417     	1	46260195	 0.00120 	 0.00182 	 -0.00349 	 -0.00000
rs35997409     	1	46260228	 0.00117 	 0.00181 	 -0.00256 	 -0.00000
rs6507864      	1	46260744	 0.00310 	 0.00371 	 0.01927 	 0.00003
rs7238161      	1	46264268	 0.00198 	 0.00286 	 0.01294 	 0.00002
rs4939799      	1	46264969	 0.00366 	 0.00446 	 0.02061 	 0.00004
rs59784013     	1	46265446	 0.01127 	 0.01373 	 -0.03003 	 -0.00020
