rs 	 chr 	 pos 	 postc 	 postrb 	 beta 	 betarb
rs629991       	1	75074069	 0.00091 	 0.00486 	 -0.04434 	 -0.00003
rs475099       	1	75075536	 0.00079 	 0.00452 	 -0.03015 	 -0.00001
rs657270       	1	75075571	 0.00029 	 0.00226 	 -0.00603 	 0.00000
rs658573       	1	75075866	 0.00026 	 0.00226 	 -0.01082 	 0.00000
rs478777       	1	75075945	 0.00065 	 0.00452 	 -0.00478 	 -0.00001
rs473233       	1	75078283	 0.00075 	 0.00450 	 -0.01002 	 -0.00001
rs576508       	1	75087068	 0.00063 	 0.00491 	 -0.00445 	 -0.00001
rs3016303      	1	75088857	 0.00029 	 0.00226 	 0.00935 	 0.00000
rs521455       	1	75089349	 0.00064 	 0.00360 	 -0.02069 	 -0.00003
rs477783       	1	75090100	 0.00062 	 0.00454 	 -0.02684 	 -0.00001
rs11236417     	1	75090553	 0.00065 	 0.00451 	 -0.01787 	 -0.00000
rs578101       	1	75100430	 0.00028 	 0.00191 	 0.00582 	 0.00000
rs542994       	1	75102697	 0.00148 	 0.00619 	 -0.02596 	 -0.00007
rs71467876     	1	75103322	 0.00028 	 0.00292 	 -0.02646 	 -0.00004
rs492136       	1	75104391	 0.00031 	 0.00212 	 0.01065 	 0.00001
rs12272818     	1	75107989	 0.00042 	 0.00347 	 -0.02910 	 -0.00005
rs534812       	1	75110952	 0.00050 	 0.00270 	 0.01334 	 0.00002
rs2070763      	1	75112137	 0.00056 	 0.00396 	 0.02839 	 0.00005
rs3094303      	1	75114071	 0.00046 	 0.00412 	 -0.03865 	 -0.00007
rs747545       	1	75116487	 0.00022 	 0.00192 	 0.00553 	 0.00001
rs4348932      	1	75116959	 0.00080 	 0.00497 	 0.02911 	 0.00007
rs478668       	1	75118671	 0.00044 	 0.00288 	 0.01651 	 0.00002
rs6592609      	1	75120008	 0.00056 	 0.00289 	 0.01806 	 0.00002
rs571632       	1	75124132	 0.00055 	 0.00294 	 0.01478 	 0.00002
rs2508620      	1	75127544	 0.00055 	 0.00292 	 0.01633 	 0.00002
rs2508619      	1	75130248	 0.00057 	 0.00313 	 0.02319 	 0.00002
rs11236430     	1	75141630	 0.00033 	 0.00247 	 0.00811 	 0.00001
rs3018101      	1	75141762	 0.00047 	 0.00250 	 0.01474 	 0.00001
rs693870       	1	75141950	 0.00040 	 0.00246 	 0.01186 	 0.00001
rs565976       	1	75142226	 0.00049 	 0.00244 	 0.00941 	 0.00001
rs538451       	1	75142867	 0.00027 	 0.00195 	 0.00770 	 0.00001
rs1043638      	1	75146384	 0.00030 	 0.00217 	 0.01044 	 0.00001
rs540269       	1	75151168	 0.00029 	 0.00279 	 0.00916 	 0.00002
rs61897372     	1	75151373	 0.00052 	 0.00399 	 0.02806 	 0.00004
rs544719       	1	75151651	 0.00032 	 0.00285 	 0.00605 	 0.00001
rs548439       	1	75152075	 0.00029 	 0.00283 	 0.00489 	 0.00001
rs571353       	1	75152243	 0.00031 	 0.00259 	 0.00065 	 0.00001
rs2276443      	1	75153031	 0.00058 	 0.00405 	 0.02604 	 0.00005
rs532454       	1	75154067	 0.00050 	 0.00291 	 0.01519 	 0.00002
rs492309       	1	75154562	 0.00043 	 0.00287 	 0.02226 	 0.00002
rs578840       	1	75154806	 0.00051 	 0.00283 	 0.01359 	 0.00002
rs474056       	1	75155139	 0.00044 	 0.00269 	 0.00765 	 0.00002
rs479574       	1	75155743	 0.00034 	 0.00215 	 -0.01504 	 -0.00001
rs504685       	1	75156163	 0.00043 	 0.00878 	 0.00517 	 -0.00046
rs535520       	1	75157181	 0.00049 	 0.00268 	 -0.07915 	 0.00002
rs535523       	1	75157184	 0.00050 	 0.00273 	 0.08999 	 0.00002
rs511190       	1	75157597	 0.00028 	 0.00261 	 -0.00753 	 -0.00000
rs486326       	1	75158003	 0.00044 	 0.00274 	 0.00365 	 0.00002
rs566818       	1	75158350	 0.00019 	 0.00260 	 -0.00034 	 0.00000
rs482503       	1	75158433	 0.00052 	 0.00271 	 -0.00037 	 0.00002
rs482458       	1	75158449	 0.00047 	 0.00276 	 0.02117 	 0.00002
rs547844       	1	75158868	 0.00056 	 0.00280 	 0.01133 	 0.00002
rs1894213      	1	75159408	 0.00073 	 0.00289 	 0.04291 	 0.00002
rs488305       	1	75159551	 0.00055 	 0.00307 	 0.02549 	 0.00002
rs61897374     	1	75160183	 0.00066 	 0.00513 	 0.03009 	 0.00009
rs473462       	1	75160213	 0.00061 	 0.00908 	 0.03017 	 0.00061
rs471857       	1	75160354	 0.00066 	 0.00299 	 0.01896 	 0.00002
rs518611       	1	75160575	 0.00056 	 0.00281 	 0.01037 	 0.00002
rs61897376     	1	75162041	 0.00082 	 0.00534 	 0.03866 	 0.00009
rs56207324     	1	75166165	 0.00088 	 0.00546 	 0.03168 	 0.00010
rs56010007     	1	75166510	 0.00076 	 0.00611 	 0.05681 	 0.00012
rs61897380     	1	75166921	 0.00095 	 0.00548 	 0.04877 	 0.00010
rs1623440      	1	75167383	 0.00062 	 0.00288 	 0.01331 	 0.00002
rs1793410      	1	75167704	 0.00039 	 0.00260 	 -0.01014 	 0.00000
rs1793411      	1	75169224	 0.00055 	 0.00277 	 0.01047 	 0.00002
rs112937131    	1	75170831	 0.00090 	 0.00406 	 0.04057 	 0.00005
rs1793412      	1	75171083	 0.00068 	 0.00992 	 0.01379 	 0.00025
rs7128197      	1	75171594	 0.00092 	 0.00481 	 0.03739 	 0.00007
rs1790147      	1	75171809	 0.00029 	 0.00258 	 -0.00741 	 0.00000
rs73494872     	1	75174170	 0.00069 	 0.00449 	 0.03397 	 0.00006
rs1790145      	1	75174197	 0.00062 	 0.00339 	 0.01853 	 0.00003
rs1631865      	1	75174319	 0.00078 	 0.00370 	 0.03731 	 0.00003
rs7107598      	1	75177399	 0.00049 	 0.00305 	 0.02339 	 0.00004
rs1557471      	1	75179674	 0.00032 	 0.00280 	 0.00599 	 0.00001
rs1790160      	1	75180228	 0.00044 	 0.00286 	 0.01588 	 0.00002
rs1004856      	1	75180967	 0.00032 	 0.00285 	 0.01313 	 0.00001
rs1790158      	1	75181249	 0.00064 	 0.00330 	 0.01886 	 0.00003
rs1793414      	1	75182687	 0.00036 	 0.00276 	 -0.00268 	 0.00001
rs1790152      	1	75184851	 0.00025 	 0.00261 	 -0.00255 	 0.00001
rs7131225      	1	75184875	 0.00081 	 0.00525 	 0.03911 	 0.00009
rs1793415      	1	75184885	 0.00061 	 0.00326 	 0.01756 	 0.00003
rs1793416      	1	75185043	 0.00033 	 0.00205 	 -0.01033 	 -0.00000
rs1557474      	1	75185648	 0.00065 	 0.00294 	 0.00609 	 0.00002
rs74846953     	1	75185939	 0.00023 	 0.00179 	 -0.00167 	 0.00000
rs76147805     	1	75186536	 0.00072 	 0.00494 	 0.04334 	 0.00008
rs1631470      	1	75187142	 0.00039 	 0.00278 	 0.00235 	 0.00001
rs1790156      	1	75187389	 0.00057 	 0.00321 	 -0.00124 	 0.00002
rs1790153      	1	75187643	 0.00064 	 0.00321 	 0.00731 	 0.00002
rs61897406     	1	75188260	 0.00073 	 0.00447 	 0.02993 	 0.00006
rs1790149      	1	75188569	 0.00061 	 0.00307 	 -0.00140 	 0.00002
rs2853066      	1	75189157	 0.00036 	 0.00258 	 -0.00555 	 0.00001
rs56412430     	1	75190413	 0.00081 	 0.01391 	 0.03739 	 0.00122
rs55955041     	1	75191413	 0.00071 	 0.00467 	 0.03379 	 0.00007
rs1790155      	1	75191629	 0.00096 	 0.00406 	 0.08952 	 0.00004
rs61897410     	1	75192539	 0.00082 	 0.00456 	 0.03794 	 0.00007
rs1790154      	1	75192795	 0.00097 	 0.00448 	 0.04005 	 0.00005
rs11236439     	1	75193107	 0.00038 	 0.00301 	 0.02324 	 0.00003
rs61897411     	1	75193214	 0.00074 	 0.00481 	 0.04101 	 0.00007
rs499613       	1	75194485	 0.00034 	 0.00265 	 0.01184 	 0.00001
rs667410       	1	75194697	 0.00032 	 0.00264 	 -0.00258 	 0.00001
rs77447468     	1	75195696	 0.00057 	 0.00420 	 0.02610 	 0.00005
rs514477       	1	75198002	 0.00033 	 0.00257 	 0.00197 	 0.00001
rs61897413     	1	75198631	 0.00084 	 0.00556 	 0.05083 	 0.00010
rs589724       	1	75199181	 0.00030 	 0.00255 	 -0.02025 	 0.00001
rs669601       	1	75200824	 0.00035 	 0.00256 	 -0.00383 	 0.00001
rs61897414     	1	75200927	 0.00078 	 0.00460 	 0.04604 	 0.00006
rs668727       	1	75200991	 0.00056 	 0.00289 	 -0.01880 	 0.00002
rs2187568      	1	75201673	 0.00071 	 0.00460 	 0.03440 	 0.00006
rs581007       	1	75201946	 0.00035 	 0.00954 	 -0.01273 	 -0.00025
rs653673       	1	75202063	 0.00055 	 0.00302 	 0.02866 	 0.00002
rs557383       	1	75202193	 0.00032 	 0.00202 	 -0.00914 	 -0.00000
rs550957       	1	75202936	 0.00053 	 0.00230 	 0.02082 	 0.00001
rs550881       	1	75202964	 0.00030 	 0.00254 	 -0.01021 	 0.00000
rs61897415     	1	75203056	 0.00065 	 0.00446 	 0.07046 	 0.00006
rs549034       	1	75203134	 0.00032 	 0.00545 	 -0.01642 	 -0.00012
rs625938       	1	75203699	 0.00057 	 0.00282 	 0.00699 	 0.00002
rs10751243     	1	75203932	 0.00061 	 0.00283 	 0.00403 	 0.00002
rs623338       	1	75204236	 0.00053 	 0.00282 	 0.00040 	 0.00002
rs611449       	1	75204622	 0.00053 	 0.00293 	 0.00514 	 0.00002
rs609793       	1	75204953	 0.00056 	 0.00281 	 0.00434 	 0.00002
rs546632       	1	75205533	 0.00048 	 0.00277 	 0.00717 	 0.00002
rs523617       	1	75205776	 0.00046 	 0.00266 	 0.01291 	 0.00001
rs61897416     	1	75205912	 0.00062 	 0.00430 	 -0.01130 	 0.00005
rs11236441     	1	75206243	 0.00029 	 0.00261 	 0.00124 	 0.00001
rs56386896     	1	75207307	 0.00070 	 0.01322 	 -0.01032 	 -0.00089
rs628972       	1	75208351	 0.00033 	 0.00256 	 -0.02335 	 0.00001
rs1540210      	1	75209398	 0.00032 	 0.00245 	 -0.00729 	 0.00000
rs1790144      	1	75211901	 0.00033 	 0.00273 	 0.02204 	 0.00002
rs1793396      	1	75212400	 0.00071 	 0.00331 	 0.02712 	 0.00003
rs1793397      	1	75212507	 0.00028 	 0.00268 	 0.00760 	 0.00002
rs1790303      	1	75212803	 0.00071 	 0.00293 	 0.02623 	 0.00002
rs61897419     	1	75213174	 0.00058 	 0.00434 	 0.02371 	 0.00005
rs1793398      	1	75215421	 0.00102 	 0.00400 	 0.02695 	 0.00004
rs74237445     	1	75216217	 0.00057 	 0.00442 	 0.03430 	 0.00005
rs56851635     	1	75216395	 0.00068 	 0.00434 	 0.03306 	 0.00005
rs1783559      	1	75217028	 0.00043 	 0.00311 	 0.01632 	 0.00003
rs1783557      	1	75219277	 0.00042 	 0.00366 	 0.02274 	 0.00004
rs11236444     	1	75219291	 0.00062 	 0.00454 	 0.03835 	 0.00008
rs1793399      	1	75220505	 0.00035 	 0.00267 	 0.01796 	 0.00002
rs1790307      	1	75221110	 0.00044 	 0.00268 	 0.01661 	 0.00002
rs12362081     	1	75221644	 0.00051 	 0.00385 	 0.02582 	 0.00005
rs1793400      	1	75223537	 0.00035 	 0.00248 	 0.01529 	 0.00001
rs1783550      	1	75223565	 0.00052 	 0.00464 	 -0.02429 	 -0.00005
rs12362890     	1	75223900	 0.00048 	 0.00372 	 0.01019 	 0.00004
rs72989929     	1	75226186	 0.00058 	 0.00380 	 0.01573 	 0.00005
rs947844       	1	75228884	 0.00047 	 0.00416 	 0.01262 	 0.00005
rs1783551      	1	75231212	 0.00045 	 0.00315 	 0.01554 	 0.00003
rs1557475      	1	75232191	 0.00034 	 0.00269 	 0.01381 	 0.00002
rs1790305      	1	75232607	 0.00048 	 0.00266 	 0.00980 	 0.00002
rs1619612      	1	75233878	 0.00040 	 0.00265 	 0.00654 	 0.00002
rs1631013      	1	75235039	 0.00038 	 0.00267 	 0.03027 	 0.00002
rs60479086     	1	75235212	 0.00034 	 0.00340 	 0.01304 	 -0.00001
rs613225       	1	75235437	 0.00046 	 0.00416 	 -0.02398 	 -0.00004
rs80235095     	1	75236077	 0.00062 	 0.00424 	 0.02488 	 0.00006
rs71466372     	1	75236787	 0.00037 	 0.00272 	 0.00942 	 0.00002
rs7938523      	1	75237411	 0.00082 	 0.00462 	 0.05214 	 0.00007
rs587296       	1	75237922	 0.00035 	 0.02177 	 0.05337 	 0.00662
rs633186       	1	75238380	 0.00039 	 0.00278 	 0.06843 	 0.00002
rs618202       	1	75238485	 0.00049 	 0.00344 	 0.03063 	 0.00003
rs12361128     	1	75238959	 0.00051 	 0.00366 	 0.03116 	 0.00004
rs72989989     	1	75240262	 0.00071 	 0.00452 	 0.02451 	 0.00006
rs591627       	1	75240726	 0.00043 	 0.02153 	 -0.04834 	 -0.00633
rs11236448     	1	75241019	 0.00047 	 0.00328 	 0.01447 	 0.00003
rs11236449     	1	75241097	 0.00057 	 0.00460 	 0.02934 	 0.00006
rs662358       	1	75241763	 0.00038 	 0.00334 	 0.01542 	 0.00003
rs10899090     	1	75247136	 0.00145 	 0.00442 	 0.03192 	 0.00005
rs61895076     	1	75248149	 0.00040 	 0.00333 	 0.02037 	 0.00000
rs606460       	1	75248457	 0.00028 	 0.00221 	 0.00160 	 -0.00000
rs670491       	1	75249185	 0.00022 	 0.00222 	 -0.00245 	 -0.00000
rs670100       	1	75249274	 0.00024 	 0.00223 	 -0.00519 	 -0.00001
rs695091       	1	75249788	 0.00026 	 0.00223 	 -0.00550 	 -0.00001
rs11236452     	1	75249886	 0.00096 	 0.00684 	 0.04107 	 0.00012
