rs 	 chr 	 pos 	 postc 	 postrb 	 beta 	 betarb
rs4318229      	1	64610296	 0.00170 	 0.00180 	 -0.00771 	 -0.00000
rs4325587      	1	64610513	 0.00165 	 0.00183 	 -0.02125 	 -0.00001
rs16967730     	1	64613331	 0.00183 	 0.00179 	 -0.00418 	 -0.00000
rs13330013     	1	64613737	 0.00184 	 0.00235 	 -0.01524 	 -0.00001
rs16967733     	1	64616292	 0.00178 	 0.00185 	 -0.02575 	 -0.00001
rs59211348     	1	64617274	 0.00210 	 0.00285 	 -0.00322 	 -0.00004
rs73579554     	1	64617301	 0.00210 	 0.00230 	 -0.02426 	 -0.00002
rs12103090     	1	64618665	 0.00163 	 0.00197 	 0.00639 	 0.00001
rs28485684     	1	64625599	 0.00165 	 0.00236 	 -0.01333 	 -0.00001
rs11646138     	1	64626693	 0.00142 	 0.00196 	 0.00508 	 0.00001
rs11647895     	1	64628387	 0.00197 	 0.00233 	 -0.01524 	 -0.00001
rs62039885     	1	64630126	 0.00189 	 0.00236 	 -0.01049 	 -0.00001
rs78677714     	1	64631646	 0.00191 	 0.00219 	 0.00913 	 0.00001
rs41362348     	1	64632253	 0.00176 	 0.00276 	 0.00242 	 0.00004
rs28442198     	1	64638451	 0.00187 	 0.00272 	 -0.01045 	 0.00001
rs7186367      	1	64639689	 0.00175 	 0.00176 	 -0.01176 	 -0.00000
rs114164990    	1	64644752	 0.00181 	 0.00246 	 -0.01728 	 -0.00002
rs143422446    	1	64645670	 0.00187 	 0.00235 	 -0.00895 	 -0.00000
rs73579587     	1	64648385	 0.00202 	 0.00175 	 -0.00261 	 -0.00000
rs72786846     	1	64649265	 0.00204 	 0.00242 	 -0.01721 	 -0.00002
rs58628042     	1	64652375	 0.00157 	 0.00177 	 0.00463 	 -0.00000
rs17487013     	1	64652759	 0.00163 	 0.00207 	 -0.00542 	 -0.00001
rs73579590     	1	64655810	 0.00161 	 0.00178 	 -0.00788 	 -0.00000
rs56079006     	1	64656856	 0.00185 	 0.00242 	 -0.01333 	 -0.00002
rs73579595     	1	64658730	 0.00151 	 0.00177 	 -0.00041 	 -0.00000
rs6498952      	1	64659848	 0.00192 	 0.00179 	 -0.01486 	 -0.00000
rs16967776     	1	64662736	 0.00170 	 0.00235 	 -0.01225 	 -0.00001
rs8044283      	1	64673088	 0.00151 	 0.00175 	 0.00184 	 -0.00000
rs9932310      	1	64673713	 0.00172 	 0.00237 	 -0.01264 	 -0.00001
rs4258638      	1	64675335	 0.00193 	 0.00237 	 -0.01111 	 -0.00001
rs62039905     	1	64678426	 0.00149 	 0.00212 	 -0.00097 	 0.00000
rs62039906     	1	64678966	 0.00179 	 0.00212 	 -0.00250 	 -0.00000
rs62039907     	1	64680054	 0.00139 	 0.00213 	 -0.00138 	 0.00000
rs72786858     	1	64685689	 0.00219 	 0.00261 	 -0.02044 	 -0.00002
rs56067544     	1	64688255	 0.00149 	 0.00176 	 0.00213 	 -0.00000
rs73583712     	1	64688487	 0.00147 	 0.00176 	 0.00200 	 -0.00000
rs72786860     	1	64689738	 0.00184 	 0.00247 	 -0.01582 	 -0.00002
rs73583719     	1	64690463	 0.00152 	 0.00182 	 -0.01410 	 -0.00000
rs59321711     	1	64692664	 0.00170 	 0.00324 	 -0.00305 	 -0.00006
rs72788724     	1	64693264	 0.00235 	 0.00240 	 -0.01214 	 -0.00002
rs4474710      	1	64693429	 0.00156 	 0.00206 	 -0.01142 	 -0.00001
rs79730535     	1	64693703	 0.00192 	 0.00212 	 -0.00544 	 -0.00000
rs62039910     	1	64694053	 0.00163 	 0.00212 	 -0.00211 	 0.00000
rs60354270     	1	64702796	 0.00126 	 0.00280 	 0.00304 	 -0.00005
rs8045561      	1	64704688	 0.00159 	 0.00280 	 -0.01418 	 -0.00004
rs73583764     	1	64705350	 0.00171 	 0.00182 	 -0.01812 	 -0.00001
rs8049713      	1	64709474	 0.00177 	 0.00183 	 -0.02523 	 -0.00001
rs7200268      	1	64712467	 0.00181 	 0.00291 	 -0.02597 	 -0.00011
rs1981552      	1	64713006	 0.00283 	 0.00408 	 0.05369 	 0.00018
rs12596385     	1	64720481	 0.00156 	 0.00168 	 -0.00001 	 0.00000
rs976497       	1	64720556	 0.00263 	 0.00323 	 -0.02339 	 -0.00002
rs976498       	1	64720943	 0.00345 	 0.00354 	 -0.03263 	 -0.00003
rs4967863      	1	64722315	 0.00185 	 0.00224 	 -0.00847 	 -0.00001
rs727320       	1	64724233	 0.00625 	 0.00641 	 -0.06132 	 -0.00013
rs727321       	1	64724379	 0.00181 	 0.00202 	 0.00147 	 0.00000
rs727322       	1	64724602	 0.00273 	 0.00332 	 -0.01408 	 -0.00001
rs2107370      	1	64725640	 0.00283 	 0.00311 	 0.00458 	 0.00004
rs11862881     	1	64725769	 0.01910 	 0.00917 	 0.04214 	 0.00015
rs4967865      	1	64726190	 0.00333 	 0.00324 	 -0.01984 	 -0.00001
rs11075548     	1	64728013	 0.00249 	 0.00315 	 -0.00535 	 -0.00001
rs2214540      	1	64728273	 0.00187 	 0.00226 	 -0.00993 	 -0.00001
rs2214541      	1	64728712	 0.00327 	 0.00429 	 -0.00172 	 -0.00005
rs1024480      	1	64729245	 0.00280 	 0.00321 	 -0.02676 	 -0.00001
rs10459802     	1	64729743	 0.00309 	 0.00388 	 -0.03425 	 -0.00003
rs4967867      	1	64729860	 0.00242 	 0.00220 	 -0.00267 	 -0.00001
rs6498959      	1	64730538	 0.02093 	 0.01161 	 0.04317 	 0.00021
rs7206276      	1	64730815	 0.00270 	 0.00241 	 0.01386 	 0.00001
rs2107371      	1	64731603	 0.00348 	 0.00330 	 -0.03738 	 -0.00002
rs2107372      	1	64731675	 0.00304 	 0.00336 	 -0.03402 	 -0.00003
rs1159074      	1	64732219	 0.00171 	 0.00239 	 -0.00406 	 -0.00000
rs34491569     	1	64732376	 0.00933 	 0.00618 	 0.03281 	 0.00003
rs67742464     	1	64732799	 0.00897 	 0.00401 	 0.03758 	 0.00003
rs7197137      	1	64733066	 0.00300 	 0.00326 	 -0.02254 	 -0.00001
rs2040795      	1	64734670	 0.00186 	 0.00239 	 -0.01045 	 -0.00000
rs1304340      	1	64735366	 0.00279 	 0.00205 	 0.01549 	 0.00000
rs1593118      	1	64735995	 0.00926 	 0.00469 	 0.03745 	 0.00005
rs231031       	1	64739225	 0.00312 	 0.00446 	 -0.03560 	 -0.00007
rs7185804      	1	64740316	 0.02685 	 0.01847 	 0.05113 	 0.00062
rs7191655      	1	64740997	 0.02760 	 0.01517 	 0.04663 	 0.00007
rs116558       	1	64742838	 0.00177 	 0.00197 	 0.00011 	 0.00000
rs231032       	1	64744280	 0.00265 	 0.00320 	 -0.02610 	 -0.00001
rs739885       	1	64744361	 0.12436 	 0.09417 	 0.06333 	 0.00293
rs231033       	1	64744405	 0.00803 	 0.00478 	 -0.04168 	 -0.00006
rs2008731      	1	64744457	 0.12458 	 0.10369 	 0.06573 	 0.00409
rs231034       	1	64745054	 0.00781 	 0.00436 	 -0.04161 	 -0.00006
rs231035       	1	64745733	 0.00764 	 0.00637 	 -0.04164 	 -0.00012
rs7200661      	1	64745767	 0.11983 	 0.10059 	 0.06590 	 0.00380
rs231037       	1	64746676	 0.00283 	 0.00272 	 -0.01806 	 -0.00002
rs1423987      	1	64748241	 0.11749 	 0.08985 	 0.05760 	 0.00194
rs1423988      	1	64748469	 0.08649 	 0.06143 	 0.04666 	 0.00129
rs179522       	1	64749452	 0.00867 	 0.00762 	 -0.04225 	 -0.00015
rs11859763     	1	64749828	 0.09232 	 0.07099 	 0.02700 	 0.00085
rs231038       	1	64751608	 0.00224 	 0.00400 	 -0.02159 	 -0.00005
rs11862174     	1	64751941	 0.08340 	 0.07485 	 0.04667 	 0.00130
rs231039       	1	64752556	 0.00235 	 0.00304 	 -0.01585 	 -0.00000
rs231040       	1	64752864	 0.00287 	 0.00212 	 -0.01470 	 -0.00000
rs231041       	1	64753021	 0.00222 	 0.00395 	 -0.01656 	 0.00003
rs231043       	1	64754164	 0.00247 	 0.00304 	 -0.01456 	 -0.00000
rs231044       	1	64755048	 0.00253 	 0.00306 	 -0.01197 	 -0.00000
rs231045       	1	64757434	 0.00391 	 0.00210 	 -0.06188 	 -0.00000
rs231046       	1	64757764	 0.00236 	 0.00287 	 -0.00541 	 0.00001
rs231047       	1	64757895	 0.00215 	 0.00296 	 -0.00121 	 0.00001
rs231048       	1	64758694	 0.00246 	 0.00311 	 -0.00012 	 0.00001
rs8058254      	1	64760187	 0.00556 	 0.00500 	 0.01387 	 0.00000
rs231049       	1	64760288	 0.00211 	 0.00301 	 -0.00250 	 0.00001
rs231050       	1	64760537	 0.00195 	 0.00396 	 0.00575 	 0.00008
rs10852418     	1	64760841	 0.00767 	 0.00751 	 0.01435 	 -0.00007
rs12932872     	1	64761187	 0.00394 	 0.00406 	 -0.00127 	 -0.00003
rs231052       	1	64761300	 0.00216 	 0.00199 	 0.00351 	 0.00000
rs12919016     	1	64761620	 0.00419 	 0.00493 	 -0.00054 	 -0.00005
rs231054       	1	64763509	 0.00218 	 0.00294 	 0.00660 	 0.00001
rs231065       	1	64767891	 0.00241 	 0.00296 	 0.01150 	 0.00001
rs231069       	1	64768875	 0.00230 	 0.00290 	 -0.00620 	 0.00001
rs12919603     	1	64770560	 0.00733 	 0.00499 	 0.01515 	 -0.00001
rs231074       	1	64770787	 0.00221 	 0.00313 	 -0.00851 	 0.00000
rs7192050      	1	64771286	 0.01475 	 0.01072 	 0.04643 	 0.00003
rs231075       	1	64773243	 0.00207 	 0.00293 	 0.01327 	 0.00001
rs231076       	1	64773690	 0.00257 	 0.00377 	 0.01244 	 0.00009
rs231078       	1	64773899	 0.00220 	 0.00205 	 -0.00048 	 0.00000
rs231079       	1	64774078	 0.00231 	 0.00294 	 0.00081 	 0.00001
rs231080       	1	64774453	 0.00191 	 0.00292 	 -0.00301 	 0.00001
rs231081       	1	64774750	 0.00195 	 0.00292 	 0.00167 	 0.00001
rs231082       	1	64775069	 0.00224 	 0.00292 	 -0.00035 	 0.00001
rs231084       	1	64775755	 0.00235 	 0.00205 	 0.00087 	 0.00000
rs231089       	1	64777654	 0.00258 	 0.00215 	 0.00933 	 0.00000
rs1423997      	1	64778101	 0.01247 	 0.00817 	 0.01568 	 0.00007
rs12446839     	1	64778259	 0.01171 	 0.00939 	 0.01423 	 0.00007
rs12597618     	1	64779857	 0.00471 	 0.00436 	 0.00516 	 -0.00003
rs231091       	1	64780160	 0.00203 	 0.00239 	 0.01142 	 -0.00000
rs55840743     	1	64780202	 0.01171 	 0.00911 	 0.02030 	 0.00003
rs231093       	1	64781507	 0.00196 	 0.00393 	 0.00659 	 0.00006
rs7190938      	1	64781513	 0.01143 	 0.00753 	 0.01735 	 -0.00002
rs231096       	1	64782395	 0.00227 	 0.00294 	 0.01737 	 0.00001
rs2320127      	1	64782613	 0.01171 	 0.00904 	 0.02520 	 -0.00004
rs61442556     	1	64783023	 0.00266 	 0.00204 	 -0.00311 	 0.00000
rs231103       	1	64784762	 0.00236 	 0.00298 	 0.01291 	 0.00002
rs231104       	1	64785159	 0.00227 	 0.00220 	 0.01283 	 0.00001
rs231106       	1	64786414	 0.00236 	 0.00213 	 0.00525 	 0.00001
rs7200356      	1	64786475	 0.00829 	 0.00544 	 -0.01712 	 -0.00005
rs12930508     	1	64792299	 0.00449 	 0.00517 	 -0.01214 	 -0.00006
rs7185558      	1	64796183	 0.00790 	 0.00545 	 -0.01008 	 -0.00004
rs231111       	1	64797213	 0.00231 	 0.00217 	 0.00456 	 0.00001
rs12924825     	1	64797883	 0.00483 	 0.00531 	 -0.01571 	 -0.00006
rs231112       	1	64798334	 0.00235 	 0.00282 	 -0.01433 	 0.00000
rs231113       	1	64798454	 0.00222 	 0.00204 	 -0.00271 	 0.00000
rs7202962      	1	64798731	 0.01188 	 0.00809 	 0.01247 	 -0.00023
rs231114       	1	64799557	 0.00225 	 0.00304 	 0.00661 	 -0.00007
rs231115       	1	64800167	 0.00230 	 0.00383 	 -0.03534 	 -0.00005
rs231116       	1	64800540	 0.00234 	 0.00313 	 0.02051 	 0.00001
rs231117       	1	64803209	 0.00216 	 0.00356 	 0.00221 	 -0.00001
rs6498961      	1	64803859	 0.00980 	 0.00741 	 0.01431 	 -0.00003
