rs 	 chr 	 pos 	 postc 	 postrb 	 beta 	 betarb
rs55790409     	1	77300293	 0.00447 	 0.00977 	 -0.02998 	 -0.00014
rs4683987      	1	77300307	 0.00143 	 0.00343 	 -0.00435 	 -0.00000
rs6797518      	1	77303212	 0.00997 	 0.01889 	 -0.03752 	 -0.00035
rs67454954     	1	77305420	 0.01631 	 0.03029 	 -0.04718 	 -0.00061
rs41344847     	1	77305980	 0.01571 	 0.02923 	 -0.04693 	 -0.00074
rs1372424      	1	77310513	 0.01603 	 0.02935 	 -0.04744 	 -0.00067
rs66799104     	1	77312067	 0.01683 	 0.03033 	 -0.04636 	 -0.00072
rs1372425      	1	77317940	 0.00872 	 0.01733 	 -0.03584 	 -0.00020
rs13071107     	1	77321565	 0.00176 	 0.00359 	 -0.00528 	 -0.00001
rs11924430     	1	77322026	 0.00198 	 0.00412 	 0.01282 	 0.00002
rs6776288      	1	77323280	 0.00162 	 0.00345 	 0.00495 	 0.00001
rs13087163     	1	77329538	 0.00159 	 0.00333 	 0.00192 	 0.00000
rs9883354      	1	77332185	 0.02111 	 0.01617 	 0.11373 	 0.00049
rs9812558      	1	77332657	 0.06698 	 0.06729 	 -0.13875 	 -0.00411
rs9713467      	1	77333196	 0.08511 	 0.08195 	 0.12493 	 0.00518
rs2028513      	1	77334270	 0.00185 	 0.00411 	 -0.00889 	 -0.00002
rs9309765      	1	77334932	 0.16134 	 0.17247 	 0.17317 	 0.01525
rs9875505      	1	77335469	 0.51580 	 0.50871 	 0.19997 	 0.04986
rs2875436      	1	77336156	 0.09542 	 0.10658 	 0.16198 	 0.00825
rs9848676      	1	77337755	 0.11703 	 0.13029 	 0.16611 	 0.01012
rs62251168     	1	77343066	 0.00434 	 0.00814 	 -0.01999 	 -0.00009
rs9848347      	1	77344514	 0.01424 	 0.01393 	 0.06018 	 0.00050
rs9848444      	1	77344784	 0.01404 	 0.01833 	 0.06130 	 0.00013
rs12631368     	1	77345549	 0.01612 	 0.01865 	 0.08550 	 0.00070
rs9873219      	1	77354463	 0.01173 	 0.01347 	 0.04223 	 0.00015
rs11927613     	1	77354806	 0.00305 	 0.00546 	 0.01978 	 0.00004
rs2875419      	1	77356487	 0.01129 	 0.01368 	 -0.01795 	 -0.00018
rs11719648     	1	77356890	 0.00778 	 0.01087 	 0.05454 	 0.00021
rs12637117     	1	77358376	 0.00637 	 0.00792 	 0.03850 	 0.00010
rs12630152     	1	77360017	 0.00679 	 0.00955 	 0.04524 	 0.00017
rs9820365      	1	77365899	 0.00652 	 0.01462 	 0.04837 	 0.00052
rs71322791     	1	77368604	 0.00760 	 0.00997 	 0.05518 	 0.00015
rs9874869      	1	77372626	 0.00760 	 0.00802 	 0.07108 	 0.00012
rs11712645     	1	77373474	 0.00757 	 0.00971 	 0.06641 	 0.00016
rs71322792     	1	77374428	 0.00793 	 0.01199 	 0.07725 	 0.00040
rs11713700     	1	77380293	 0.00665 	 0.00982 	 0.06513 	 0.00020
rs9868442      	1	77383950	 0.00563 	 0.00851 	 0.04467 	 0.00015
rs1899372      	1	77385745	 0.01198 	 0.01601 	 0.06266 	 0.00038
rs9855374      	1	77386346	 0.00292 	 0.00508 	 -0.01538 	 -0.00003
rs9818075      	1	77386855	 0.00281 	 0.00695 	 0.00858 	 -0.00005
rs6548499      	1	77389366	 0.00249 	 0.00520 	 -0.00839 	 -0.00003
rs35423302     	1	77396086	 0.00253 	 0.00540 	 -0.01671 	 -0.00004
rs4539916      	1	77396644	 0.00200 	 0.00503 	 -0.01061 	 -0.00003
rs6769090      	1	77397617	 0.00239 	 0.00507 	 -0.01462 	 -0.00003
rs73110269     	1	77397822	 0.00213 	 0.00498 	 -0.01153 	 -0.00003
rs7649591      	1	77399238	 0.01002 	 0.01359 	 -0.04036 	 -0.00022
rs7649600      	1	77399261	 0.01044 	 0.01692 	 -0.04146 	 -0.00031
rs11127587     	1	77399906	 0.00249 	 0.00509 	 -0.01415 	 -0.00003
rs11127588     	1	77400005	 0.00574 	 0.01109 	 0.03003 	 0.00020
rs28729674     	1	77401313	 0.00244 	 0.00478 	 -0.00573 	 -0.00002
rs28502661     	1	77401349	 0.00227 	 0.00508 	 -0.01366 	 -0.00003
rs7640229      	1	77403309	 0.00251 	 0.00506 	 -0.01573 	 -0.00003
rs9810577      	1	77404909	 0.00292 	 0.00608 	 -0.01482 	 0.00002
rs7432562      	1	77405028	 0.00228 	 0.00509 	 -0.01318 	 -0.00003
rs4683994      	1	77406934	 0.00232 	 0.00481 	 0.00087 	 -0.00002
rs4462943      	1	77408051	 0.00237 	 0.00611 	 -0.01350 	 -0.00009
rs4578998      	1	77408143	 0.00192 	 0.00491 	 -0.01002 	 -0.00002
rs9868763      	1	77412017	 0.07860 	 0.10153 	 0.05845 	 0.00278
rs73112302     	1	77413057	 0.01400 	 0.01989 	 0.03291 	 0.00026
rs79394256     	1	77414822	 0.00901 	 0.01511 	 -0.04443 	 -0.00032
rs6548501      	1	77415160	 0.01358 	 0.01708 	 -0.06514 	 -0.00026
rs9823708      	1	77415594	 0.00917 	 0.01489 	 -0.03892 	 -0.00022
rs56401828     	1	77415835	 0.01797 	 0.02448 	 0.02089 	 0.00034
rs4490333      	1	77417993	 0.01159 	 0.01633 	 -0.05484 	 -0.00038
rs62252672     	1	77418589	 0.02087 	 0.03025 	 0.03943 	 0.00053
rs4683973      	1	77418859	 0.01232 	 0.02037 	 -0.05495 	 -0.00064
rs4683974      	1	77419176	 0.01044 	 0.01323 	 -0.05448 	 -0.00030
rs4683997      	1	77419276	 0.01222 	 0.02012 	 -0.05370 	 -0.00054
rs4407388      	1	77419898	 0.01092 	 0.01806 	 -0.04660 	 -0.00053
rs4684001      	1	77421021	 0.01003 	 0.01617 	 -0.04696 	 -0.00017
rs7618772      	1	77422574	 0.00996 	 0.01864 	 -0.04784 	 -0.00067
rs9823357      	1	77422698	 0.00859 	 0.01541 	 -0.04978 	 -0.00038
rs73095930     	1	77423430	 0.02122 	 0.02687 	 0.03730 	 0.00042
rs4459876      	1	77424098	 0.01216 	 0.02020 	 -0.05978 	 -0.00038
rs9872037      	1	77424700	 0.00841 	 0.01348 	 -0.04810 	 -0.00028
rs9872242      	1	77424989	 0.00861 	 0.01039 	 -0.04703 	 -0.00015
rs9816949      	1	77425043	 0.00741 	 0.01292 	 -0.02749 	 -0.00000
rs55864665     	1	77426436	 0.02086 	 0.02702 	 0.03870 	 0.00043
rs4234496      	1	77427357	 0.01334 	 0.01712 	 -0.05880 	 -0.00029
rs12494826     	1	77428446	 0.02102 	 0.02770 	 0.03726 	 0.00045
rs12488430     	1	77428877	 0.01959 	 0.02525 	 0.03200 	 0.00036
rs11926022     	1	77429141	 0.02562 	 0.03172 	 0.03543 	 0.00051
rs9870610      	1	77429959	 0.10519 	 0.11018 	 0.07329 	 0.00373
rs13086171     	1	77430090	 0.07451 	 0.07719 	 0.06932 	 0.00241
rs59671794     	1	77430587	 0.03234 	 0.03974 	 0.04155 	 0.00064
rs6772330      	1	77431821	 0.00840 	 0.01225 	 -0.05667 	 -0.00027
rs6548504      	1	77433941	 0.02936 	 0.03265 	 -0.06172 	 -0.00092
rs6548505      	1	77433972	 0.00921 	 0.01341 	 -0.05285 	 -0.00042
rs9841421      	1	77434629	 0.02898 	 0.03750 	 -0.06090 	 -0.00090
rs9873887      	1	77435623	 0.02816 	 0.03265 	 -0.06192 	 -0.00098
rs4684003      	1	77436988	 0.00744 	 0.01266 	 -0.04199 	 -0.00027
rs4684004      	1	77437181	 0.00771 	 0.01196 	 -0.04514 	 -0.00024
rs4684005      	1	77437803	 0.03852 	 0.04382 	 0.05071 	 0.00100
rs6790512      	1	77438201	 0.02135 	 0.03328 	 -0.05780 	 -0.00092
rs4684006      	1	77438244	 0.00364 	 0.00831 	 -0.00089 	 0.00012
rs150725378    	1	77438258	 0.00623 	 0.01158 	 -0.01034 	 -0.00007
rs4683976      	1	77438912	 0.43728 	 0.45227 	 -0.07321 	 -0.01603
rs4684007      	1	77439175	 0.00816 	 0.01108 	 -0.05503 	 -0.00019
rs4684008      	1	77439244	 0.00845 	 0.01448 	 -0.05507 	 -0.00033
rs12496304     	1	77442674	 0.04617 	 0.04868 	 0.05389 	 0.00117
rs9836683      	1	77443240	 0.01166 	 0.01684 	 -0.06462 	 -0.00043
rs9836971      	1	77443281	 0.35158 	 0.36478 	 0.08549 	 0.01532
rs9878586      	1	77443606	 0.02709 	 0.02964 	 0.05494 	 0.00073
rs9841620      	1	77443732	 0.02650 	 0.03128 	 0.05617 	 0.00076
rs55840298     	1	77449604	 0.00160 	 0.00352 	 -0.00397 	 -0.00000
rs4131211      	1	77450900	 0.00160 	 0.00358 	 -0.00092 	 -0.00000
rs7625482      	1	77451250	 0.00174 	 0.00357 	 -0.00246 	 -0.00000
rs4485699      	1	77452364	 0.00251 	 0.00462 	 -0.01407 	 -0.00003
rs62249802     	1	77474755	 0.00780 	 0.01429 	 0.04712 	 0.00032
rs11127593     	1	77474818	 0.00166 	 0.00354 	 -0.00269 	 0.00000
rs11127595     	1	77475131	 0.00272 	 0.00523 	 -0.02206 	 -0.00005
rs13087121     	1	77477567	 0.00233 	 0.00462 	 -0.01484 	 -0.00003
rs34817450     	1	77518476	 0.00324 	 0.00675 	 0.02328 	 0.00007
rs73842883     	1	77519447	 0.00227 	 0.00388 	 0.01154 	 0.00002
rs935531       	1	77520232	 0.00288 	 0.00568 	 0.01773 	 0.00005
rs73842885     	1	77521003	 0.00189 	 0.00391 	 0.01110 	 0.00002
rs73842886     	1	77521357	 0.00163 	 0.00389 	 0.01156 	 0.00002
