rs 	 chr 	 pos 	 postc 	 postrb 	 beta 	 betarb
rs10499674     	1	48303297	 0.00025 	 0.00236 	 0.00942 	 0.00001
rs60243824     	1	48303640	 0.00030 	 0.00286 	 0.01922 	 0.00002
rs62449190     	1	48305086	 0.00029 	 0.00229 	 0.00189 	 0.00001
rs56713035     	1	48305766	 0.00025 	 0.00237 	 0.01067 	 0.00001
rs59778503     	1	48306221	 0.00024 	 0.00533 	 0.00661 	 -0.00042
rs59539486     	1	48308046	 0.00029 	 0.00275 	 0.01873 	 0.00002
rs62449192     	1	48309107	 0.00028 	 0.00272 	 0.01559 	 0.00002
rs1405126      	1	48310167	 0.00022 	 0.00243 	 0.03140 	 0.00001
rs17712293     	1	48311563	 0.00026 	 0.00205 	 0.00241 	 0.00000
rs78575608     	1	48312084	 0.00094 	 0.01165 	 0.04420 	 0.00027
rs6583483      	1	48313949	 0.00026 	 0.00540 	 0.01571 	 0.00039
rs6955212      	1	48314279	 0.00016 	 0.00206 	 0.00474 	 0.00000
rs59328053     	1	48321717	 0.00036 	 0.00217 	 0.00917 	 0.00001
rs6949307      	1	48329838	 0.00017 	 0.00205 	 0.00117 	 0.00000
rs6945480      	1	48329880	 0.00027 	 0.00245 	 0.02989 	 0.00001
rs56141508     	1	48331183	 0.00030 	 0.00242 	 0.01906 	 0.00001
rs56033844     	1	48332218	 0.00025 	 0.00233 	 -0.01740 	 0.00001
rs55991773     	1	48343640	 0.00021 	 0.00235 	 0.00174 	 -0.00000
rs6979737      	1	48351684	 0.00015 	 0.00226 	 0.00213 	 -0.00001
rs11768357     	1	48354480	 0.00024 	 0.00227 	 -0.00864 	 -0.00001
rs6949736      	1	48360337	 0.00019 	 0.00225 	 -0.00402 	 -0.00001
rs17712671     	1	48362985	 0.00031 	 0.00310 	 0.01806 	 0.00002
rs6974064      	1	48380678	 0.00045 	 0.00224 	 0.11230 	 0.00000
rs4145715      	1	48391478	 0.00027 	 0.00220 	 -0.00933 	 -0.00000
rs4145714      	1	48391642	 0.00022 	 0.00220 	 0.00151 	 -0.00000
rs4342545      	1	48395032	 0.00023 	 0.00219 	 -0.00976 	 -0.00000
rs11972317     	1	48395952	 0.00023 	 0.00219 	 -0.00112 	 -0.00000
rs74546969     	1	48397247	 0.00026 	 0.00319 	 -0.02377 	 -0.00003
rs115743493    	1	48397866	 0.00038 	 0.00320 	 -0.02165 	 -0.00003
rs6958878      	1	48399662	 0.00026 	 0.00218 	 -0.00559 	 -0.00000
rs73099309     	1	48402165	 0.00041 	 0.00268 	 -0.11538 	 -0.00002
rs11973519     	1	48403608	 0.00031 	 0.00217 	 -0.00568 	 -0.00000
rs67631839     	1	48404070	 0.00025 	 0.00219 	 -0.00109 	 -0.00000
rs66509041     	1	48405917	 0.00038 	 0.00218 	 -0.00321 	 -0.00000
rs1526093      	1	48407217	 0.00031 	 0.00217 	 0.01212 	 -0.00000
rs1830106      	1	48409309	 0.00030 	 0.00217 	 -0.00050 	 -0.00000
rs113839444    	1	48409781	 0.00026 	 0.00217 	 0.01283 	 -0.00000
rs6583405      	1	48412335	 0.00018 	 0.00217 	 -0.00105 	 -0.00000
rs1368653      	1	48414939	 0.00018 	 0.00217 	 0.02340 	 -0.00000
rs2117090      	1	48415368	 0.00022 	 0.00223 	 0.01566 	 -0.00000
rs2117091      	1	48415431	 0.00021 	 0.00217 	 0.00215 	 -0.00000
rs7795985      	1	48415821	 0.00029 	 0.00217 	 0.02082 	 -0.00000
rs73099324     	1	48416636	 0.00024 	 0.00349 	 -0.01408 	 -0.00003
rs1880739      	1	48417856	 0.00035 	 0.00217 	 0.00933 	 -0.00000
rs17172282     	1	48418101	 0.00031 	 0.00218 	 -0.02427 	 -0.00000
rs17132278     	1	48418190	 0.00021 	 0.00217 	 0.01597 	 -0.00000
rs6966454      	1	48418944	 0.00022 	 0.00214 	 0.01075 	 -0.00000
rs67033930     	1	48424839	 0.00023 	 0.00220 	 0.00254 	 -0.00000
rs7803797      	1	48426930	 0.00026 	 0.00214 	 0.01727 	 -0.00000
rs17132286     	1	48428181	 0.00018 	 0.00214 	 -0.01465 	 -0.00000
rs17132295     	1	48429111	 0.00026 	 0.00214 	 -0.00017 	 -0.00000
rs717707       	1	48429429	 0.00026 	 0.00227 	 0.00789 	 0.00001
rs6946995      	1	48432072	 0.00027 	 0.00214 	 0.01373 	 -0.00000
rs6955132      	1	48432322	 0.00014 	 0.00214 	 0.00316 	 -0.00000
rs28647224     	1	48437886	 0.00022 	 0.00285 	 0.01493 	 0.00002
rs7459379      	1	48446354	 0.00026 	 0.00287 	 0.01282 	 0.00001
rs187063696    	1	48446365	 0.00036 	 0.00288 	 0.01044 	 0.00001
rs11762321     	1	48448674	 0.00290 	 0.02134 	 -0.05241 	 -0.00053
rs11760658     	1	48449620	 0.00302 	 0.02051 	 -0.05400 	 -0.00051
rs17662118     	1	48455084	 0.00023 	 0.00260 	 0.05832 	 -0.00000
rs55661481     	1	48455164	 0.00030 	 0.00260 	 -0.01057 	 -0.00000
rs56233541     	1	48455180	 0.00025 	 0.00260 	 0.00428 	 -0.00000
rs56372930     	1	48455233	 0.00031 	 0.00256 	 -0.00255 	 -0.00000
rs55655908     	1	48455511	 0.00027 	 0.00262 	 0.00828 	 -0.00001
rs6966723      	1	48456004	 0.00023 	 0.00255 	 0.00732 	 -0.00000
rs1368654      	1	48456339	 0.00026 	 0.00260 	 0.01066 	 -0.00001
rs7778327      	1	48456727	 0.00024 	 0.00268 	 0.00918 	 0.00001
rs17662136     	1	48456745	 0.00025 	 0.00272 	 0.01198 	 -0.00001
rs4917132      	1	48457612	 0.00023 	 0.00237 	 -0.00921 	 0.00001
rs4917134      	1	48457679	 0.00025 	 0.00306 	 -0.00620 	 0.00002
rs4917136      	1	48457808	 0.00065 	 0.00331 	 -0.01852 	 0.00000
rs6954922      	1	48459886	 0.00092 	 0.00372 	 0.02602 	 0.00003
rs2362301      	1	48460636	 0.00024 	 0.00306 	 -0.00890 	 0.00002
rs13225221     	1	48465530	 0.00062 	 0.00397 	 -0.02589 	 -0.00004
rs5028268      	1	48466819	 0.00044 	 0.00290 	 -0.01705 	 -0.00002
rs62447283     	1	48470930	 0.00095 	 0.00288 	 0.02936 	 0.00001
rs56347916     	1	48471416	 0.00064 	 0.00278 	 0.01522 	 0.00001
rs7801736      	1	48472383	 0.00019 	 0.00227 	 0.00334 	 0.00000
rs6583443      	1	48473711	 0.00027 	 0.00424 	 -0.02380 	 -0.00005
rs2163939      	1	48473989	 0.00033 	 0.00244 	 -0.01282 	 -0.00001
rs7804872      	1	48478152	 0.00026 	 0.00233 	 0.00124 	 0.00000
rs79000745     	1	48478967	 0.00042 	 0.00255 	 -0.01145 	 -0.00001
rs6955407      	1	48479361	 0.00080 	 0.00282 	 0.02106 	 0.00001
rs12667952     	1	48480118	 0.00041 	 0.00285 	 -0.01805 	 -0.00001
rs1433505      	1	48482244	 0.00049 	 0.00258 	 0.01876 	 0.00001
rs11185606     	1	48487986	 0.00060 	 0.00284 	 0.02118 	 0.00001
rs1368650      	1	48488806	 0.00090 	 0.02257 	 0.02787 	 0.00061
rs6969037      	1	48494183	 0.00026 	 0.00316 	 -0.00028 	 0.00003
rs10266456     	1	48495150	 0.00059 	 0.00265 	 0.01925 	 0.00001
rs1975193      	1	48498051	 0.00020 	 0.00300 	 0.00566 	 0.00002
rs1368656      	1	48502738	 0.00059 	 0.00284 	 -0.02766 	 -0.00001
rs10236459     	1	48503292	 0.00060 	 0.00269 	 0.02097 	 0.00001
rs10249768     	1	48512859	 0.00047 	 0.00282 	 -0.01972 	 -0.00001
rs4917156      	1	48513904	 0.00052 	 0.00260 	 0.01723 	 0.00001
rs10262460     	1	48519175	 0.00054 	 0.00258 	 0.01710 	 0.00001
rs6583445      	1	48522235	 0.00026 	 0.00475 	 -0.01729 	 -0.00006
rs2362311      	1	48527561	 0.00021 	 0.00388 	 0.00859 	 0.00005
rs1918612      	1	48537588	 0.00045 	 0.00276 	 -0.01825 	 -0.00000
rs1997238      	1	48538770	 0.00022 	 0.00230 	 -0.00524 	 -0.00000
rs73694656     	1	48546827	 0.00037 	 0.00394 	 -0.03075 	 -0.00004
rs1881078      	1	48551509	 0.00023 	 0.00324 	 -0.00377 	 0.00002
rs11763395     	1	48553352	 0.00027 	 0.00294 	 -0.00835 	 -0.00002
rs5025818      	1	48554584	 0.00026 	 0.00232 	 -0.00187 	 -0.00000
rs73694659     	1	48556814	 0.00031 	 0.00385 	 -0.01593 	 -0.00003
rs17132434     	1	48559026	 0.00029 	 0.00371 	 -0.02147 	 -0.00003
rs73694660     	1	48560434	 0.00031 	 0.00363 	 -0.01051 	 -0.00002
rs4917161      	1	48561095	 0.00035 	 0.00239 	 0.00428 	 -0.00000
rs59965341     	1	48561524	 0.00030 	 0.00361 	 0.01091 	 -0.00002
rs73694665     	1	48563399	 0.00027 	 0.00368 	 -0.01311 	 -0.00003
rs10276361     	1	48564639	 0.00034 	 0.00279 	 -0.01972 	 -0.00001
rs10258981     	1	48568425	 0.00048 	 0.00253 	 -0.00691 	 -0.00000
rs7809744      	1	48569434	 0.00057 	 0.00256 	 0.01993 	 0.00001
rs41523451     	1	48578492	 0.00026 	 0.00376 	 -0.01521 	 -0.00003
rs9656608      	1	48579121	 0.00053 	 0.00285 	 -0.02413 	 -0.00000
rs1918599      	1	48586281	 0.00098 	 0.00311 	 0.03096 	 0.00002
rs4464912      	1	48588410	 0.00245 	 0.00661 	 -0.03076 	 -0.00001
rs146261180    	1	48588894	 0.00030 	 0.00279 	 -0.00864 	 0.00001
rs61520194     	1	48590202	 0.00020 	 0.00347 	 -0.00812 	 -0.00004
rs1405919      	1	48590637	 0.00211 	 0.00854 	 -0.02550 	 -0.00004
rs4551288      	1	48592306	 0.00232 	 0.00652 	 -0.03064 	 -0.00001
rs10260178     	1	48593580	 0.00258 	 0.00674 	 -0.02782 	 -0.00002
rs4917162      	1	48598496	 0.00059 	 0.00270 	 0.02730 	 0.00001
rs4917163      	1	48604979	 0.00270 	 0.00829 	 -0.03290 	 -0.00010
rs12533507     	1	48608410	 0.00287 	 0.00681 	 -0.02810 	 -0.00002
rs6974375      	1	48623327	 0.00065 	 0.00267 	 0.02097 	 0.00001
rs7789689      	1	48626454	 0.00088 	 0.00515 	 -0.02023 	 0.00002
rs7799912      	1	48626480	 0.00039 	 0.00271 	 0.01528 	 -0.00000
rs7789709      	1	48626500	 0.00091 	 0.00519 	 -0.01926 	 0.00002
rs7778411      	1	48626645	 0.00087 	 0.00465 	 -0.02170 	 0.00001
rs1527837      	1	48627470	 0.00233 	 0.00603 	 -0.03019 	 -0.00002
rs10276788     	1	48628221	 0.00191 	 0.00498 	 -0.06885 	 -0.00001
rs73324228     	1	48630225	 0.00026 	 0.00376 	 -0.01049 	 -0.00003
rs73324231     	1	48633486	 0.00028 	 0.00379 	 -0.01425 	 -0.00003
rs6954644      	1	48634109	 0.00154 	 0.00687 	 0.02859 	 -0.00002
rs75933127     	1	48634113	 0.00023 	 0.00253 	 -0.00288 	 -0.00001
rs67223363     	1	48636317	 0.00039 	 0.00246 	 0.01275 	 0.00001
rs67021109     	1	48636507	 0.00032 	 0.00248 	 0.01673 	 0.00001
rs12536486     	1	48638428	 0.00028 	 0.00268 	 0.01164 	 -0.00001
rs79271716     	1	48640449	 0.00031 	 0.00391 	 -0.00493 	 -0.00003
rs55651521     	1	48642418	 0.00036 	 0.00386 	 -0.01498 	 -0.00003
rs7803560      	1	48643310	 0.00026 	 0.00271 	 0.00813 	 -0.00001
rs146448323    	1	48644268	 0.00084 	 0.00806 	 -0.02111 	 -0.00008
rs34598210     	1	48646412	 0.00038 	 0.00365 	 -0.02218 	 -0.00004
rs141831934    	1	48647729	 0.00028 	 0.00976 	 -0.01116 	 -0.00023
rs73694693     	1	48648797	 0.00031 	 0.00380 	 -0.01995 	 -0.00003
rs73694694     	1	48649058	 0.00034 	 0.00384 	 0.00583 	 -0.00003
rs17132508     	1	48649323	 0.00039 	 0.00386 	 -0.03007 	 -0.00003
rs73694695     	1	48649367	 0.00050 	 0.00383 	 -0.02388 	 -0.00003
rs7801591      	1	48649988	 0.00035 	 0.00381 	 -0.02539 	 -0.00003
rs7811654      	1	48649996	 0.00069 	 0.00360 	 -0.01954 	 0.00000
rs7790288      	1	48650130	 0.00029 	 0.00626 	 -0.00727 	 0.00006
rs7812121      	1	48650244	 0.00021 	 0.00384 	 -0.01951 	 -0.00003
rs76000348     	1	48650481	 0.00024 	 0.00384 	 -0.00453 	 -0.00003
rs62447353     	1	48651233	 0.00054 	 0.00379 	 -0.02754 	 -0.00004
rs4917024      	1	48652085	 0.00048 	 0.00440 	 -0.01780 	 0.00002
rs9649742      	1	48653327	 0.00073 	 0.00356 	 -0.01691 	 0.00001
rs7809663      	1	48653581	 0.00052 	 0.00370 	 -0.01793 	 0.00001
rs10046546     	1	48654769	 0.00027 	 0.00265 	 0.00655 	 -0.00001
rs75216059     	1	48656286	 0.00024 	 0.00386 	 -0.02735 	 -0.00003
rs4917165      	1	48657541	 0.00032 	 0.00270 	 0.01874 	 -0.00001
rs10268266     	1	48661681	 0.00056 	 0.00424 	 -0.01781 	 0.00002
rs10272766     	1	48662289	 0.00023 	 0.00296 	 0.00229 	 -0.00001
rs1534394      	1	48663458	 0.00025 	 0.00276 	 0.00818 	 -0.00001
rs3915483      	1	48663637	 0.00072 	 0.00354 	 -0.02117 	 0.00001
rs75231568     	1	48664545	 0.00027 	 0.00384 	 -0.01434 	 -0.00003
rs4506157      	1	48665764	 0.00033 	 0.00281 	 -0.00748 	 -0.00001
rs62447354     	1	48666474	 0.00034 	 0.00282 	 0.00541 	 -0.00001
rs1358409      	1	48667384	 0.00053 	 0.00420 	 -0.01585 	 0.00002
rs62447355     	1	48670399	 0.00028 	 0.00279 	 -0.00542 	 -0.00001
rs28855442     	1	48670761	 0.00043 	 0.00331 	 0.01854 	 0.00003
rs1527842      	1	48673941	 0.00051 	 0.00357 	 -0.01887 	 0.00001
rs9642322      	1	48673942	 0.00032 	 0.00275 	 0.00719 	 -0.00001
rs12532743     	1	48675115	 0.00025 	 0.00287 	 -0.00499 	 -0.00001
rs12718290     	1	48676230	 0.00040 	 0.00418 	 -0.03258 	 -0.00005
rs1918583      	1	48678081	 0.00050 	 0.00370 	 -0.00844 	 0.00001
rs4606009      	1	48682093	 0.00028 	 0.00446 	 -0.02108 	 -0.00003
rs62447357     	1	48683399	 0.00034 	 0.00279 	 -0.00096 	 -0.00001
rs10265163     	1	48685688	 0.00026 	 0.00384 	 -0.01546 	 -0.00003
rs3923511      	1	48686032	 0.00066 	 0.00361 	 0.02281 	 0.00003
rs12718292     	1	48686531	 0.00038 	 0.00389 	 -0.03099 	 -0.00005
rs6955686      	1	48686600	 0.00040 	 0.00349 	 -0.01305 	 0.00001
rs11977294     	1	48687716	 0.00045 	 0.00343 	 -0.01355 	 0.00001
rs60354797     	1	48689178	 0.00028 	 0.00266 	 0.01420 	 -0.00001
rs55652646     	1	48689977	 0.00059 	 0.00401 	 -0.01619 	 0.00002
rs62447359     	1	48690088	 0.00026 	 0.00283 	 -0.01060 	 -0.00002
rs35483521     	1	48690683	 0.00038 	 0.00408 	 -0.03528 	 -0.00005
