rs 	 chr 	 pos 	 postc 	 postrb 	 beta 	 betarb
rs12116726     	1	217773463	 0.00149 	 0.00189 	 -0.00402 	 -0.00001
rs7553153      	1	217774629	 0.00197 	 0.00273 	 0.01241 	 0.00002
rs4384293      	1	217775002	 0.00165 	 0.00277 	 0.00798 	 0.00002
rs6704368      	1	217775681	 0.00167 	 0.00232 	 0.01376 	 0.00002
rs10047124     	1	217776190	 0.00265 	 0.00533 	 -0.03413 	 -0.00020
rs17723132     	1	217776566	 0.00172 	 0.00220 	 0.00736 	 0.00001
rs17666678     	1	217777890	 0.00161 	 0.00192 	 -0.00721 	 -0.00001
rs113366722    	1	217778196	 0.00218 	 0.00363 	 -0.02200 	 -0.00004
rs12728431     	1	217780090	 0.00178 	 0.00282 	 0.01135 	 0.00002
rs11117896     	1	217780472	 0.00195 	 0.00265 	 0.00806 	 0.00002
rs12184249     	1	217780856	 0.00210 	 0.00317 	 -0.01826 	 -0.00003
rs4147127      	1	217782273	 0.00213 	 0.00268 	 0.01831 	 0.00002
rs12749938     	1	217783810	 0.00154 	 0.00220 	 0.01050 	 0.00001
rs11117897     	1	217785891	 0.00206 	 0.00268 	 0.01096 	 0.00002
rs6666508      	1	217787816	 0.00158 	 0.00210 	 0.00418 	 0.00001
rs3818718      	1	217787863	 0.00193 	 0.00316 	 0.01531 	 0.00003
rs17046650     	1	217788061	 0.00191 	 0.00255 	 -0.00672 	 0.00002
rs954868       	1	217789651	 0.00177 	 0.00269 	 0.02166 	 0.00002
rs77352572     	1	217791722	 0.00232 	 0.00284 	 -0.01815 	 -0.00003
rs34943766     	1	217792149	 0.00140 	 0.00209 	 0.00585 	 0.00001
rs61828865     	1	217792158	 0.00175 	 0.00184 	 0.00233 	 -0.00000
rs3790731      	1	217795891	 0.00137 	 0.00210 	 -0.00003 	 0.00001
rs12124165     	1	217796299	 0.00204 	 0.00276 	 -0.01071 	 -0.00002
rs10863331     	1	217797833	 0.00208 	 0.00362 	 -0.01160 	 -0.00000
rs3790732      	1	217798430	 0.00138 	 0.00184 	 0.01089 	 -0.00000
rs3790733      	1	217799708	 0.00186 	 0.00391 	 -0.00984 	 0.00011
rs1889027      	1	217800160	 0.00222 	 0.00270 	 -0.04544 	 0.00002
rs3790735      	1	217801350	 0.00196 	 0.00297 	 0.02848 	 0.00003
rs944730       	1	217804325	 0.00237 	 0.00308 	 0.01955 	 0.00003
rs34121469     	1	217804635	 0.00179 	 0.00212 	 0.00636 	 0.00001
rs10495062     	1	217804955	 0.00155 	 0.00237 	 0.01822 	 0.00001
rs11589536     	1	217805262	 0.00153 	 0.00207 	 0.00206 	 0.00001
rs35492502     	1	217806224	 0.00122 	 0.00215 	 0.00156 	 0.00001
rs7523692      	1	217809202	 0.00203 	 0.00300 	 0.02318 	 0.00003
rs11586228     	1	217809449	 0.00152 	 0.00195 	 0.00811 	 0.00000
rs10863332     	1	217810310	 0.00227 	 0.00295 	 0.04578 	 0.00003
rs12137341     	1	217810944	 0.00176 	 0.00185 	 0.01277 	 -0.00000
rs4634971      	1	217814730	 0.00194 	 0.00263 	 -0.00429 	 -0.00002
rs12118125     	1	217815416	 0.00148 	 0.00185 	 0.01346 	 -0.00000
rs12139121     	1	217817940	 0.00173 	 0.00188 	 -0.00020 	 -0.00000
rs12121184     	1	217818371	 0.00154 	 0.00190 	 0.00389 	 -0.00000
rs12143528     	1	217818464	 0.00144 	 0.00192 	 0.00587 	 -0.00000
rs61828894     	1	217818831	 0.00193 	 0.00275 	 0.01198 	 0.00003
rs7538841      	1	217819380	 0.00251 	 0.00299 	 -0.01682 	 -0.00003
rs7527314      	1	217819557	 0.00239 	 0.00299 	 -0.01506 	 -0.00003
rs12137321     	1	217819857	 0.00205 	 0.00194 	 0.00877 	 -0.00000
rs11117903     	1	217820233	 0.00201 	 0.00277 	 0.00539 	 0.00002
rs1930302      	1	217820695	 0.00163 	 0.00191 	 0.00439 	 -0.00000
rs12139238     	1	217821324	 0.00254 	 0.00394 	 -0.01702 	 -0.00006
rs6703647      	1	217821780	 0.00234 	 0.00346 	 0.02009 	 0.00004
rs12140261     	1	217822135	 0.00169 	 0.00194 	 0.00439 	 -0.00000
rs6689897      	1	217825070	 0.00219 	 0.00318 	 0.01205 	 0.00003
rs4601641      	1	217827308	 0.00162 	 0.00208 	 0.00266 	 0.00001
rs12142169     	1	217829387	 0.00238 	 0.00410 	 0.01317 	 -0.00014
rs10495063     	1	217830153	 0.00360 	 0.00356 	 0.03084 	 0.00002
rs10863333     	1	217830178	 0.00414 	 0.00729 	 0.02993 	 0.00008
rs10495064     	1	217830189	 0.00392 	 0.00489 	 0.05437 	 0.00015
rs61827782     	1	217831235	 0.00412 	 0.00396 	 0.03932 	 0.00007
rs12144297     	1	217831563	 0.00400 	 0.00234 	 0.04836 	 0.00001
rs7548501      	1	217832013	 0.00391 	 0.00405 	 0.04027 	 0.00007
rs10495065     	1	217833200	 0.00420 	 0.00253 	 0.03872 	 -0.00001
rs12739703     	1	217834944	 0.03213 	 0.03153 	 0.07068 	 0.00111
rs7555651      	1	217834990	 0.00331 	 0.00461 	 0.02231 	 -0.00003
rs7555851      	1	217835210	 0.35291 	 0.35283 	 -0.07653 	 -0.01338
rs7555956      	1	217835347	 0.03322 	 0.03097 	 0.07122 	 0.00103
rs17724545     	1	217836099	 0.00178 	 0.00305 	 0.00918 	 0.00004
rs61827783     	1	217836660	 0.00353 	 0.00266 	 0.03616 	 0.00002
rs17046741     	1	217837280	 0.00345 	 0.00331 	 0.04403 	 0.00005
rs10495066     	1	217837425	 0.00385 	 0.00259 	 0.02743 	 -0.00001
rs10863334     	1	217837857	 0.06153 	 0.05666 	 -0.06593 	 -0.00186
rs10495067     	1	217838701	 0.00176 	 0.00284 	 0.01356 	 0.00003
rs77006457     	1	217839201	 0.00351 	 0.00393 	 0.03606 	 0.00006
rs12732643     	1	217840456	 0.00169 	 0.00221 	 0.01039 	 0.00001
rs12407277     	1	217841441	 0.00328 	 0.00347 	 0.03305 	 0.00008
rs6692477      	1	217842129	 0.00379 	 0.00421 	 0.01499 	 -0.00000
rs10863335     	1	217842887	 0.00154 	 0.00203 	 -0.00257 	 0.00000
rs76157908     	1	217845053	 0.00152 	 0.00214 	 -0.00882 	 -0.00001
rs1930299      	1	217845690	 0.00288 	 0.00685 	 0.01626 	 0.00018
rs1930300      	1	217847190	 0.00381 	 0.00379 	 0.00280 	 0.00001
rs12121174     	1	217848253	 0.00285 	 0.00215 	 0.02935 	 -0.00000
rs17046757     	1	217849912	 0.00318 	 0.00309 	 0.03808 	 0.00004
rs10779301     	1	217852276	 0.00369 	 0.00384 	 0.01269 	 0.00001
rs4240916      	1	217852409	 0.00151 	 0.00203 	 -0.00705 	 -0.00000
rs6663495      	1	217853143	 0.00322 	 0.00386 	 0.00312 	 0.00001
rs12141354     	1	217853401	 0.00285 	 0.00297 	 0.01876 	 -0.00003
rs12068167     	1	217856626	 0.00403 	 0.00408 	 0.03103 	 0.00006
rs12073566     	1	217856803	 0.00363 	 0.00385 	 0.00774 	 0.00002
rs144145988    	1	217856973	 0.00250 	 0.00215 	 0.02372 	 -0.00000
rs6680439      	1	217857583	 0.00320 	 0.00283 	 0.01011 	 -0.00002
rs12072262     	1	217859095	 0.00386 	 0.00648 	 0.01158 	 0.00006
rs7537954      	1	217859308	 0.00242 	 0.00242 	 0.02118 	 0.00001
rs7526655      	1	217859723	 0.00326 	 0.00316 	 0.03497 	 -0.00023
rs7540722      	1	217859727	 0.00354 	 0.00216 	 0.03542 	 0.00000
rs6693337      	1	217860946	 0.00350 	 0.00382 	 0.00978 	 0.00002
rs35483859     	1	217861393	 0.00235 	 0.00368 	 0.01908 	 0.00005
rs11117906     	1	217861910	 0.00290 	 0.00524 	 0.02878 	 0.00034
rs7531126      	1	217862844	 0.00326 	 0.00402 	 0.02853 	 0.00006
rs7536252      	1	217863327	 0.00340 	 0.00614 	 0.03416 	 0.00002
rs7544131      	1	217863383	 0.00317 	 0.00389 	 0.00479 	 -0.00007
rs141377903    	1	217869432	 0.00138 	 0.00205 	 -0.00890 	 -0.00001
rs11117910     	1	217870038	 0.00305 	 0.00395 	 0.03381 	 0.00005
rs12075053     	1	217871881	 0.00359 	 0.00385 	 0.00506 	 0.00003
rs59877482     	1	217872250	 0.00339 	 0.00448 	 0.00875 	 0.00003
rs77674072     	1	217872473	 0.00276 	 0.00507 	 0.00929 	 0.00002
rs7548364      	1	217872778	 0.00335 	 0.00436 	 0.02765 	 -0.00003
rs61827797     	1	217874439	 0.00396 	 0.00414 	 -0.00098 	 -0.00007
rs61827798     	1	217874461	 0.00307 	 0.00423 	 0.02044 	 0.00005
rs61827799     	1	217874508	 0.00348 	 0.00259 	 0.02794 	 0.00001
rs80302342     	1	217874628	 0.00322 	 0.00217 	 0.02369 	 -0.00000
rs61827800     	1	217875713	 0.00270 	 0.00217 	 0.01019 	 -0.00000
rs12073158     	1	217875725	 0.00348 	 0.00299 	 0.00366 	 -0.00002
rs11117912     	1	217876152	 0.00283 	 0.00322 	 0.01773 	 0.00004
rs7553268      	1	217878604	 0.00377 	 0.00546 	 0.02263 	 0.00001
rs111711875    	1	217878814	 0.00344 	 0.00215 	 0.04079 	 0.00000
rs6671096      	1	217879983	 0.23973 	 0.24053 	 -0.07565 	 -0.00907
rs12117245     	1	217879993	 0.00315 	 0.00215 	 0.03560 	 0.00000
rs6604554      	1	217882492	 0.00385 	 0.00378 	 0.01119 	 0.00001
rs6604555      	1	217882532	 0.00372 	 0.00236 	 0.03891 	 0.00001
rs12120366     	1	217883071	 0.00316 	 0.00306 	 0.02709 	 0.00003
rs10779302     	1	217883398	 0.00393 	 0.00266 	 0.04260 	 0.00002
rs11117915     	1	217883470	 0.00293 	 0.00215 	 0.02618 	 -0.00000
rs4307613      	1	217883803	 0.00341 	 0.00411 	 0.02279 	 0.00003
rs12136507     	1	217885257	 0.00362 	 0.00414 	 0.03838 	 0.00014
rs12136555     	1	217885401	 0.00389 	 0.00398 	 0.04590 	 0.00006
rs12729933     	1	217885475	 0.21461 	 0.22064 	 -0.07522 	 -0.00828
rs61825761     	1	217887502	 0.00479 	 0.00363 	 0.02695 	 0.00003
rs73095332     	1	217887663	 0.00451 	 0.00353 	 0.03273 	 0.00002
rs6667987      	1	217888017	 0.00361 	 0.00216 	 0.02632 	 0.00000
rs6691599      	1	217888127	 0.00392 	 0.00332 	 0.03788 	 0.00004
rs12143196     	1	217888351	 0.00351 	 0.00465 	 0.02724 	 0.00011
rs17725494     	1	217889346	 0.02747 	 0.02496 	 0.07097 	 0.00085
rs6684736      	1	217889800	 0.00350 	 0.00459 	 0.02883 	 -0.00003
rs10495071     	1	217891778	 0.00337 	 0.00856 	 0.03482 	 0.00025
rs12118689     	1	217893170	 0.00460 	 0.00533 	 0.03206 	 0.00001
rs10495073     	1	217893303	 0.00421 	 0.00527 	 0.03520 	 0.00008
rs5017213      	1	217893504	 0.00187 	 0.00219 	 0.01349 	 0.00001
rs12090355     	1	217894229	 0.00403 	 0.00362 	 0.03971 	 0.00004
rs12090400     	1	217894356	 0.00363 	 0.00351 	 0.03925 	 0.00001
rs12090616     	1	217894802	 0.00377 	 0.00587 	 0.04165 	 0.00023
rs61825779     	1	217894871	 0.00262 	 0.00223 	 0.02232 	 0.00000
rs12145169     	1	217895851	 0.00329 	 0.00279 	 0.02250 	 0.00002
rs61825780     	1	217896497	 0.00485 	 0.00534 	 0.04561 	 0.00009
rs17674751     	1	217898239	 0.02208 	 0.03304 	 0.07338 	 0.00119
rs11117916     	1	217899500	 0.00337 	 0.00263 	 0.03917 	 0.00002
rs11591067     	1	217899748	 0.00456 	 0.00507 	 0.04241 	 0.00012
rs76489813     	1	217900028	 0.00392 	 0.00414 	 0.04530 	 0.00001
rs11578199     	1	217900627	 0.00164 	 0.00244 	 0.01823 	 0.00002
rs10863339     	1	217900871	 0.00468 	 0.00501 	 0.04744 	 0.00007
rs34684572     	1	217901154	 0.02305 	 0.02367 	 0.07002 	 0.00093
rs61825781     	1	217901945	 0.00314 	 0.00258 	 0.04052 	 0.00001
rs61825782     	1	217902323	 0.00423 	 0.00334 	 0.03820 	 0.00001
rs61825783     	1	217902328	 0.00304 	 0.00232 	 0.03760 	 0.00001
rs6695347      	1	217902584	 0.00552 	 0.00249 	 0.05718 	 -0.00001
rs6703863      	1	217902622	 0.00573 	 0.00673 	 0.05683 	 0.00015
rs12145166     	1	217902800	 0.00449 	 0.00519 	 0.03251 	 0.00008
rs12145537     	1	217904726	 0.00292 	 0.00399 	 0.02286 	 0.00012
rs12120200     	1	217905409	 0.00439 	 0.00355 	 0.03560 	 0.00002
rs11578064     	1	217905749	 0.01362 	 0.01673 	 0.05043 	 0.00022
rs6703319      	1	217905819	 0.00388 	 0.00252 	 0.03441 	 -0.00001
rs61825784     	1	217907256	 0.00181 	 0.00243 	 0.01549 	 0.00001
rs12410847     	1	217907716	 0.00248 	 0.00226 	 0.01734 	 -0.00001
rs6604556      	1	217914858	 0.00125 	 0.00157 	 0.00249 	 0.00000
rs34347452     	1	217915324	 0.00140 	 0.00187 	 0.00089 	 -0.00001
rs11117921     	1	217919282	 0.00197 	 0.00273 	 0.01519 	 0.00002
rs11586629     	1	217919925	 0.00210 	 0.00294 	 0.01671 	 0.00003
rs77580855     	1	217921364	 0.00133 	 0.00191 	 -0.00357 	 -0.00001
rs112939211    	1	217922029	 0.00135 	 0.00182 	 0.00689 	 -0.00000
rs78301926     	1	217923229	 0.00140 	 0.00180 	 0.01417 	 0.00000
rs77426774     	1	217923970	 0.00135 	 0.00179 	 0.00967 	 0.00000
rs11803369     	1	217925050	 0.00137 	 0.00170 	 -0.00052 	 0.00001
rs68189740     	1	217925767	 0.00207 	 0.00355 	 -0.01845 	 -0.00008
rs4561096      	1	217926534	 0.00159 	 0.00173 	 0.00194 	 0.00001
rs12134465     	1	217929714	 0.00141 	 0.00173 	 0.00438 	 0.00001
rs12134557     	1	217930003	 0.00157 	 0.00174 	 0.00226 	 0.00001
rs11117925     	1	217931577	 0.00132 	 0.00177 	 0.01328 	 0.00001
rs11117926     	1	217931977	 0.00137 	 0.00175 	 0.01194 	 0.00001
rs4564209      	1	217933016	 0.00143 	 0.00176 	 0.00680 	 0.00001
rs11583816     	1	217933988	 0.00238 	 0.00267 	 -0.01863 	 -0.00002
rs67428610     	1	217934731	 0.00273 	 0.00328 	 -0.02811 	 -0.00004
rs34022234     	1	217938488	 0.00135 	 0.00180 	 0.00842 	 0.00001
rs12725155     	1	217939230	 0.00221 	 0.00355 	 -0.01715 	 0.00002
rs34810362     	1	217942281	 0.00199 	 0.00246 	 -0.01703 	 -0.00002
rs79169784     	1	217943424	 0.00156 	 0.00182 	 -0.00190 	 -0.00000
rs60658812     	1	217949044	 0.00116 	 0.00164 	 -0.00763 	 -0.00001
rs4240917      	1	217949901	 0.00109 	 0.00160 	 -0.00159 	 0.00000
rs80313213     	1	217951009	 0.00136 	 0.00178 	 -0.00281 	 -0.00000
rs10863348     	1	217952876	 0.00116 	 0.00161 	 0.00608 	 0.00000
rs12141164     	1	217953739	 0.00153 	 0.00209 	 0.01143 	 0.00001
