rs 	 chr 	 pos 	 postc 	 postrb 	 beta 	 betarb
rs59953817     	1	71422408	 0.00132 	 0.00962 	 -0.02702 	 -0.00011
rs12601153     	1	71429361	 0.00110 	 0.00771 	 -0.02387 	 -0.00007
rs34588747     	1	71432407	 0.00086 	 0.05496 	 -0.02044 	 -0.00177
rs34037779     	1	71432449	 0.00072 	 0.00585 	 -0.01763 	 -0.00004
rs35400033     	1	71433756	 0.00076 	 0.04470 	 -0.01025 	 0.65248
rs35931417     	1	71434927	 0.00066 	 0.00502 	 -0.00831 	 -0.43721
rs8064956      	1	71435255	 0.00083 	 0.00511 	 -0.01674 	 0.77251
rs4789614      	1	71438310	 0.00061 	 0.00495 	 0.03225 	 -0.01205
rs28556769     	1	71439558	 0.00073 	 0.00542 	 -0.03214 	 -0.16974
rs7221985      	1	71439671	 0.00074 	 0.00469 	 -0.01967 	 -0.17907
rs4789619      	1	71441045	 0.00068 	 0.00457 	 -0.00849 	 -0.17392
rs59027749     	1	71464497	 0.00456 	 0.01928 	 0.02760 	 -0.46296
rs11654297     	1	71464531	 0.00056 	 0.00561 	 0.00260 	 0.00371
rs11654298     	1	71464537	 0.00049 	 0.00600 	 0.00207 	 -0.07385
rs8066477      	1	71465264	 0.00763 	 0.02955 	 0.03196 	 -0.56835
rs1113020      	1	71466613	 0.00761 	 0.03073 	 0.03159 	 -0.59653
rs11651551     	1	71471051	 0.00052 	 0.00546 	 0.00282 	 1.19733
rs73349717     	1	71472471	 0.00059 	 0.00694 	 -0.01899 	 0.02545
rs73349720     	1	71472757	 0.00048 	 0.00682 	 -0.01202 	 0.05020
rs73349722     	1	71473067	 0.00063 	 0.00656 	 -0.00777 	 0.02805
rs59959072     	1	71474088	 0.00053 	 0.00550 	 0.00475 	 -0.06672
rs73349725     	1	71474183	 0.00052 	 0.00530 	 0.00134 	 0.00363
rs73349729     	1	71474438	 0.00056 	 0.00513 	 0.00986 	 1.19430
rs7406913      	1	71476050	 0.00675 	 0.02176 	 0.03143 	 -0.52339
rs73349733     	1	71479049	 0.00046 	 0.00583 	 -0.00160 	 1.23778
rs8082523      	1	71499597	 0.00151 	 0.00899 	 0.02493 	 -0.40887
rs7220636      	1	71509517	 0.00099 	 0.00657 	 0.01843 	 -0.43308
rs34476406     	1	71510492	 0.00076 	 0.00578 	 -0.01274 	 -0.59929
rs17782371     	1	71512799	 0.00063 	 0.00418 	 0.02180 	 -0.18603
rs4789100      	1	71513992	 0.00072 	 0.00490 	 0.01432 	 -0.01265
rs12452724     	1	71515529	 0.00069 	 0.00425 	 -0.02111 	 -0.06588
rs12453316     	1	71516059	 0.00061 	 0.00434 	 -0.01394 	 -0.05181
rs12453319     	1	71516096	 0.00078 	 0.00440 	 -0.01693 	 -0.05181
rs1531860      	1	71517287	 0.00061 	 0.00424 	 -0.00695 	 -0.18589
rs28457076     	1	71561033	 0.00058 	 0.00384 	 0.00331 	 -0.34023
rs12600872     	1	71562348	 0.00049 	 0.00424 	 -0.00269 	 -0.26975
rs12941308     	1	71566957	 0.00057 	 0.00345 	 0.01787 	 -0.12852
rs12950240     	1	71567048	 0.00073 	 0.00359 	 0.03002 	 -0.06837
rs66725276     	1	71567357	 0.00053 	 0.00408 	 -0.00342 	 -0.21361
rs9909234      	1	71567399	 0.00060 	 0.00393 	 -0.02615 	 -0.42312
rs34198944     	1	71567467	 0.00061 	 0.00361 	 0.01875 	 -0.12149
rs9915396      	1	71567510	 0.00056 	 0.00370 	 -0.02965 	 -0.43074
rs12941045     	1	71567592	 0.00053 	 0.00355 	 -0.04278 	 -0.26505
rs56193537     	1	71567987	 0.00048 	 0.00389 	 -0.00391 	 -0.14883
rs35611930     	1	71568466	 0.00056 	 0.00407 	 0.00751 	 -0.62232
rs9909718      	1	71568609	 0.00047 	 0.00369 	 0.00198 	 -0.41887
rs9903130      	1	71568657	 0.00052 	 0.00361 	 -0.00019 	 -0.14920
rs9903949      	1	71568658	 0.00048 	 0.00393 	 0.00348 	 -0.26360
rs9909847      	1	71569237	 0.00060 	 0.00371 	 0.00305 	 -0.12313
rs9910863      	1	71569247	 0.00061 	 0.00617 	 0.00625 	 -0.11329
rs11077689     	1	71570168	 0.00057 	 0.00453 	 -0.00649 	 -0.26865
rs11077690     	1	71570185	 0.00045 	 0.00590 	 -0.00058 	 -0.09727
rs11077691     	1	71570259	 0.00061 	 0.00440 	 0.01628 	 -0.12928
rs11077692     	1	71570277	 0.00066 	 0.00397 	 -0.03390 	 -0.18403
rs11870402     	1	71570901	 0.00053 	 0.00428 	 0.00895 	 -0.19474
rs11867799     	1	71571357	 0.00074 	 0.00420 	 -0.01034 	 -0.18812
rs12103894     	1	71572099	 0.00067 	 0.00420 	 -0.00057 	 -0.39943
rs12103858     	1	71572139	 0.00059 	 0.00412 	 -0.01043 	 -0.38841
rs56373157     	1	71572546	 0.00059 	 0.00422 	 0.00118 	 -0.21393
rs2279967      	1	71588859	 0.00058 	 0.00446 	 -0.01372 	 -0.06769
rs11650869     	1	71591530	 0.00079 	 0.00650 	 -0.01405 	 -0.16125
rs9902987      	1	71592223	 0.00081 	 0.00653 	 -0.02187 	 -0.41727
rs9904344      	1	71592740	 0.00056 	 0.00474 	 -0.00891 	 -0.06746
rs11655894     	1	71592746	 0.00064 	 0.00632 	 -0.00836 	 -0.12906
rs9905301      	1	71593343	 0.00078 	 0.00676 	 -0.01441 	 -0.05469
rs28635207     	1	71596411	 0.00047 	 0.00468 	 -0.00169 	 -0.41568
rs55703741     	1	71597449	 0.00051 	 0.00455 	 -0.00898 	 -0.18521
rs8075325      	1	71599611	 0.00052 	 0.00462 	 -0.00335 	 -0.18535
rs9915026      	1	71599860	 0.00061 	 0.00495 	 -0.01213 	 0.45218
rs28531368     	1	71599928	 0.00050 	 0.00498 	 -0.00969 	 -0.36698
rs715778       	1	71603446	 0.00051 	 0.00493 	 -0.00529 	 -0.15788
rs790097       	1	71603507	 0.00044 	 0.00454 	 -0.00189 	 -0.13026
rs1702821      	1	71604456	 0.00069 	 0.00506 	 -0.01497 	 -0.36214
rs9908957      	1	71609708	 0.00071 	 0.00853 	 -0.01082 	 -0.34634
rs56820013     	1	71610143	 0.00075 	 0.00635 	 -0.02634 	 -0.35387
rs55700214     	1	71610273	 0.00063 	 0.00636 	 -0.01735 	 -0.09803
rs56151764     	1	71610343	 0.00071 	 0.00525 	 -0.00730 	 -0.06874
rs75987429     	1	71611150	 0.00080 	 0.00509 	 -0.00434 	 -0.04648
rs68188505     	1	71613363	 0.00106 	 0.00969 	 -0.01676 	 1.09253
