rs 	 chr 	 pos 	 postc 	 beta
rs4756055      	1	46122023	 0.00571 	 0.00892
rs7106689      	1	46122653	 0.00491 	 0.00033
rs11038765     	1	46123497	 0.00833 	 0.01583
rs34396514     	1	46130713	 0.00848 	 0.01635
rs72906234     	1	46130886	 0.00693 	 0.01911
rs112575725    	1	46132440	 0.00865 	 0.01699
rs7109480      	1	46135655	 0.00613 	 0.00742
rs7107550      	1	46137056	 0.00721 	 0.01044
rs950105       	1	46137422	 0.00545 	 0.00559
rs4281461      	1	46140935	 0.00498 	 0.01542
rs148683230    	1	46141422	 0.00458 	 -0.00511
rs74366855     	1	46141823	 0.00822 	 0.01625
rs7946524      	1	46144455	 0.00535 	 0.00439
rs7950474      	1	46145501	 0.00504 	 0.00163
rs4396260      	1	46145658	 0.00666 	 0.00631
rs1125082      	1	46145881	 0.00610 	 0.00557
rs10128629     	1	46146792	 0.00487 	 0.00173
rs10769187     	1	46146855	 0.00526 	 -0.00727
rs11601057     	1	46148147	 0.00534 	 0.00094
rs4756059      	1	46150619	 0.00466 	 -0.00101
rs10769190     	1	46151490	 0.00528 	 -0.01034
rs75166711     	1	46154590	 0.00466 	 -0.00972
rs12798196     	1	46155376	 0.01184 	 0.02529
rs7120013      	1	46155938	 0.00573 	 -0.02181
rs10769191     	1	46157060	 0.00492 	 -0.01031
rs1970848      	1	46157468	 0.00551 	 -0.00932
rs12800259     	1	46157546	 0.01121 	 0.02381
rs78059714     	1	46157568	 0.00698 	 -0.02136
rs11038774     	1	46157711	 0.00597 	 -0.01136
rs11038775     	1	46159606	 0.00529 	 0.01151
rs7118159      	1	46160551	 0.00528 	 0.00490
rs11038776     	1	46163108	 0.01111 	 0.02311
rs7924340      	1	46164157	 0.00557 	 -0.00588
rs11038780     	1	46165698	 0.00540 	 -0.00348
rs11038781     	1	46165850	 0.00547 	 -0.01005
rs12287430     	1	46166591	 0.00526 	 -0.00827
rs74645698     	1	46166820	 0.00563 	 -0.00809
rs11038783     	1	46167337	 0.00857 	 0.01929
rs143597074    	1	46167441	 0.00621 	 -0.01607
rs77101145     	1	46167596	 0.00617 	 -0.01761
rs11038784     	1	46169659	 0.00565 	 0.00928
rs4478968      	1	46170137	 0.01277 	 0.02533
rs11038785     	1	46170469	 0.01263 	 0.01935
rs72906278     	1	46171222	 0.01391 	 0.02747
rs3935366      	1	46171404	 0.00608 	 -0.00754
rs34642764     	1	46171609	 0.01239 	 0.02913
rs10838570     	1	46172337	 0.00637 	 -0.00207
rs12275662     	1	46174160	 0.00587 	 -0.00366
rs11038786     	1	46174176	 0.02381 	 -0.04343
rs58106605     	1	46175524	 0.02365 	 -0.03691
rs57515459     	1	46175642	 0.02399 	 -0.04179
rs11038789     	1	46175709	 0.01387 	 0.02744
rs1159581      	1	46176019	 0.01879 	 -0.03552
rs7951047      	1	46176085	 0.00702 	 0.00765
rs12361705     	1	46179484	 0.02518 	 0.03719
rs11038791     	1	46179754	 0.00762 	 0.01958
rs7128538      	1	46180693	 0.00624 	 -0.00413
rs9300054      	1	46181091	 0.00742 	 0.00344
rs10160437     	1	46181739	 0.00834 	 0.00973
rs11038792     	1	46183424	 0.01401 	 0.02797
rs2130474      	1	46185344	 0.00736 	 0.00950
rs7941450      	1	46185987	 0.00833 	 -0.02936
rs7939067      	1	46186812	 0.00861 	 0.01502
rs7105128      	1	46187617	 0.00860 	 -0.02331
rs12282151     	1	46188225	 0.00899 	 0.01664
rs140914801    	1	46188386	 0.00695 	 -0.02618
rs57997836     	1	46188702	 0.00821 	 -0.02357
rs7936425      	1	46190213	 0.00817 	 0.01128
rs10838573     	1	46190981	 0.01018 	 0.02236
rs1984777      	1	46192335	 0.00739 	 0.00796
rs11038801     	1	46194445	 0.01081 	 0.03144
rs7943379      	1	46197197	 0.01058 	 0.02359
rs11038803     	1	46197588	 0.01123 	 0.02626
rs4756060      	1	46200443	 0.01146 	 0.02340
rs2863724      	1	46200912	 0.00732 	 -0.00415
rs6485667      	1	46200918	 0.00881 	 0.01198
rs17725617     	1	46203758	 0.01023 	 0.01627
rs11038808     	1	46206877	 0.01030 	 0.04316
rs1490086      	1	46207223	 0.02887 	 0.03505
rs10769196     	1	46208471	 0.02587 	 0.03439
rs10838574     	1	46209062	 0.02469 	 0.03179
rs7103380      	1	46210259	 0.02481 	 0.02891
rs11038810     	1	46210773	 0.02665 	 0.03461
rs12808446     	1	46213411	 0.00960 	 0.00167
rs4620693      	1	46215287	 0.00852 	 0.00819
rs4482000      	1	46216134	 0.02705 	 0.03123
rs11038811     	1	46216256	 0.01018 	 -0.00304
rs11038812     	1	46216409	 0.01040 	 0.00658
rs7483227      	1	46216740	 0.02994 	 0.03493
rs4756062      	1	46218585	 0.01086 	 -0.00709
rs902282       	1	46219578	 0.02977 	 0.03637
rs7949325      	1	46221427	 0.00792 	 0.00784
rs1490084      	1	46222763	 0.02693 	 0.03217
rs12793186     	1	46223242	 0.00535 	 -0.01069
rs12793350     	1	46223281	 0.00862 	 0.00221
rs71474108     	1	46223369	 0.00893 	 0.00567
rs11038814     	1	46223792	 0.00848 	 0.00934
rs870498       	1	46224126	 0.00914 	 0.00735
rs4237662      	1	46224842	 0.00761 	 0.01165
rs11038815     	1	46225036	 0.00863 	 0.00619
rs11038816     	1	46225889	 0.00891 	 0.01436
rs11038817     	1	46226004	 0.01005 	 -0.04132
rs3901272      	1	46226775	 0.00995 	 -0.03533
rs10734545     	1	46227161	 0.00551 	 -0.01790
rs150430025    	1	46228074	 0.00923 	 -0.03589
rs1565411      	1	46228649	 0.00583 	 -0.00825
rs12221745     	1	46228739	 0.00903 	 0.01367
rs1907002      	1	46229810	 0.00549 	 -0.01120
rs7121257      	1	46231502	 0.00830 	 -0.01376
rs76400970     	1	46231891	 0.00631 	 0.01479
rs55702830     	1	46231956	 0.00602 	 -0.00168
rs12283653     	1	46231998	 0.00630 	 0.00276
rs2863721      	1	46235469	 0.00506 	 0.00399
rs2863720      	1	46235626	 0.00775 	 0.01414
rs4755349      	1	46237731	 0.00886 	 0.01577
rs7949889      	1	46238567	 0.00549 	 -0.00143
rs10838578     	1	46239099	 0.00853 	 0.01247
rs6485668      	1	46240289	 0.00565 	 0.00789
rs10838579     	1	46241968	 0.00793 	 0.00263
rs7124891      	1	46245361	 0.00539 	 0.00794
rs118075720    	1	46245900	 0.00580 	 -0.00700
rs11607379     	1	46252956	 0.00569 	 0.00448
rs4756065      	1	46253841	 0.00792 	 0.00865
rs4756066      	1	46254003	 0.00859 	 0.00569
rs12292649     	1	46257757	 0.00512 	 -0.00176
rs11038826     	1	46259550	 0.00916 	 0.01994
rs7113478      	1	46260223	 0.01502 	 0.02692
rs11038827     	1	46260304	 0.00542 	 -0.00244
rs7943416      	1	46262283	 0.00535 	 0.00249
rs12225704     	1	46263640	 0.00864 	 0.01117
rs12223774     	1	46265513	 0.00883 	 0.01917
rs11038831     	1	46266009	 0.00868 	 0.01928
rs7105744      	1	46266790	 0.00567 	 0.00874
rs75996226     	1	46271219	 0.00827 	 -0.03119
rs56288505     	1	46272263	 0.00530 	 0.00966
rs28668543     	1	46273454	 0.00483 	 0.02006
rs34177812     	1	46286454	 0.00550 	 0.01072
rs66531430     	1	46296249	 0.00593 	 0.01339
rs10437653     	1	46297631	 0.00449 	 -0.00017
rs12280680     	1	46300722	 0.00473 	 -0.00609
