rs 	 chr 	 pos 	 postc 	 beta
rs10281617     	1	153069527	 0.00308 	 0.00187
rs1444456      	1	153076708	 0.00304 	 0.00055
rs12703288     	1	153083815	 0.01623 	 -0.03367
rs1822707      	1	153084208	 0.00603 	 -0.00294
rs1373516      	1	153084501	 0.00541 	 -0.00061
rs1037004      	1	153084998	 0.00700 	 -0.01153
rs1037003      	1	153085037	 0.00522 	 -0.00547
rs982113       	1	153085650	 0.00568 	 -0.00646
rs982112       	1	153085940	 0.00542 	 0.00990
rs2017337      	1	153086054	 0.00576 	 -0.01025
rs1444454      	1	153086649	 0.00526 	 -0.01131
rs1596604      	1	153087218	 0.00613 	 -0.02583
rs1596603      	1	153087226	 0.00627 	 -0.02867
rs1596602      	1	153087365	 0.00575 	 -0.01494
rs2312354      	1	153087571	 0.00621 	 -0.02849
rs10271618     	1	153088664	 0.00583 	 -0.01813
rs10271744     	1	153088772	 0.01648 	 -0.03658
rs11768904     	1	153089250	 0.00662 	 -0.02193
rs10808003     	1	153089510	 0.00805 	 -0.03457
rs10808004     	1	153089729	 0.00770 	 -0.03527
rs10246760     	1	153089742	 0.00793 	 -0.03248
rs2312353      	1	153090137	 0.00754 	 -0.03320
rs2872011      	1	153090163	 0.00710 	 -0.00483
rs2099980      	1	153090221	 0.00801 	 -0.03258
rs2312352      	1	153090406	 0.00751 	 0.01546
rs1444452      	1	153090623	 0.00758 	 -0.02816
rs1444451      	1	153090657	 0.00773 	 -0.03247
rs4726294      	1	153090892	 0.00768 	 -0.03074
rs1596601      	1	153091579	 0.00753 	 -0.01938
rs1596600      	1	153091783	 0.00748 	 -0.02012
rs7803049      	1	153091907	 0.00695 	 -0.01860
rs12703289     	1	153092155	 0.00702 	 -0.02216
rs1373515      	1	153092375	 0.00699 	 -0.02017
rs2166119      	1	153092994	 0.00676 	 -0.00682
rs920866       	1	153093161	 0.00656 	 -0.00923
rs920865       	1	153093247	 0.00738 	 -0.00892
rs920867       	1	153093591	 0.00704 	 0.00577
rs2120701      	1	153094414	 0.00691 	 -0.01486
rs6966291      	1	153094677	 0.00780 	 -0.00051
rs12703290     	1	153096589	 0.01760 	 -0.03631
rs10269340     	1	153096810	 0.00883 	 -0.03495
rs7786678      	1	153097259	 0.00835 	 -0.03094
rs7787854      	1	153097973	 0.00988 	 -0.03158
rs6946670      	1	153099627	 0.00889 	 -0.03069
rs6965505      	1	153100186	 0.00801 	 -0.03240
rs10234469     	1	153102116	 0.00867 	 -0.03140
rs10278147     	1	153102152	 0.00859 	 0.02823
rs6942956      	1	153102751	 0.00685 	 -0.02730
rs28671105     	1	153103095	 0.00795 	 0.01247
rs28648695     	1	153103203	 0.00808 	 0.00759
rs6973631      	1	153104693	 0.00729 	 -0.02884
rs13235094     	1	153105283	 0.01480 	 -0.03346
rs10952418     	1	153107059	 0.00775 	 -0.02718
rs6979538      	1	153107903	 0.00844 	 -0.02875
rs34123236     	1	153108670	 0.00786 	 0.00316
rs13223314     	1	153109508	 0.00814 	 0.01237
rs6464331      	1	153109821	 0.00486 	 -0.02048
rs9986879      	1	153109979	 0.00502 	 -0.00336
rs13226467     	1	153110039	 0.01882 	 -0.03787
rs10259737     	1	153110376	 0.00681 	 -0.02332
rs6978344      	1	153111150	 0.00636 	 -0.02132
rs10239341     	1	153112794	 0.00766 	 -0.00379
rs6955095      	1	153113272	 0.00647 	 -0.01930
rs11760609     	1	153114423	 0.00800 	 0.00382
rs6971127      	1	153118270	 0.00767 	 -0.00637
rs6953662      	1	153118364	 0.00881 	 -0.00606
rs1838416      	1	153118809	 0.00585 	 0.00489
rs1444458      	1	153120067	 0.01714 	 -0.03503
rs12703291     	1	153126261	 0.00853 	 -0.00971
rs2312345      	1	153133178	 0.00601 	 -0.03217
rs34628166     	1	153133987	 0.01140 	 -0.01313
rs35792470     	1	153134044	 0.01131 	 -0.00527
rs34396242     	1	153134231	 0.01245 	 -0.02522
rs7805637      	1	153134549	 0.00353 	 -0.00592
rs2872008      	1	153134888	 0.00381 	 -0.00601
rs2312343      	1	153135288	 0.01373 	 -0.03308
rs7791985      	1	153135652	 0.01190 	 -0.02767
rs7811018      	1	153135737	 0.01189 	 -0.02190
rs2312342      	1	153135797	 0.01314 	 -0.03746
rs2872007      	1	153135998	 0.01346 	 -0.03396
rs12703293     	1	153136687	 0.01303 	 -0.03133
rs34140991     	1	153137636	 0.01337 	 -0.03765
rs35425384     	1	153137686	 0.01367 	 -0.03848
rs13224388     	1	153137916	 0.01285 	 -0.03249
rs12703295     	1	153138417	 0.01366 	 -0.02830
rs12703296     	1	153138680	 0.01318 	 0.06926
rs12703297     	1	153138796	 0.01318 	 -0.02594
rs12703298     	1	153138871	 0.01382 	 -0.02536
rs12703299     	1	153139410	 0.01320 	 -0.03648
rs7803966      	1	153139432	 0.01235 	 0.07974
rs13231619     	1	153139503	 0.01351 	 -0.02550
rs12703300     	1	153139558	 0.01218 	 -0.02993
rs1470373      	1	153139568	 0.00572 	 -0.02020
rs12703301     	1	153139716	 0.01247 	 0.02892
rs13231707     	1	153139838	 0.01228 	 -0.01293
rs987675       	1	153140043	 0.01273 	 -0.03062
rs987674       	1	153140082	 0.01278 	 -0.03539
rs987673       	1	153140185	 0.01256 	 -0.03430
rs12703302     	1	153140505	 0.01324 	 -0.02588
rs1319653      	1	153140517	 0.01316 	 -0.03790
rs12703303     	1	153140805	 0.01299 	 -0.03571
rs13238866     	1	153141160	 0.01295 	 -0.03160
rs7800865      	1	153142675	 0.01311 	 -0.04595
rs7800637      	1	153142708	 0.01359 	 -0.04629
rs7805371      	1	153143403	 0.01321 	 -0.04446
rs7805698      	1	153143564	 0.01399 	 -0.04682
rs989754       	1	153144396	 0.01349 	 -0.04080
rs884853       	1	153144778	 0.01159 	 0.04502
rs884852       	1	153144806	 0.01144 	 0.03594
rs13230671     	1	153144983	 0.01152 	 0.03521
rs13233777     	1	153145278	 0.01302 	 -0.03506
rs13234416     	1	153145541	 0.01414 	 -0.06227
rs7779733      	1	153145713	 0.01313 	 -0.02413
rs7784310      	1	153146333	 0.01509 	 -0.06438
rs7785473      	1	153146905	 0.01443 	 -0.07005
rs7804377      	1	153146950	 0.01133 	 0.03351
rs7785383      	1	153147014	 0.01185 	 0.00957
rs7798819      	1	153147531	 0.01440 	 -0.08190
rs10246632     	1	153147619	 0.01124 	 0.02588
rs12703304     	1	153147638	 0.01414 	 -0.06900
rs12703305     	1	153147715	 0.01255 	 -0.03136
rs12703306     	1	153148355	 0.01393 	 -0.07002
rs6971281      	1	153148433	 0.01384 	 -0.06868
rs6971902      	1	153148726	 0.01317 	 -0.03517
rs1444463      	1	153149762	 0.01314 	 -0.01481
rs1444462      	1	153150090	 0.01355 	 -0.03664
rs1444461      	1	153150189	 0.00550 	 -0.02156
rs1992624      	1	153150347	 0.01303 	 -0.03097
rs7783111      	1	153151294	 0.00621 	 -0.02471
rs6974731      	1	153152286	 0.01283 	 -0.00878
rs6955304      	1	153152474	 0.01231 	 0.01801
rs55838859     	1	153153175	 0.01192 	 -0.00178
rs6960892      	1	153153920	 0.00538 	 -0.02701
rs11766913     	1	153154034	 0.00483 	 0.00410
rs11773882     	1	153154107	 0.00462 	 -0.00786
rs11760259     	1	153154196	 0.00480 	 0.01364
rs35444218     	1	153156569	 0.01132 	 0.02182
rs1596608      	1	153158188	 0.00565 	 -0.02990
rs6464333      	1	153158604	 0.00402 	 -0.01011
rs12154671     	1	153159049	 0.01079 	 0.01143
rs12703312     	1	153159933	 0.01066 	 0.01922
rs2312039      	1	153160306	 0.00399 	 -0.01584
rs12154800     	1	153160540	 0.01151 	 0.03017
rs4623331      	1	153160799	 0.00474 	 0.01062
rs12703313     	1	153162233	 0.01076 	 -0.00787
rs4495333      	1	153162601	 0.01095 	 -0.00613
rs4574763      	1	153163028	 0.00510 	 -0.02148
rs9655628      	1	153163860	 0.01308 	 0.02929
rs11764739     	1	153163989	 0.00510 	 -0.01471
rs60991669     	1	153164491	 0.01222 	 -0.04510
rs60403847     	1	153164583	 0.01232 	 -0.03886
rs67038409     	1	153164705	 0.01045 	 -0.02932
rs13242850     	1	153165393	 0.01099 	 -0.03568
rs7802464      	1	153165654	 0.00519 	 -0.01569
rs7802831      	1	153165718	 0.00412 	 -0.01230
rs10952423     	1	153166034	 0.00391 	 -0.00874
rs13246649     	1	153166181	 0.01161 	 -0.01829
rs13246676     	1	153166315	 0.01265 	 -0.04421
rs2961094      	1	153167194	 0.00505 	 0.00013
rs7785341      	1	153167347	 0.00918 	 0.03154
rs10276403     	1	153168722	 0.00343 	 -0.00404
rs58392192     	1	153168744	 0.01040 	 0.04545
rs12671356     	1	153168763	 0.00519 	 -0.00544
rs10952425     	1	153168902	 0.00374 	 -0.00770
rs13245532     	1	153169452	 0.01365 	 -0.06383
rs6968031      	1	153170494	 0.00439 	 -0.01037
rs34726402     	1	153170561	 0.01190 	 -0.03485
rs6464335      	1	153170761	 0.00430 	 -0.00485
rs6464337      	1	153170985	 0.00515 	 -0.02817
rs4434538      	1	153171348	 0.00381 	 -0.01188
rs2953094      	1	153173300	 0.00344 	 -0.00618
rs28675346     	1	153173776	 0.01033 	 -0.02422
rs7780839      	1	153173950	 0.01013 	 -0.02573
rs4431510      	1	153175815	 0.00394 	 -0.00322
rs4629773      	1	153176705	 0.00418 	 -0.01478
rs4289724      	1	153177275	 0.00404 	 -0.01148
rs4330607      	1	153177340	 0.00381 	 -0.00699
rs4560718      	1	153177373	 0.01133 	 -0.03388
rs13245156     	1	153178288	 0.01099 	 -0.03273
rs6965233      	1	153178696	 0.00374 	 0.00344
rs7783405      	1	153179278	 0.00919 	 0.00639
rs34837583     	1	153179859	 0.01047 	 -0.02665
