rs 	 chr 	 pos 	 postc 	 beta
rs10199046     	1	51669594	 0.00633 	 -0.01518
rs11563100     	1	51669730	 0.00596 	 -0.01935
rs4988641      	1	51669963	 0.00654 	 0.02384
rs2353825      	1	51669974	 0.00665 	 0.02868
rs888107       	1	51670142	 0.00584 	 0.02943
rs11563101     	1	51670973	 0.00600 	 0.00172
rs11562989     	1	51671047	 0.00573 	 0.01421
rs11563024     	1	51671057	 0.00811 	 0.07007
rs11563122     	1	51671398	 0.00631 	 -0.03207
rs7578318      	1	51671935	 0.00555 	 -0.00843
rs11888857     	1	51673576	 0.00688 	 0.00939
rs13011380     	1	51673643	 0.00759 	 0.04461
rs13011925     	1	51673712	 0.00731 	 0.06909
rs13012168     	1	51673864	 0.00648 	 0.02685
rs13012231     	1	51674029	 0.00678 	 -0.02591
rs13006383     	1	51674147	 0.00727 	 0.05607
rs13030070     	1	51674451	 0.00578 	 0.00318
rs6734029      	1	51675021	 0.00609 	 0.00887
rs6721908      	1	51675198	 0.00671 	 0.02065
rs6737158      	1	51675335	 0.00702 	 0.02301
rs6737381      	1	51675468	 0.00696 	 0.01280
rs13020816     	1	51676355	 0.00664 	 0.02114
rs12995306     	1	51676683	 0.00569 	 -0.01258
rs7591147      	1	51677024	 0.00559 	 -0.00919
rs13001371     	1	51677303	 0.00648 	 -0.01802
rs10207943     	1	51677549	 0.00589 	 0.00663
rs13001835     	1	51677624	 0.00678 	 0.02184
rs6709117      	1	51679160	 0.02222 	 0.09628
rs12992742     	1	51679655	 0.01498 	 0.05668
rs13016411     	1	51679656	 0.01581 	 0.05865
rs13017345     	1	51679915	 0.01647 	 0.05229
rs13022923     	1	51680339	 0.01427 	 0.02966
rs11563049     	1	51680692	 0.01294 	 0.02260
rs10221925     	1	51680885	 0.01050 	 0.04259
rs13023625     	1	51680935	 0.01646 	 0.05145
rs13024366     	1	51681065	 0.00982 	 0.04143
rs11563182     	1	51681081	 0.01143 	 0.04532
rs10221616     	1	51681607	 0.01120 	 0.02802
rs11563050     	1	51681732	 0.01951 	 0.08990
rs13036132     	1	51682157	 0.01737 	 0.05042
rs10221549     	1	51682222	 0.01020 	 0.02318
rs11563183     	1	51682417	 0.01764 	 0.06105
rs1528799      	1	51682764	 0.01054 	 0.05095
rs12988318     	1	51682854	 0.01640 	 0.05080
rs6712493      	1	51683481	 0.01126 	 0.03831
rs6754612      	1	51683487	 0.01040 	 0.04265
rs2103316      	1	51683511	 0.01099 	 0.04970
rs6754634      	1	51683566	 0.01130 	 0.04786
rs13021773     	1	51684035	 0.01861 	 0.06831
rs11562938     	1	51684362	 0.01973 	 0.08191
rs11562962     	1	51684776	 0.01091 	 0.02475
rs11563184     	1	51684852	 0.01102 	 0.02149
rs6721305      	1	51685273	 0.01032 	 0.02428
rs11563051     	1	51686537	 0.01189 	 -0.01167
rs6736983      	1	51689113	 0.00166 	 -0.00547
rs991903       	1	51689779	 0.00455 	 0.00780
rs983650       	1	51691850	 0.00189 	 0.00568
rs1406423      	1	51692366	 0.00424 	 -0.00134
rs1406422      	1	51692406	 0.00471 	 0.02166
rs11563048     	1	51692541	 0.01459 	 0.04725
rs994132       	1	51692825	 0.00444 	 0.01699
rs11563179     	1	51693002	 0.00855 	 0.00881
rs1861459      	1	51693725	 0.00601 	 0.03589
rs13013375     	1	51694953	 0.00452 	 0.00815
rs1206399      	1	51695041	 0.00216 	 -0.02180
rs6740186      	1	51695441	 0.01073 	 -0.01282
rs11563047     	1	51696260	 0.00437 	 0.00455
rs1468819      	1	51697940	 0.00523 	 0.02325
rs7600494      	1	51698154	 0.00476 	 0.02829
rs7600686      	1	51698269	 0.00466 	 0.01314
rs12990453     	1	51698499	 0.00484 	 0.01833
rs12990624     	1	51698568	 0.00996 	 0.05127
rs13017602     	1	51698759	 0.01110 	 0.05041
rs12991242     	1	51698854	 0.01026 	 0.04259
rs17864503     	1	51699054	 0.01024 	 0.04785
rs13023184     	1	51699156	 0.00490 	 0.01893
rs12997062     	1	51699168	 0.00492 	 0.00952
rs13024202     	1	51699608	 0.00547 	 0.02612
rs6757147      	1	51699838	 0.00509 	 0.02007
rs17862671     	1	51699984	 0.00500 	 0.02145
rs17862672     	1	51700089	 0.00455 	 0.01467
rs13018831     	1	51702635	 0.04761 	 0.08095
rs2715053      	1	51702905	 0.00301 	 0.01595
rs6705941      	1	51706314	 0.00171 	 -0.01021
rs2031016      	1	51707157	 0.00246 	 -0.00321
rs10179539     	1	51707990	 0.00289 	 -0.02614
rs4971752      	1	51723275	 0.00522 	 0.02701
rs11884982     	1	51723794	 0.00626 	 0.03333
rs7589266      	1	51725168	 0.02743 	 0.06719
rs28950774     	1	51726096	 0.02407 	 0.06263
rs1919421      	1	51728315	 0.00813 	 0.03839
rs12991151     	1	51728688	 0.02582 	 0.06624
rs12996741     	1	51729256	 0.02738 	 0.06258
rs12996909     	1	51729261	 0.03016 	 0.06446
rs1528803      	1	51729505	 0.00844 	 0.03979
rs10170127     	1	51729681	 0.00488 	 0.02923
rs2698007      	1	51730887	 0.00794 	 0.03816
rs11125354     	1	51731236	 0.00168 	 0.00089
rs2354377      	1	51732257	 0.00166 	 -0.00682
rs2883423      	1	51732873	 0.00453 	 0.02513
rs2715063      	1	51733703	 0.00178 	 0.00777
rs1919426      	1	51735138	 0.00524 	 0.00771
rs2698009      	1	51735564	 0.00182 	 0.01590
rs1112550      	1	51735855	 0.00554 	 0.01690
rs1406426      	1	51736608	 0.00142 	 0.00393
rs1406427      	1	51736677	 0.00545 	 0.01720
rs1406428      	1	51736994	 0.00518 	 0.01168
rs11563172     	1	51742218	 0.00486 	 0.02779
rs11125360     	1	51742402	 0.01077 	 0.02347
rs11125361     	1	51742516	 0.01336 	 0.05769
rs13010068     	1	51743858	 0.01703 	 0.06361
rs13027868     	1	51744098	 0.01422 	 0.03525
rs11563170     	1	51744518	 0.01120 	 0.00892
rs2698005      	1	51744912	 0.00713 	 0.03530
rs13029605     	1	51744959	 0.03778 	 0.07454
rs13029262     	1	51744969	 0.02908 	 0.06633
rs1528795      	1	51745254	 0.00210 	 -0.01608
rs1528794      	1	51745293	 0.01267 	 0.03706
rs11563000     	1	51746397	 0.01147 	 0.04858
rs1534612      	1	51746897	 0.00187 	 -0.00244
rs13012007     	1	51754504	 0.04001 	 0.07541
rs1406419      	1	51755442	 0.01992 	 0.05898
rs2697999      	1	51756961	 0.00166 	 -0.00573
rs17862700     	1	51757112	 0.01238 	 0.03956
rs11884390     	1	51758566	 0.01416 	 0.05288
rs17863623     	1	51762755	 0.00391 	 -0.03715
rs2697996      	1	51763529	 0.00315 	 -0.02895
rs7580841      	1	51763928	 0.00262 	 0.00473
rs17864534     	1	51764360	 0.00250 	 0.00832
rs3915321      	1	51764718	 0.00277 	 0.00894
rs3915322      	1	51765008	 0.00300 	 0.01149
rs2354378      	1	51765416	 0.00285 	 0.01390
rs2698032      	1	51765855	 0.00246 	 0.00456
rs11680441     	1	51767398	 0.00356 	 0.01889
rs11680482     	1	51767543	 0.00322 	 0.01523
rs7592062      	1	51768912	 0.00264 	 0.00791
rs2950945      	1	51768939	 0.00279 	 0.00962
rs1997326      	1	51769196	 0.00264 	 0.00237
rs1528822      	1	51769647	 0.00292 	 0.00905
rs17864536     	1	51769693	 0.00491 	 -0.03638
rs1528821      	1	51770479	 0.00238 	 0.00604
rs1528820      	1	51770480	 0.00246 	 -0.00393
rs1528819      	1	51770770	 0.00308 	 0.00719
rs1528818      	1	51770818	 0.00252 	 0.00126
rs1919434      	1	51771417	 0.00278 	 0.00772
rs1528817      	1	51771557	 0.00274 	 0.01371
rs12995836     	1	51772064	 0.00376 	 0.02140
rs13001767     	1	51772415	 0.00374 	 0.01989
rs2698031      	1	51772808	 0.00278 	 0.01636
rs1358580      	1	51773028	 0.00292 	 0.01682
rs1358579      	1	51773348	 0.00298 	 0.01311
rs1358578      	1	51773393	 0.00343 	 0.02253
rs2715083      	1	51774235	 0.00365 	 0.02114
rs2715082      	1	51774246	 0.00312 	 0.01754
rs1528816      	1	51775261	 0.00262 	 0.00877
rs1528815      	1	51775273	 0.00370 	 0.01525
rs1528814      	1	51775511	 0.00287 	 0.00764
rs2715081      	1	51775814	 0.00316 	 0.01857
rs2715080      	1	51775858	 0.00339 	 0.01852
rs12991486     	1	51776115	 0.00343 	 0.02265
rs182639807    	1	51776814	 0.03041 	 0.05308
rs11563043     	1	51777241	 0.00281 	 0.00712
rs142161940    	1	51777658	 0.00259 	 0.00563
rs11563162     	1	51778608	 0.00306 	 0.00531
rs2715084      	1	51778654	 0.00251 	 0.00578
rs2715085      	1	51778714	 0.00294 	 -0.00325
rs2715086      	1	51778721	 0.00290 	 0.00002
rs2715087      	1	51778738	 0.00269 	 -0.00455
rs2715088      	1	51778828	 0.00246 	 0.00464
rs2715089      	1	51779120	 0.00293 	 0.00265
rs2204730      	1	51779847	 0.00287 	 0.00609
rs2222779      	1	51780150	 0.00278 	 -0.00397
rs2698029      	1	51780259	 0.00277 	 0.00316
rs2715079      	1	51781034	 0.00299 	 0.01449
rs2698028      	1	51781853	 0.00257 	 -0.00203
rs2698027      	1	51781880	 0.00288 	 0.00518
rs2715078      	1	51782111	 0.00263 	 0.00017
rs2715077      	1	51782284	 0.00270 	 0.00142
rs2698026      	1	51782507	 0.00271 	 -0.02074
rs13035778     	1	51782971	 0.00302 	 0.00819
rs13035960     	1	51783014	 0.00262 	 0.00957
rs147644186    	1	51784017	 0.00313 	 0.00729
rs146741962    	1	51784409	 0.00323 	 0.01506
rs145277379    	1	51784430	 0.00341 	 0.01613
rs141500117    	1	51784626	 0.00259 	 0.01757
rs79223146     	1	51784658	 0.00305 	 0.02546
rs141527667    	1	51784796	 0.00300 	 0.01638
rs2465527      	1	51785000	 0.00331 	 0.03160
rs2465528      	1	51785018	 0.00340 	 0.03951
rs2950943      	1	51785460	 0.00303 	 -0.00283
rs17868175     	1	51785580	 0.01818 	 -0.05351
rs2950942      	1	51785617	 0.00287 	 -0.00155
rs2715062      	1	51786142	 0.00273 	 -0.00227
rs2698024      	1	51786520	 0.00277 	 0.00323
rs2698023      	1	51786784	 0.00305 	 -0.00851
rs2698022      	1	51787982	 0.00277 	 -0.00598
rs2698021      	1	51788504	 0.00304 	 0.00300
rs2715061      	1	51789314	 0.00274 	 0.00085
