rs 	 chr 	 pos 	 postc 	 postrb 	 beta 	 betarb
rs2048234      	1	1009858	 0.00118 	 0.00321 	 -0.00500 	 -0.00001
rs2048233      	1	1009883	 0.00118 	 0.00319 	 -0.00696 	 -0.00001
rs60100801     	1	1010308	 0.00207 	 0.00580 	 0.01727 	 0.00005
rs12338641     	1	1011534	 0.00163 	 0.00449 	 0.01219 	 0.00003
rs7870245      	1	1011543	 0.00114 	 0.00300 	 0.00225 	 0.00000
rs10809024     	1	1015015	 0.00114 	 0.00303 	 -0.00841 	 -0.00000
rs7043439      	1	1015258	 0.00116 	 0.00298 	 0.00215 	 -0.00000
rs7032841      	1	1015259	 0.00113 	 0.00297 	 0.00096 	 -0.00000
rs7860804      	1	1015622	 0.00137 	 0.00395 	 0.00636 	 0.00002
rs7857662      	1	1015625	 0.00136 	 0.00394 	 0.00790 	 0.00002
rs74738927     	1	1017409	 0.00157 	 0.00509 	 0.01565 	 0.00004
rs79620862     	1	1019029	 0.00150 	 0.00432 	 0.00538 	 0.00003
rs1509197      	1	1019473	 0.00169 	 0.00520 	 0.01829 	 0.00005
rs1509196      	1	1019609	 0.00166 	 0.00419 	 0.01184 	 0.00002
rs77499365     	1	1023095	 0.00158 	 0.00450 	 0.00637 	 0.00003
rs6474550      	1	1052722	 0.00113 	 0.00323 	 -0.00639 	 -0.00001
rs6474552      	1	1054362	 0.00139 	 0.00364 	 0.00855 	 0.00002
rs9140         	1	1057318	 0.00141 	 0.00376 	 0.00950 	 0.00002
rs7857644      	1	1069663	 0.00140 	 0.00384 	 -0.00597 	 -0.00001
rs12342607     	1	1074939	 0.00275 	 0.00741 	 -0.02068 	 -0.00007
rs4740454      	1	1075060	 0.00255 	 0.00663 	 -0.01731 	 -0.00006
rs1509200      	1	1077020	 0.00144 	 0.00375 	 -0.00653 	 -0.00001
rs906770       	1	1102828	 0.00386 	 0.00633 	 -0.01288 	 0.00003
rs114641795    	1	1105025	 0.00201 	 0.00491 	 0.00923 	 0.00002
rs4452856      	1	1106544	 0.00435 	 0.00715 	 -0.02806 	 -0.00003
rs2888990      	1	1106574	 0.00439 	 0.00630 	 -0.02751 	 -0.00004
rs10809274     	1	1108515	 0.00612 	 0.01297 	 0.01584 	 -0.00001
rs13286476     	1	1109579	 0.00322 	 0.00725 	 0.02142 	 0.00007
rs7021226      	1	1110995	 0.00519 	 0.00659 	 -0.03002 	 -0.00002
rs7044414      	1	1111049	 0.00372 	 0.00664 	 -0.01422 	 0.00004
rs10733214     	1	1111389	 0.00473 	 0.00937 	 0.04176 	 0.00015
rs10733215     	1	1111559	 0.00840 	 0.00967 	 -0.04913 	 -0.00019
rs4741072      	1	1113017	 0.00491 	 0.01104 	 0.04551 	 0.00018
rs10756172     	1	1113060	 0.00343 	 0.00931 	 0.02398 	 0.00011
rs10809314     	1	1114919	 0.00720 	 0.00819 	 -0.04338 	 -0.00013
rs10809315     	1	1115038	 0.00322 	 0.00725 	 0.02440 	 0.00008
rs7030391      	1	1119818	 0.00701 	 0.01508 	 0.03219 	 0.00023
rs7041479      	1	1120089	 0.00719 	 0.00902 	 -0.04218 	 -0.00014
rs12552979     	1	1120602	 0.24031 	 0.42400 	 0.08507 	 0.01817
rs10959545     	1	1120993	 0.01051 	 0.02099 	 0.03892 	 0.00052
rs10959546     	1	1120994	 0.01083 	 0.02270 	 0.03719 	 0.00024
rs10959548     	1	1121085	 0.01077 	 0.02241 	 0.04428 	 0.00043
rs10809351     	1	1121293	 0.01926 	 0.03557 	 0.05352 	 0.00091
rs10756193     	1	1121579	 0.00955 	 0.00865 	 -0.03995 	 -0.00010
rs10733226     	1	1124027	 0.01044 	 0.02547 	 0.03305 	 0.00041
rs17795397     	1	1124136	 0.00134 	 0.00391 	 0.00045 	 0.00000
rs68167478     	1	1124675	 0.00148 	 0.00391 	 -0.00026 	 0.00001
rs10809367     	1	1125972	 0.00883 	 0.01919 	 0.03178 	 0.00029
rs4237127      	1	1129674	 0.01450 	 0.01444 	 -0.02732 	 0.00006
rs4741117      	1	1130580	 0.01864 	 0.01520 	 -0.03974 	 -0.00021
rs7867109      	1	1132871	 0.00981 	 0.01195 	 -0.02290 	 -0.00009
rs10959648     	1	1132880	 0.00627 	 0.01206 	 0.03124 	 0.00019
rs10756214     	1	1134523	 0.03018 	 0.06289 	 0.06080 	 0.00187
rs7849854      	1	1135459	 0.00545 	 0.01136 	 0.02450 	 0.00017
rs7031945      	1	1137878	 0.00801 	 0.01434 	 0.05018 	 0.00028
rs7866691      	1	1139039	 0.01039 	 0.01280 	 -0.01720 	 0.00011
rs7848513      	1	1140307	 0.01024 	 0.01397 	 -0.01841 	 -0.00006
rs7867731      	1	1140535	 0.01034 	 0.01320 	 -0.02307 	 -0.00005
rs10124898     	1	1141848	 0.00437 	 0.00930 	 0.01449 	 0.00011
rs10118616     	1	1141851	 0.01079 	 0.01357 	 -0.02574 	 -0.00008
rs953167       	1	1142132	 0.01050 	 0.01510 	 -0.02825 	 -0.00026
rs953166       	1	1142276	 0.00422 	 0.00870 	 0.01332 	 0.00009
rs953168       	1	1142407	 0.00373 	 0.00845 	 0.01472 	 0.00009
rs2184942      	1	1142537	 0.00430 	 0.00819 	 0.03900 	 0.00009
rs9298670      	1	1143323	 0.00411 	 0.00847 	 0.01290 	 0.00002
rs12684819     	1	1143781	 0.00474 	 0.01081 	 0.04228 	 0.00012
rs10959748     	1	1146416	 0.00343 	 0.00688 	 0.01811 	 0.00007
rs10959750     	1	1146902	 0.00468 	 0.01008 	 0.04115 	 0.00019
rs10959756     	1	1147640	 0.00781 	 0.01792 	 0.04450 	 0.00038
rs2210982      	1	1147948	 0.00330 	 0.00674 	 -0.03103 	 -0.00007
rs2210983      	1	1147983	 0.01190 	 0.01113 	 -0.03616 	 -0.00014
rs2210984      	1	1149648	 0.00343 	 0.00670 	 0.00783 	 0.00004
rs2210985      	1	1149787	 0.00546 	 0.01330 	 0.05221 	 0.00032
rs2210986      	1	1149855	 0.00450 	 0.00864 	 0.02028 	 0.00010
rs12552969     	1	1150601	 0.00586 	 0.01229 	 0.05245 	 0.00028
rs12236959     	1	1151488	 0.00283 	 0.00712 	 -0.00261 	 0.00003
rs1337618      	1	1152424	 0.01588 	 0.03427 	 0.05984 	 0.00108
rs1933034      	1	1153199	 0.00301 	 0.00827 	 0.00531 	 0.00020
rs7871304      	1	1154454	 0.01337 	 0.01495 	 -0.03948 	 -0.00025
rs12682667     	1	1155609	 0.00281 	 0.00608 	 -0.00768 	 -0.00001
rs7032661      	1	1155992	 0.01388 	 0.02365 	 0.05481 	 0.00058
rs1337629      	1	1156789	 0.00330 	 0.00857 	 -0.03638 	 -0.00025
rs1337628      	1	1156821	 0.00307 	 0.00644 	 -0.02869 	 -0.00010
rs4741150      	1	1158194	 0.01982 	 0.03040 	 0.06749 	 0.00083
rs4741151      	1	1158199	 0.01854 	 0.03336 	 0.06257 	 0.00111
rs7861467      	1	1158293	 0.01796 	 0.03723 	 0.06234 	 0.00124
rs7031190      	1	1158628	 0.00804 	 0.01912 	 -0.01161 	 -0.00011
rs17708745     	1	1159331	 0.00512 	 0.00859 	 -0.04117 	 -0.00013
rs1337632      	1	1159598	 0.01160 	 0.02399 	 0.04060 	 0.00057
rs10959873     	1	1159744	 0.01077 	 0.02207 	 0.03344 	 0.00013
rs10959874     	1	1160103	 0.01179 	 0.01808 	 0.02400 	 0.00010
rs10959876     	1	1160246	 0.01160 	 0.02113 	 0.02518 	 0.00031
rs10959878     	1	1160479	 0.01331 	 0.02655 	 0.05463 	 0.00070
rs10959879     	1	1160532	 0.01278 	 0.03162 	 0.04892 	 0.00056
rs4741157      	1	1161363	 0.01405 	 0.02515 	 0.03443 	 0.00026
rs4741158      	1	1161645	 0.01467 	 0.02471 	 0.05027 	 0.00056
rs4740498      	1	1161738	 0.01482 	 0.03007 	 0.05412 	 0.00079
rs4740499      	1	1161858	 0.01503 	 0.03233 	 0.05603 	 0.00117
rs10756258     	1	1161994	 0.01500 	 0.02895 	 0.06208 	 0.00079
rs7025428      	1	1162524	 0.01704 	 0.03100 	 0.07065 	 0.00105
rs7028761      	1	1162556	 0.01576 	 0.02878 	 0.06368 	 0.00094
rs1933037      	1	1163046	 0.01306 	 0.02801 	 0.04785 	 0.00039
rs10809512     	1	1163465	 0.01897 	 0.03750 	 0.07908 	 0.00155
rs72705227     	1	1163758	 0.03256 	 0.03253 	 -0.05461 	 -0.00088
rs17708828     	1	1163903	 0.00370 	 0.00656 	 0.02852 	 0.00004
rs56809687     	1	1164209	 0.00389 	 0.00955 	 0.03957 	 0.00013
rs6474663      	1	1164358	 0.01260 	 0.02527 	 0.05573 	 0.00078
rs7864742      	1	1164570	 0.01990 	 0.03446 	 0.08180 	 0.00149
rs1415606      	1	1165425	 0.00347 	 0.00698 	 0.03073 	 0.00004
rs4413825      	1	1166014	 0.00414 	 0.01161 	 0.04192 	 0.00024
rs4741162      	1	1166780	 0.01107 	 0.01801 	 0.05007 	 0.00038
rs1415607      	1	1167933	 0.00427 	 0.00978 	 0.04791 	 0.00023
rs1415609      	1	1168939	 0.00388 	 0.00902 	 0.04132 	 0.00015
rs1415610      	1	1169183	 0.01312 	 0.02751 	 0.05806 	 0.00074
rs2375256      	1	1169485	 0.02385 	 0.03855 	 0.07682 	 0.00143
rs2152849      	1	1169788	 0.00901 	 0.01605 	 0.03036 	 0.00022
rs2152850      	1	1170012	 0.00776 	 0.01471 	 0.01740 	 0.00025
rs7848270      	1	1170227	 0.00336 	 0.00802 	 0.02424 	 0.00013
rs1361096      	1	1171383	 0.03766 	 0.06721 	 0.09015 	 0.00306
rs1415619      	1	1171650	 0.03321 	 0.05245 	 0.08381 	 0.00226
rs1337625      	1	1172430	 0.04905 	 0.05989 	 -0.08055 	 -0.00296
rs56358535     	1	1175250	 0.00209 	 0.00472 	 0.00738 	 0.00000
