rs 	 chr 	 pos 	 postc 	 postrb 	 beta 	 betarb
rs2298613      	1	29057719	 0.00099 	 0.00479 	 -0.02422 	 -0.00005
rs7239522      	1	29059416	 0.00053 	 0.00268 	 -0.01725 	 -0.00002
rs1941183      	1	29060055	 0.00023 	 0.00135 	 -0.01297 	 -0.00000
rs55794712     	1	29060415	 0.00022 	 0.00135 	 -0.04282 	 -0.00000
rs76282593     	1	29060868	 0.00022 	 0.00134 	 0.02939 	 -0.00000
rs35103742     	1	29062592	 0.00098 	 0.00466 	 -0.02531 	 -0.00005
rs56067591     	1	29062802	 0.00022 	 0.00134 	 -0.00726 	 -0.00000
rs7239805      	1	29068068	 0.00030 	 0.00163 	 -0.01356 	 -0.00001
rs7240185      	1	29068368	 0.00029 	 0.00161 	 -0.01408 	 -0.00001
rs7240920      	1	29068536	 0.00021 	 0.00138 	 0.00789 	 0.00000
rs7240824      	1	29068662	 0.00023 	 0.00425 	 0.01606 	 -0.00006
rs7241107      	1	29068666	 0.00032 	 0.00678 	 -0.00987 	 -0.00012
rs9941421      	1	29069119	 0.00029 	 0.00164 	 -0.01511 	 -0.00001
rs7227343      	1	29069580	 0.00020 	 0.00215 	 0.00413 	 -0.00002
rs1824477      	1	29069799	 0.00032 	 0.00157 	 -0.01142 	 -0.00001
rs9304097      	1	29070441	 0.00025 	 0.00150 	 0.00444 	 -0.00000
rs6506927      	1	29070713	 0.00028 	 0.00166 	 -0.01584 	 -0.00001
rs6506928      	1	29070824	 0.00029 	 0.00165 	 -0.01311 	 -0.00001
rs1350731      	1	29071505	 0.00031 	 0.00165 	 -0.01765 	 -0.00001
rs2219584      	1	29071787	 0.00034 	 0.00167 	 -0.01454 	 -0.00001
rs9951843      	1	29072968	 0.00025 	 0.00139 	 0.01384 	 0.00000
rs7238729      	1	29073191	 0.00025 	 0.00408 	 -0.00442 	 -0.00006
rs4799573      	1	29075273	 0.00026 	 0.00516 	 0.04203 	 0.00020
rs7232282      	1	29075793	 0.00021 	 0.00137 	 0.00998 	 0.00000
rs7231553      	1	29075862	 0.00021 	 0.00163 	 0.01949 	 0.00001
rs7231163      	1	29075875	 0.00023 	 0.00318 	 0.02531 	 0.00015
rs7231288      	1	29075877	 0.00022 	 0.00143 	 0.00993 	 0.00000
rs7236324      	1	29075905	 0.00028 	 0.00140 	 0.04985 	 0.00000
rs7236469      	1	29076004	 0.00030 	 0.00233 	 -0.00420 	 -0.00002
rs7235272      	1	29076049	 0.00027 	 0.00138 	 0.03489 	 0.00000
rs73953901     	1	29076052	 0.00026 	 0.00141 	 0.03958 	 0.00000
rs72479854     	1	29076164	 0.00026 	 0.00141 	 0.02258 	 0.00000
rs73414280     	1	29076223	 0.00022 	 0.00140 	 0.02347 	 0.00000
rs9961910      	1	29076427	 0.00034 	 0.00152 	 -0.04643 	 -0.00001
rs9961925      	1	29076490	 0.00032 	 0.00240 	 -0.01672 	 0.00001
rs9961920      	1	29076502	 0.00036 	 0.00332 	 -0.04582 	 -0.00015
rs9962318      	1	29076691	 0.00039 	 0.00152 	 -0.05438 	 -0.00001
rs9962121      	1	29076717	 0.00038 	 0.00152 	 -0.06072 	 -0.00001
rs9962423      	1	29076794	 0.00027 	 0.00162 	 -0.01254 	 -0.00001
rs112471171    	1	29076799	 0.00022 	 0.00131 	 -0.00420 	 -0.00000
rs9962333      	1	29076829	 0.00020 	 0.00136 	 -0.00761 	 -0.00000
rs9945420      	1	29078516	 0.00019 	 0.00135 	 -0.00061 	 -0.00000
rs7227984      	1	29078627	 0.00029 	 0.00162 	 -0.01471 	 -0.00000
rs1460602      	1	29081075	 0.00024 	 0.00144 	 -0.01553 	 -0.00000
rs17660585     	1	29082959	 0.00027 	 0.00151 	 -0.01448 	 -0.00000
rs9304098      	1	29083630	 0.00019 	 0.00139 	 -0.00242 	 -0.00000
rs9945031      	1	29083888	 0.00030 	 0.00161 	 -0.02367 	 -0.00001
rs1841396      	1	29084421	 0.00021 	 0.00140 	 -0.00651 	 -0.00000
rs1031729      	1	29086048	 0.00022 	 0.00139 	 -0.00632 	 -0.00000
rs9304099      	1	29086856	 0.00028 	 0.00150 	 -0.01193 	 -0.00000
rs2212617      	1	29087973	 0.00020 	 0.00150 	 -0.00638 	 -0.00000
rs2212618      	1	29088148	 0.00022 	 0.00138 	 -0.00746 	 -0.00000
rs4799310      	1	29088709	 0.00024 	 0.00149 	 -0.01679 	 -0.00000
rs2704055      	1	29090734	 0.00025 	 0.00140 	 0.00289 	 0.00000
rs2848677      	1	29092619	 0.00025 	 0.00146 	 -0.00126 	 -0.00000
rs2848680      	1	29093317	 0.00025 	 0.00146 	 -0.00361 	 -0.00000
rs2848681      	1	29093646	 0.00024 	 0.00145 	 -0.00246 	 -0.00000
rs2704053      	1	29095089	 0.00025 	 0.00146 	 -0.00463 	 -0.00000
rs2704052      	1	29095434	 0.00026 	 0.00144 	 -0.00070 	 -0.00000
rs2704051      	1	29095785	 0.00023 	 0.00144 	 -0.00505 	 -0.00000
rs2704050      	1	29095888	 0.00025 	 0.00166 	 -0.01417 	 -0.00001
rs11081701     	1	29096021	 0.00019 	 0.00163 	 0.00539 	 0.00001
rs9949695      	1	29097469	 0.00045 	 0.00815 	 -0.02851 	 0.00013
rs9949790      	1	29097541	 0.00045 	 0.00815 	 -0.02107 	 0.00013
rs2276149      	1	29098323	 0.00021 	 0.00137 	 -0.00218 	 0.00000
rs2187047      	1	29098635	 0.00020 	 0.00128 	 0.00518 	 0.00000
rs55657337     	1	29101230	 0.00049 	 0.00804 	 -0.03200 	 0.00012
rs2704038      	1	29101612	 0.00019 	 0.00143 	 -0.00829 	 -0.00000
rs8084771      	1	29101686	 0.00043 	 0.00813 	 -0.02832 	 0.00012
rs2704039      	1	29104055	 0.00044 	 0.00921 	 -0.02836 	 0.00017
rs2848664      	1	29104264	 0.00043 	 0.00925 	 -0.02935 	 0.00017
rs2230233      	1	29104698	 0.00018 	 0.00140 	 -0.01463 	 -0.00000
rs9947401      	1	29105117	 0.00041 	 0.00963 	 -0.03211 	 0.00019
rs2704041      	1	29106342	 0.00043 	 0.00792 	 -0.03478 	 0.00012
rs3108921      	1	29108401	 0.00023 	 0.00141 	 -0.00994 	 -0.00000
rs3132910      	1	29108505	 0.00021 	 0.00138 	 -0.01361 	 -0.00000
rs2096919      	1	29108706	 0.00041 	 0.00821 	 -0.01942 	 0.00014
rs1941938      	1	29109036	 0.00022 	 0.00140 	 -0.01271 	 -0.00000
rs1941939      	1	29109642	 0.00044 	 0.00824 	 -0.01907 	 0.00013
rs12326068     	1	29111364	 0.00039 	 0.00282 	 -0.01119 	 -0.00003
rs2595364      	1	29115910	 0.00020 	 0.00139 	 -0.01058 	 0.00000
rs2276150      	1	29116462	 0.00036 	 0.00909 	 -0.01583 	 0.00020
rs113272365    	1	29117410	 0.00029 	 0.00922 	 -0.01130 	 0.00021
rs1791176      	1	29117509	 0.00017 	 0.01541 	 0.00328 	 0.00047
rs28376849     	1	29117560	 0.00019 	 0.00139 	 -0.00220 	 0.00000
rs1791174      	1	29119258	 0.00035 	 0.00867 	 -0.01734 	 0.00018
rs1791173      	1	29119357	 0.00019 	 0.00139 	 0.00954 	 0.00000
rs1667212      	1	29120875	 0.00049 	 0.00799 	 -0.02893 	 0.00012
rs1626261      	1	29121896	 0.00036 	 0.00866 	 -0.01748 	 0.00018
rs1667213      	1	29124711	 0.00043 	 0.00928 	 -0.02732 	 0.00018
rs1042769      	1	29125854	 0.00049 	 0.00955 	 -0.02438 	 0.00017
rs1791235      	1	29126670	 0.00021 	 0.00139 	 0.00646 	 0.00000
rs9304101      	1	29128045	 0.00047 	 0.00823 	 -0.02954 	 0.00013
rs1047433      	1	29128572	 0.00020 	 0.00139 	 -0.01004 	 0.00000
rs1791233      	1	29128951	 0.00019 	 0.00138 	 -0.01354 	 -0.00000
rs1449077      	1	29129060	 0.00046 	 0.00871 	 -0.03047 	 0.00014
rs1667216      	1	29129931	 0.00020 	 0.00139 	 -0.01899 	 0.00000
rs7243604      	1	29130605	 0.00020 	 0.00140 	 0.00467 	 0.00000
rs1791231      	1	29131224	 0.00018 	 0.01497 	 -0.00893 	 -0.00053
rs1791230      	1	29131248	 0.00019 	 0.00139 	 -0.01192 	 0.00000
rs1449078      	1	29132041	 0.00017 	 0.00141 	 -0.00116 	 0.00000
rs1667218      	1	29132828	 0.00022 	 0.00141 	 0.03639 	 0.00000
rs6506931      	1	29132943	 0.00039 	 0.00836 	 -0.02507 	 0.00014
rs78617427     	1	29133950	 0.00035 	 0.01037 	 -0.01776 	 0.00025
rs1667219      	1	29134171	 0.00040 	 0.00251 	 -0.01956 	 -0.00001
rs1791158      	1	29134482	 0.00021 	 0.00133 	 -0.00489 	 -0.00000
rs1667220      	1	29134522	 0.00018 	 0.00133 	 -0.00303 	 0.00000
rs77775641     	1	29135938	 0.00038 	 0.00963 	 -0.02389 	 0.00022
rs11661247     	1	29138106	 0.00040 	 0.00896 	 -0.02644 	 0.00019
rs1791203      	1	29138929	 0.00050 	 0.00271 	 -0.02068 	 -0.00002
rs1667225      	1	29139002	 0.00036 	 0.01200 	 0.03434 	 0.00085
rs1667226      	1	29140460	 0.00032 	 0.00156 	 0.02800 	 0.00001
rs10468828     	1	29140907	 0.00026 	 0.00160 	 -0.01726 	 -0.00001
rs4799575      	1	29141919	 0.00030 	 0.00157 	 -0.01388 	 -0.00001
rs1667229      	1	29142206	 0.00024 	 0.00135 	 0.01054 	 0.00000
rs1791208      	1	29142591	 0.00023 	 0.00131 	 0.00249 	 0.00000
rs1667230      	1	29142751	 0.00028 	 0.00650 	 -0.01430 	 0.00048
rs1791209      	1	29142754	 0.00026 	 0.00130 	 -0.00833 	 0.00000
rs875425       	1	29142967	 0.00027 	 0.00134 	 0.01335 	 0.00000
rs875426       	1	29143098	 0.00022 	 0.00646 	 -0.00868 	 -0.00045
rs1791212      	1	29143393	 0.00024 	 0.00132 	 0.01014 	 0.00000
rs877597       	1	29143814	 0.00027 	 0.00149 	 -0.01055 	 -0.00001
rs59538225     	1	29144340	 0.00029 	 0.00752 	 -0.01203 	 -0.00016
rs1551001      	1	29144455	 0.00026 	 0.00152 	 -0.01790 	 -0.00001
rs1551002      	1	29144464	 0.00022 	 0.00130 	 0.00553 	 0.00000
rs1551003      	1	29145354	 0.00026 	 0.00145 	 -0.00825 	 -0.00001
rs1551004      	1	29145688	 0.00026 	 0.00145 	 -0.00314 	 -0.00001
rs9304102      	1	29146822	 0.00024 	 0.00138 	 -0.00685 	 -0.00000
rs1791218      	1	29146918	 0.00022 	 0.01165 	 -0.00127 	 -0.00081
rs9963959      	1	29146950	 0.00025 	 0.00133 	 0.00557 	 0.00000
rs9963820      	1	29146968	 0.00023 	 0.00132 	 0.00404 	 0.00000
rs9963742      	1	29146984	 0.00025 	 0.00172 	 0.01220 	 -0.00001
rs4315413      	1	29147226	 0.00025 	 0.00128 	 -0.00229 	 0.00000
rs1667234      	1	29148814	 0.00022 	 0.00128 	 0.00199 	 0.00000
rs1667235      	1	29149211	 0.00021 	 0.00168 	 0.00277 	 0.00002
rs9951041      	1	29150290	 0.00025 	 0.00140 	 -0.00720 	 -0.00000
rs1941931      	1	29150475	 0.00023 	 0.00130 	 0.00677 	 0.00000
rs735329       	1	29151351	 0.00062 	 0.00291 	 0.05828 	 0.00003
rs7238749      	1	29152719	 0.00027 	 0.00201 	 0.01687 	 0.00001
rs11659687     	1	29153950	 0.00112 	 0.02151 	 0.10318 	 0.00093
rs1667237      	1	29154045	 0.00057 	 0.01470 	 0.09330 	 0.00066
rs4799579      	1	29155172	 0.00070 	 0.02055 	 0.08933 	 0.00079
rs17660933     	1	29155702	 0.00070 	 0.00477 	 0.09631 	 0.00017
rs11081702     	1	29155949	 0.00081 	 0.00694 	 0.09494 	 0.00022
rs2034404      	1	29156302	 0.00067 	 0.00215 	 0.08444 	 0.00001
rs1667239      	1	29156721	 0.00143 	 0.01401 	 0.13283 	 0.00108
rs1375445      	1	29156999	 0.00117 	 0.04035 	 0.12111 	 0.00257
rs1375446      	1	29157335	 0.00049 	 0.00346 	 0.09192 	 0.00004
rs2704058      	1	29157568	 0.00042 	 0.00861 	 0.06734 	 0.00033
rs6506932      	1	29159950	 0.00031 	 0.00163 	 0.03978 	 0.00000
rs7243588      	1	29160612	 0.00030 	 0.00271 	 0.03317 	 0.00003
rs1616887      	1	29160752	 0.00025 	 0.00155 	 0.00290 	 0.00000
rs11662311     	1	29160783	 0.00050 	 0.00202 	 0.06198 	 0.00001
rs2420813      	1	29161365	 0.00051 	 0.00580 	 0.05741 	 0.00016
rs4799581      	1	29161511	 0.00031 	 0.00162 	 0.02814 	 0.00000
rs17740847     	1	29165918	 0.00018 	 0.00355 	 0.00143 	 0.00006
rs1667244      	1	29167905	 0.00028 	 0.00899 	 0.04166 	 0.00033
rs3764479      	1	29169825	 0.00031 	 0.00193 	 -0.00029 	 -0.00000
rs3764478      	1	29170483	 0.00019 	 0.00319 	 -0.00062 	 0.00005
rs723744       	1	29172476	 0.00038 	 0.00611 	 0.03879 	 0.00014
rs1800458      	1	29172865	 0.00096 	 0.00765 	 0.04310 	 0.00017
rs1080093      	1	29173680	 0.00034 	 0.00161 	 0.05259 	 0.00000
rs1080094      	1	29173795	 0.00041 	 0.01339 	 0.07291 	 0.00124
rs3764476      	1	29176460	 0.00038 	 0.00293 	 0.01862 	 0.00006
rs7235277      	1	29176873	 0.00042 	 0.00492 	 0.00791 	 -0.00012
rs3794884      	1	29176971	 0.00034 	 0.00193 	 -0.01388 	 -0.00000
rs1791228      	1	29179040	 0.00071 	 0.00605 	 0.03456 	 0.00011
rs1791229      	1	29182352	 0.00114 	 0.02339 	 0.20351 	 0.00230
rs4799583      	1	29183587	 0.00033 	 0.00159 	 0.05280 	 0.00000
rs1473342      	1	29183812	 0.00040 	 0.00414 	 0.05954 	 0.00011
rs1791201      	1	29185268	 0.00127 	 0.02540 	 0.20419 	 0.00268
rs1667254      	1	29186128	 0.00056 	 0.00693 	 0.12136 	 0.00082
rs1611949      	1	29187166	 0.00118 	 0.01364 	 0.21023 	 0.00204
rs1667255      	1	29187279	 0.00054 	 0.00157 	 0.13760 	 -0.00000
rs1791200      	1	29187573	 0.00043 	 0.00201 	 0.04316 	 -0.00001
rs1791199      	1	29187741	 0.00040 	 0.00662 	 0.04532 	 0.00017
rs1791198      	1	29187889	 0.00042 	 0.01118 	 0.05844 	 0.00054
rs1667257      	1	29188781	 0.00040 	 0.00210 	 -0.00075 	 -0.00001
rs1667258      	1	29189218	 0.00041 	 0.00908 	 -0.00348 	 -0.00034
rs11664321     	1	29189247	 0.00445 	 0.07842 	 -0.16924 	 -0.00576
rs1791197      	1	29189457	 0.00495 	 0.08765 	 -0.22563 	 -0.00999
rs4799585      	1	29190174	 0.00294 	 0.03899 	 -0.08149 	 -0.00158
rs7232056      	1	29193585	 0.00263 	 0.02923 	 -0.04140 	 -0.00090
rs11663991     	1	29194026	 0.00023 	 0.00137 	 -0.00703 	 -0.00000
