rs 	 chr 	 pos 	 postc 	 beta
rs7731592      	1	96288960	 0.01174 	 -0.00558
rs7703341      	1	96290230	 0.01138 	 -0.00418
rs7705093      	1	96290647	 0.01132 	 -0.00712
rs4869317      	1	96292004	 0.00770 	 0.00563
rs7716222      	1	96293006	 0.01120 	 -0.00764
rs62377827     	1	96293021	 0.00827 	 0.00197
rs4360063      	1	96293153	 0.01166 	 -0.01347
rs1363974      	1	96293816	 0.01235 	 -0.05289
rs3909451      	1	96295121	 0.01182 	 -0.01373
rs13358339     	1	96295810	 0.01126 	 -0.00737
rs10058476     	1	96297527	 0.01064 	 -0.00335
rs1423357      	1	96298758	 0.01177 	 0.00027
rs2194245      	1	96303019	 0.02021 	 0.04206
rs1544777      	1	96314230	 0.01083 	 -0.01909
rs3797796      	1	96316758	 0.01207 	 -0.02018
rs10476696     	1	96319607	 0.01154 	 -0.02891
rs38032        	1	96321887	 0.01137 	 -0.02117
rs38033        	1	96322136	 0.01170 	 -0.00807
rs251851       	1	96325018	 0.00999 	 -0.00978
rs58811396     	1	96325101	 0.01150 	 -0.01465
rs38038        	1	96327138	 0.01131 	 0.00108
rs38039        	1	96327289	 0.01158 	 -0.01413
rs27436        	1	96330966	 0.01110 	 0.00112
rs444309       	1	96331369	 0.01085 	 -0.01379
rs27306        	1	96334558	 0.01087 	 -0.00394
rs38043        	1	96336791	 0.01210 	 0.01285
rs38044        	1	96337790	 0.01106 	 0.02602
rs27307        	1	96338505	 0.01070 	 -0.01679
rs27997        	1	96339488	 0.01074 	 0.00275
rs27659        	1	96343552	 0.01136 	 0.01074
rs27711        	1	96345739	 0.01059 	 0.00182
rs27660        	1	96347775	 0.01017 	 -0.00802
rs27290        	1	96350088	 0.01106 	 0.01503
rs18059        	1	96352068	 0.00741 	 -0.00436
rs38029        	1	96353223	 0.01080 	 -0.00695
rs27293        	1	96357178	 0.01156 	 0.00027
rs27295        	1	96358687	 0.01033 	 -0.00658
rs27298        	1	96362800	 0.01086 	 -0.00555
rs27300        	1	96363407	 0.01002 	 -0.00877
rs27712        	1	96364063	 0.01049 	 -0.02330
rs39602        	1	96364454	 0.01110 	 -0.03031
rs27998        	1	96367408	 0.01023 	 0.00008
rs27302        	1	96373750	 0.01044 	 -0.00901
rs27303        	1	96374150	 0.00795 	 0.00617
rs3889528      	1	96377146	 0.00792 	 -0.00554
rs67121228     	1	96383428	 0.01122 	 0.01338
rs316212       	1	96383880	 0.01163 	 0.01272
rs13175726     	1	96387033	 0.01311 	 0.01921
rs11750003     	1	96387990	 0.01236 	 0.02051
rs11740941     	1	96389385	 0.01273 	 0.01856
rs421173       	1	96391590	 0.01342 	 0.01719
rs172724       	1	96394776	 0.01257 	 0.01378
rs2544775      	1	96409760	 0.00797 	 0.00661
rs2544776      	1	96410063	 0.00754 	 0.00176
rs11749186     	1	96411443	 0.00843 	 -0.00847
rs11739416     	1	96412663	 0.00847 	 0.00410
rs11739448     	1	96412825	 0.00874 	 0.01217
rs316223       	1	96413667	 0.00807 	 0.00351
rs316224       	1	96414272	 0.00792 	 0.00368
rs316225       	1	96414855	 0.00856 	 0.00101
rs316226       	1	96415102	 0.00858 	 0.00667
rs316227       	1	96415471	 0.00903 	 0.00361
rs316228       	1	96415941	 0.00856 	 0.01036
rs186414       	1	96415980	 0.00778 	 0.00577
rs221970       	1	96418515	 0.00781 	 0.00019
rs172725       	1	96421026	 0.00883 	 0.00991
rs316220       	1	96423778	 0.00838 	 0.00430
rs316221       	1	96425065	 0.00826 	 0.00727
rs316232       	1	96427085	 0.00800 	 -0.00238
rs316233       	1	96427624	 0.00795 	 0.00071
rs316187       	1	96430832	 0.00838 	 -0.00729
rs182625       	1	96431672	 0.00797 	 -0.00091
rs31018        	1	96433464	 0.00670 	 0.00314
rs316188       	1	96433663	 0.00818 	 0.00538
rs316189       	1	96434177	 0.00802 	 -0.00743
rs316190       	1	96436068	 0.00799 	 -0.00607
rs13167931     	1	96436573	 0.00843 	 -0.00168
rs13154242     	1	96436942	 0.00771 	 -0.00868
rs13173677     	1	96437890	 0.00810 	 -0.00289
rs10043135     	1	96439797	 0.00841 	 -0.00391
rs11954059     	1	96440176	 0.00884 	 -0.01112
rs11958159     	1	96440195	 0.00840 	 -0.00760
rs7717829      	1	96446395	 0.00786 	 0.00560
rs316217       	1	96451980	 0.00765 	 0.00307
rs10039917     	1	96452345	 0.00816 	 0.00685
rs2112179      	1	96460566	 0.01007 	 0.01986
rs31012        	1	96462244	 0.00956 	 -0.01277
rs182624       	1	96473424	 0.00881 	 0.01523
rs31010        	1	96484465	 0.00906 	 -0.01952
rs31009        	1	96484612	 0.00913 	 -0.01269
rs31008        	1	96485286	 0.00783 	 -0.00498
rs31007        	1	96485375	 0.00803 	 -0.00408
rs31006        	1	96485393	 0.00804 	 0.00828
rs1421742      	1	96486656	 0.01064 	 0.14719
rs31005        	1	96486744	 0.00732 	 -0.00039
rs60882672     	1	96487265	 0.01043 	 -0.08327
rs17087385     	1	96487333	 0.01157 	 -0.16215
rs77416136     	1	96488004	 0.01416 	 -0.03338
rs31004        	1	96488080	 0.00811 	 -0.00114
rs432482       	1	96488207	 0.00732 	 -0.00494
rs31003        	1	96490262	 0.00726 	 -0.00072
rs1645200      	1	96491632	 0.00823 	 -0.00581
rs31002        	1	96491698	 0.00793 	 0.00171
rs12653282     	1	96491994	 0.01484 	 -0.04774
rs73143181     	1	96494403	 0.00941 	 -0.00897
rs55680804     	1	96494742	 0.00873 	 0.01671
rs31001        	1	96495771	 0.00715 	 -0.00061
rs31000        	1	96495851	 0.00892 	 -0.01923
rs30999        	1	96496150	 0.00801 	 -0.01044
rs30998        	1	96496189	 0.00795 	 -0.00330
rs316214       	1	96497638	 0.00670 	 0.00143
rs56410653     	1	96497866	 0.01391 	 -0.03741
rs8654         	1	96498783	 0.00719 	 -0.00132
rs30996        	1	96499979	 0.00864 	 -0.00689
rs160632       	1	96503523	 0.00715 	 -0.00442
rs79626725     	1	96504085	 0.01363 	 -0.02337
rs27311        	1	96505108	 0.01333 	 -0.02450
rs27614        	1	96505626	 0.00844 	 -0.02153
rs2432123      	1	96507411	 0.01029 	 0.02783
rs17087396     	1	96508998	 0.00913 	 0.00088
rs316195       	1	96509853	 0.00935 	 -0.00911
rs2432091      	1	96510515	 0.00815 	 -0.02071
rs11135491     	1	96510570	 0.00708 	 0.00078
rs12186637     	1	96512533	 0.00927 	 -0.00517
rs2544771      	1	96512683	 0.00922 	 -0.01443
rs2548319      	1	96512865	 0.00973 	 -0.01359
rs113348596    	1	96514187	 0.00954 	 0.00275
rs111525413    	1	96514440	 0.00914 	 -0.00171
rs6896160      	1	96514982	 0.00820 	 -0.02416
