rs 	 chr 	 pos 	 postc 	 beta
rs12934137     	1	73741667	 0.00329 	 -0.02046
rs2467442      	1	73744419	 0.00473 	 -0.03685
rs1873725      	1	73745354	 0.00498 	 -0.03417
rs2729615      	1	73747541	 0.00215 	 -0.00709
rs4888647      	1	73748328	 0.00285 	 -0.01644
rs4888649      	1	73748770	 0.00309 	 -0.01452
rs12926254     	1	73749706	 0.00247 	 -0.00609
rs12926267     	1	73749720	 0.00286 	 -0.00721
rs11647915     	1	73751420	 0.00385 	 -0.01391
rs9923521      	1	73751730	 0.00654 	 -0.03683
rs7199659      	1	73752414	 0.00575 	 -0.02745
rs61126528     	1	73752660	 0.00807 	 -0.04510
rs8050024      	1	73752671	 0.00628 	 -0.03587
rs12927636     	1	73752878	 0.00543 	 -0.02873
rs16972369     	1	73752982	 0.00794 	 -0.04557
rs7206578      	1	73753033	 0.00479 	 -0.02866
rs7192200      	1	73753179	 0.00509 	 -0.03562
rs7196975      	1	73753229	 0.00587 	 -0.02659
rs7184115      	1	73753234	 0.00601 	 -0.03186
rs7205922      	1	73753290	 0.00542 	 -0.02570
rs73599967     	1	73754222	 0.00810 	 -0.05112
rs1492561      	1	73756213	 0.00268 	 0.01010
rs2639317      	1	73758463	 0.00255 	 0.00617
rs6564491      	1	73760302	 0.01523 	 -0.05205
rs1492562      	1	73761421	 0.01825 	 -0.05522
rs2639314      	1	73762202	 0.00266 	 0.00257
rs2639313      	1	73762338	 0.00289 	 0.00250
rs2729609      	1	73762371	 0.00299 	 0.00585
rs1038867      	1	73762467	 0.01515 	 -0.05400
rs1038865      	1	73762477	 0.01898 	 -0.05542
rs2729608      	1	73764761	 0.00252 	 -0.01327
rs28692599     	1	73767684	 0.01603 	 -0.05530
rs328350       	1	73768111	 0.00249 	 -0.01002
rs28478605     	1	73768917	 0.01678 	 -0.05159
rs328349       	1	73768974	 0.00248 	 0.00268
rs454357       	1	73776418	 0.00251 	 0.00266
rs367823       	1	73777557	 0.00176 	 -0.00061
rs417940       	1	73782596	 0.00171 	 -0.00188
rs35590279     	1	73783727	 0.00192 	 -0.00216
rs729430       	1	73792194	 0.00202 	 -0.00639
rs13337154     	1	73793423	 0.00290 	 0.01988
rs148402432    	1	73795456	 0.00239 	 0.01655
rs72803146     	1	73802362	 0.00295 	 0.01447
rs2452446      	1	73813935	 0.00471 	 0.02165
rs328332       	1	73814294	 0.00331 	 0.01269
rs328331       	1	73816034	 0.00279 	 0.01256
rs744350       	1	73816322	 0.00274 	 0.01290
rs12447336     	1	73817834	 0.00184 	 0.00324
rs328329       	1	73818237	 0.00284 	 0.01222
rs34896513     	1	73818662	 0.00238 	 0.00500
rs328328       	1	73820205	 0.00267 	 0.01168
rs59845183     	1	73821056	 0.00414 	 -0.02285
rs12102676     	1	73821274	 0.00437 	 -0.02212
rs117377150    	1	73825612	 0.00432 	 -0.01862
rs411956       	1	73828330	 0.00276 	 -0.01229
rs16972612     	1	73835712	 0.01068 	 -0.03902
rs59844697     	1	73836905	 0.00927 	 -0.03499
rs73602101     	1	73839322	 0.00265 	 -0.00763
rs328384       	1	73839796	 0.00287 	 0.01741
rs76922768     	1	73840121	 0.00309 	 -0.01099
rs12444017     	1	73843687	 0.00230 	 0.01283
rs328313       	1	73845189	 0.00276 	 -0.00487
rs62044562     	1	73848194	 0.00429 	 0.02211
rs2019175      	1	73848433	 0.00299 	 -0.01776
rs9972777      	1	73848497	 0.00380 	 -0.01807
rs75748199     	1	73848716	 0.00413 	 -0.02011
rs328344       	1	73849897	 0.00454 	 0.01856
rs7499118      	1	73850720	 0.00382 	 0.02148
rs328345       	1	73851342	 0.00411 	 0.01722
rs328346       	1	73851445	 0.00523 	 0.02383
rs328347       	1	73851691	 0.00873 	 0.03501
rs328348       	1	73853094	 0.00574 	 0.02487
rs328326       	1	73854494	 0.00449 	 0.01497
rs11150115     	1	73854745	 0.00345 	 -0.01918
rs753808       	1	73855723	 0.00278 	 -0.01288
rs875270       	1	73855907	 0.00391 	 -0.02573
rs328321       	1	73857956	 0.00776 	 0.03129
rs328365       	1	73864662	 0.00418 	 0.00402
rs76905747     	1	73865292	 0.00262 	 -0.00064
rs328366       	1	73865580	 0.00449 	 0.01083
rs425594       	1	73867002	 0.00348 	 0.02042
rs437468       	1	73867229	 0.00542 	 0.00753
rs2663152      	1	73867924	 0.00544 	 0.00173
rs1492559      	1	73868230	 0.00536 	 -0.01101
rs2966028      	1	73872154	 0.00487 	 0.01085
rs328318       	1	73874362	 0.00550 	 -0.02123
rs228023       	1	73875376	 0.00856 	 0.03516
rs328319       	1	73875786	 0.01339 	 0.04397
rs62044574     	1	73875983	 0.00416 	 0.00753
rs328374       	1	73876908	 0.00570 	 0.02910
rs17331301     	1	73882647	 0.00270 	 -0.01004
rs61248130     	1	73883241	 0.00574 	 0.02717
rs328380       	1	73884655	 0.00937 	 0.03766
rs1877354      	1	73885149	 0.00593 	 0.02416
rs2639326      	1	73886612	 0.01599 	 0.04901
rs11647521     	1	73886915	 0.00396 	 -0.01689
rs78093707     	1	73888383	 0.00297 	 0.00235
rs2729613      	1	73888597	 0.00969 	 0.03217
rs10500575     	1	73889464	 0.00233 	 0.00479
rs62041461     	1	73890070	 0.00630 	 0.02172
rs12599353     	1	73890093	 0.00602 	 0.02346
rs328312       	1	73890910	 0.01648 	 0.04409
rs4888917      	1	73893073	 0.00560 	 0.02929
rs17331662     	1	73894022	 0.00713 	 0.03459
rs4888010      	1	73895046	 0.01040 	 0.03333
rs2892190      	1	73899352	 0.00592 	 0.03951
rs4888921      	1	73899994	 0.02853 	 -0.04543
rs6564665      	1	73900957	 0.00601 	 0.04042
rs7197557      	1	73901109	 0.00514 	 0.03544
rs62041525     	1	73902486	 0.00294 	 0.01371
rs8047488      	1	73904074	 0.23192 	 -0.06755
rs9922664      	1	73909507	 0.29397 	 -0.06802
rs11647652     	1	73909650	 0.15011 	 -0.06403
rs13336070     	1	73911101	 0.17441 	 -0.06598
rs60063924     	1	73911357	 0.02297 	 -0.04664
rs1104608      	1	73912588	 0.00698 	 0.02316
rs74472684     	1	73915635	 0.00283 	 0.00512
rs77046572     	1	73915885	 0.00281 	 0.00923
rs12446615     	1	73915896	 0.00317 	 0.01147
rs62041531     	1	73917742	 0.00239 	 0.00759
rs62041533     	1	73922733	 0.00258 	 -0.01634
rs12932508     	1	73931530	 0.00287 	 -0.01612
rs12446725     	1	73932590	 0.00296 	 -0.01455
rs17332447     	1	73932916	 0.00258 	 -0.00536
rs4343313      	1	73934160	 0.00408 	 -0.01783
rs7205501      	1	73939507	 0.00312 	 -0.01456
rs7204990      	1	73941718	 0.00279 	 0.01939
rs67456789     	1	73949945	 0.00287 	 -0.01427
rs10500580     	1	73950557	 0.00304 	 -0.00798
rs10500579     	1	73952469	 0.00285 	 -0.01243
rs72787307     	1	73955502	 0.00775 	 -0.03605
rs6564720      	1	73959349	 0.00218 	 0.01123
rs12596410     	1	73964938	 0.00334 	 -0.02100
rs62041537     	1	73966766	 0.00342 	 -0.02072
rs62041538     	1	73966796	 0.00350 	 -0.01108
rs57674104     	1	73968351	 0.00378 	 -0.02096
rs149745628    	1	73969223	 0.00345 	 -0.01839
rs12447380     	1	73969742	 0.00252 	 -0.00405
rs11150242     	1	73970621	 0.00256 	 -0.00900
