rs 	 chr 	 pos 	 postc 	 beta
rs927639       	1	98359014	 0.00466 	 0.00557
rs1324261      	1	98359623	 0.00448 	 0.00195
rs7101320      	1	98367218	 0.00723 	 0.02496
rs11188853     	1	98369256	 0.00653 	 0.01735
rs11188854     	1	98371061	 0.00574 	 0.01101
rs10882826     	1	98371084	 0.00787 	 0.03305
rs4919040      	1	98371147	 0.00685 	 0.01854
rs7478356      	1	98371512	 0.00716 	 0.00991
rs1983831      	1	98371748	 0.00545 	 0.01583
rs4917742      	1	98374426	 0.00664 	 0.01602
rs10882828     	1	98374601	 0.00643 	 0.01589
rs10736114     	1	98375000	 0.00614 	 0.01369
rs727329       	1	98375785	 0.00477 	 0.00681
rs11596148     	1	98377488	 0.00679 	 0.02973
rs11188856     	1	98377940	 0.00628 	 0.01971
rs912480       	1	98378250	 0.00746 	 0.02071
rs3748235      	1	98379928	 0.00532 	 0.01260
rs3748234      	1	98380277	 0.00421 	 0.00617
rs7914154      	1	98380544	 0.00499 	 0.01123
rs4917743      	1	98381191	 0.00368 	 -0.00167
rs10882829     	1	98381645	 0.00472 	 -0.01007
rs9633706      	1	98382303	 0.00371 	 -0.01047
rs12571884     	1	98382554	 0.00354 	 -0.00017
rs4917744      	1	98382882	 0.00303 	 0.00145
rs60138313     	1	98383147	 0.00413 	 -0.00492
rs4917745      	1	98383329	 0.00402 	 -0.00565
rs7905024      	1	98384147	 0.00361 	 -0.00481
rs4919042      	1	98385545	 0.00377 	 0.00013
rs4919043      	1	98386012	 0.00386 	 0.00714
rs1469847      	1	98386433	 0.00403 	 0.01331
rs7895655      	1	98389269	 0.00412 	 0.00806
rs7896097      	1	98389358	 0.00384 	 -0.00151
rs10882831     	1	98389401	 0.00382 	 0.00974
rs72818983     	1	98390046	 0.00412 	 -0.01336
rs7900070      	1	98390145	 0.00421 	 0.01222
rs6584091      	1	98390239	 0.00417 	 0.01796
rs10882833     	1	98390412	 0.00398 	 -0.00441
rs4489672      	1	98391416	 0.00441 	 0.01351
rs2902004      	1	98391887	 0.00845 	 0.02123
rs4919045      	1	98393057	 0.00753 	 -0.12905
rs7906662      	1	98393332	 0.00444 	 -0.00477
rs7921189      	1	98393334	 0.00527 	 -0.00933
rs6584093      	1	98393725	 0.00497 	 0.01278
rs7894214      	1	98393929	 0.00651 	 -0.10931
rs7069485      	1	98394374	 0.00504 	 -0.01376
rs10882835     	1	98394659	 0.00484 	 -0.00764
rs2025452      	1	98395083	 0.00866 	 0.11596
rs1036432      	1	98395287	 0.00717 	 0.08810
rs1964409      	1	98395449	 0.00800 	 0.08264
rs12243605     	1	98396227	 0.00390 	 -0.00229
rs7906985      	1	98396739	 0.00387 	 -0.00086
rs10218891     	1	98396889	 0.00385 	 0.00245
rs12251867     	1	98399731	 0.00363 	 0.00371
rs11188867     	1	98400596	 0.00571 	 -0.00849
rs11188868     	1	98402047	 0.00547 	 -0.01384
rs11188870     	1	98403546	 0.00737 	 0.02167
rs11188871     	1	98403893	 0.00743 	 -0.02221
rs11188872     	1	98404054	 0.00653 	 -0.01695
rs7904212      	1	98404708	 0.00556 	 -0.01186
rs4919048      	1	98407483	 0.00792 	 0.02330
rs912482       	1	98407991	 0.00740 	 0.02208
rs10748687     	1	98410170	 0.00604 	 -0.01819
rs3748232      	1	98410901	 0.01238 	 -0.02738
rs11188874     	1	98413029	 0.00530 	 -0.01431
rs6584094      	1	98414844	 0.00404 	 -0.00717
rs7098785      	1	98417930	 0.00421 	 -0.00950
rs10509712     	1	98433420	 0.00350 	 0.00226
rs517490       	1	98435912	 0.00375 	 0.00177
rs610933       	1	98435940	 0.00376 	 -0.00422
rs611378       	1	98436045	 0.00429 	 -0.00779
rs624029       	1	98436548	 0.00374 	 -0.00275
rs624462       	1	98436626	 0.00365 	 -0.01005
rs569344       	1	98437665	 0.00405 	 -0.00871
rs2614953      	1	98475564	 0.00548 	 0.01656
rs563654       	1	98478449	 0.00314 	 -0.00123
rs1172459      	1	98511811	 0.00392 	 0.00641
rs648634       	1	98514274	 0.00393 	 -0.01105
rs9420692      	1	98516687	 0.00372 	 -0.00004
rs2486645      	1	98517581	 0.00402 	 -0.00686
rs668098       	1	98518950	 0.00397 	 -0.00675
rs2790473      	1	98519995	 0.00417 	 -0.01251
rs1769325      	1	98521228	 0.00407 	 -0.00994
rs505010       	1	98521516	 0.00388 	 -0.01032
rs75111067     	1	98555220	 0.00872 	 -0.06166
rs6584099      	1	98556785	 0.01632 	 0.03101
rs10882842     	1	98557448	 0.01496 	 0.03129
rs11188924     	1	98558094	 0.01503 	 0.03266
rs112476011    	1	98558276	 0.00754 	 0.00843
rs57807455     	1	98558501	 0.01421 	 0.04394
rs7090880      	1	98559018	 0.00804 	 -0.03378
rs6584100      	1	98559942	 0.03980 	 0.04723
rs9419827      	1	98560869	 0.00810 	 0.03013
rs57262746     	1	98560916	 0.00770 	 -0.00760
rs58409956     	1	98560970	 0.00822 	 0.03911
rs56978815     	1	98561013	 0.02545 	 0.09374
rs115858856    	1	98561043	 0.00784 	 -0.03663
rs12243114     	1	98561197	 0.00783 	 -0.00323
rs10786311     	1	98561226	 0.04967 	 0.05275
rs12265606     	1	98563189	 0.00825 	 -0.02706
rs73318637     	1	98568445	 0.00867 	 -0.00880
rs12248349     	1	98568742	 0.00800 	 -0.00171
rs12264950     	1	98569570	 0.00838 	 0.00136
rs12250548     	1	98569734	 0.00844 	 -0.03816
rs73318641     	1	98571255	 0.00804 	 0.00159
rs11188929     	1	98573366	 0.00807 	 -0.00782
rs11188930     	1	98574299	 0.00568 	 0.01945
rs72826107     	1	98577794	 0.00506 	 0.00299
rs57391478     	1	98578149	 0.01058 	 -0.00462
rs2486642      	1	98579208	 0.03327 	 0.04072
rs28505353     	1	98581070	 0.01133 	 0.02065
rs7895914      	1	98582808	 0.01156 	 0.02879
rs111682442    	1	98583442	 0.01124 	 0.01812
rs6584101      	1	98584546	 0.01091 	 0.02009
rs2185294      	1	98584805	 0.03719 	 0.04510
rs6584102      	1	98585382	 0.01986 	 0.02179
rs12264014     	1	98587136	 0.01244 	 0.02704
rs76608037     	1	98587496	 0.00697 	 0.01101
rs74153734     	1	98587656	 0.01617 	 0.11186
rs12244490     	1	98588223	 0.01590 	 0.09969
rs6584103      	1	98589730	 0.02991 	 0.03893
rs111835023    	1	98592843	 0.03923 	 0.04705
rs11188937     	1	98594223	 0.00992 	 0.00661
rs7894418      	1	98594701	 0.00953 	 -0.00060
rs7895214      	1	98595326	 0.00990 	 0.00916
rs12242330     	1	98596053	 0.01151 	 0.05053
rs7899594      	1	98596282	 0.00472 	 -0.01002
rs12259265     	1	98597420	 0.01071 	 0.03414
rs11188940     	1	98598274	 0.01374 	 0.10666
rs7921193      	1	98601157	 0.01070 	 0.05133
rs12246067     	1	98603196	 0.00999 	 0.01368
rs12262784     	1	98604466	 0.00973 	 0.00152
rs7893144      	1	98607167	 0.00650 	 -0.00910
rs4919056      	1	98607280	 0.04258 	 0.05024
rs7893564      	1	98607355	 0.01024 	 0.00884
rs12266068     	1	98609059	 0.01083 	 0.03556
rs59751908     	1	98609993	 0.01033 	 0.02163
rs4542327      	1	98611907	 0.04355 	 0.05377
rs7922565      	1	98619035	 0.00494 	 0.01362
rs7911787      	1	98619568	 0.00497 	 0.01225
rs58550844     	1	98619715	 0.00477 	 0.01650
rs7921885      	1	98624279	 0.01022 	 0.02119
rs7069290      	1	98624993	 0.04069 	 0.04446
rs11188954     	1	98628892	 0.01043 	 0.04058
rs10882853     	1	98629802	 0.04754 	 0.05554
rs11188956     	1	98630588	 0.01170 	 0.05449
rs4532970      	1	98633942	 0.04027 	 0.04513
rs57408003     	1	98635142	 0.00674 	 0.01951
