rs 	 chr 	 pos 	 postc 	 beta
rs67848336     	1	31283457	 0.00880 	 0.03292
rs55712218     	1	31283717	 0.00918 	 0.02355
rs12436915     	1	31284294	 0.00799 	 0.02922
rs12436979     	1	31284341	 0.00868 	 0.02197
rs67617767     	1	31284729	 0.01099 	 0.04273
rs55650763     	1	31285341	 0.00947 	 0.02815
rs56164404     	1	31285454	 0.01162 	 0.06362
rs55688782     	1	31285643	 0.01239 	 0.06640
rs75403731     	1	31285751	 0.00913 	 0.03079
rs55769843     	1	31286674	 0.00928 	 0.03964
rs4981784      	1	31287967	 0.00845 	 0.01616
rs11156641     	1	31288146	 0.01017 	 0.03110
rs75594033     	1	31288517	 0.00877 	 -0.02621
rs11156642     	1	31290340	 0.01053 	 0.03202
rs8004725      	1	31290663	 0.01011 	 0.02893
rs12590152     	1	31292067	 0.00989 	 0.00311
rs8007471      	1	31294944	 0.01009 	 -0.03240
rs8013230      	1	31295103	 0.00932 	 0.00781
rs12586222     	1	31297491	 0.00908 	 0.01468
rs12587585     	1	31299420	 0.01016 	 0.03217
rs12586760     	1	31303847	 0.01176 	 0.03485
rs72666502     	1	31304776	 0.01164 	 0.03809
rs12587101     	1	31307128	 0.01655 	 0.06073
rs12590909     	1	31309814	 0.01712 	 0.06335
rs56035112     	1	31310505	 0.01126 	 -0.04801
rs12050381     	1	31313718	 0.00776 	 -0.02618
rs10872845     	1	31314001	 0.00487 	 0.00495
rs67216182     	1	31314863	 0.01758 	 0.05304
rs12050096     	1	31315067	 0.00751 	 -0.02155
rs12050295     	1	31315293	 0.00744 	 -0.02398
rs7155926      	1	31317214	 0.00981 	 0.02070
rs56279191     	1	31317381	 0.01322 	 0.06737
rs73252868     	1	31317480	 0.00728 	 -0.02555
rs67409456     	1	31336485	 0.01518 	 0.04572
rs17097458     	1	31355527	 0.00509 	 -0.01695
rs2073204      	1	31358377	 0.00428 	 0.00377
rs8011187      	1	31360137	 0.00656 	 0.01509
rs12884979     	1	31360281	 0.00471 	 0.00851
rs10148294     	1	31361742	 0.01054 	 -0.02263
rs8022032      	1	31362385	 0.00622 	 0.01102
rs10483359     	1	31366334	 0.00481 	 -0.02745
rs12434740     	1	31366715	 0.00985 	 -0.02122
rs17097477     	1	31366895	 0.00938 	 -0.01811
rs77885722     	1	31369971	 0.00553 	 -0.01781
rs17097482     	1	31370073	 0.00502 	 -0.00194
rs10129452     	1	31371314	 0.00735 	 0.01946
rs58307523     	1	31371338	 0.00498 	 -0.01531
rs10872846     	1	31371437	 0.01389 	 -0.04054
rs766146       	1	31375322	 0.01427 	 -0.03503
rs35422372     	1	31376798	 0.01282 	 -0.03355
rs77632118     	1	31377327	 0.01036 	 0.04067
rs56298468     	1	31378255	 0.00752 	 0.02590
rs8022619      	1	31378455	 0.00805 	 0.03179
rs11621991     	1	31379614	 0.00714 	 0.01975
rs3736742      	1	31380191	 0.00524 	 0.00792
rs2273171      	1	31381351	 0.01074 	 -0.02477
rs17097503     	1	31381744	 0.00720 	 0.02391
rs17097512     	1	31384366	 0.00524 	 -0.01372
rs6571369      	1	31384506	 0.00508 	 0.01029
rs7140306      	1	31385130	 0.00816 	 0.03149
rs67648672     	1	31385144	 0.01200 	 -0.03520
rs1967699      	1	31385733	 0.01306 	 -0.03628
rs9322865      	1	31386219	 0.00769 	 0.02227
rs9322866      	1	31386426	 0.01319 	 -0.03636
rs17097531     	1	31388723	 0.00542 	 0.02721
rs7140667      	1	31390477	 0.00797 	 0.02674
rs10483357     	1	31391048	 0.00540 	 0.01818
rs72668352     	1	31391070	 0.00705 	 -0.00840
rs10138011     	1	31393057	 0.01374 	 -0.04117
rs79428949     	1	31393261	 0.00493 	 -0.00184
rs12894339     	1	31393475	 0.00618 	 0.01086
rs10141421     	1	31394171	 0.00660 	 -0.01684
rs72668356     	1	31396585	 0.00527 	 -0.00979
rs10151219     	1	31396962	 0.00749 	 -0.00320
rs10150991     	1	31397047	 0.00863 	 0.03651
rs10140238     	1	31397053	 0.00625 	 0.00715
rs2295129      	1	31398074	 0.00585 	 -0.04170
rs7153141      	1	31399900	 0.00573 	 0.00315
rs7153166      	1	31399938	 0.00933 	 0.03249
rs10483356     	1	31400682	 0.00567 	 -0.07581
rs61976773     	1	31401745	 0.00588 	 -0.04995
rs10147690     	1	31401885	 0.00609 	 -0.00153
rs1033559      	1	31402793	 0.00746 	 -0.00259
rs10483355     	1	31402904	 0.00510 	 -0.02257
rs76078212     	1	31403869	 0.00589 	 0.03429
rs9322868      	1	31404277	 0.00891 	 0.02176
rs8008780      	1	31407363	 0.00573 	 -0.02189
rs77953660     	1	31411962	 0.00634 	 0.02365
rs80082494     	1	31412110	 0.00635 	 0.03748
rs11625978     	1	31412656	 0.00554 	 -0.03435
rs7150699      	1	31412999	 0.00570 	 -0.02396
rs10145545     	1	31413053	 0.00745 	 -0.00412
rs74515104     	1	31413365	 0.00558 	 0.02605
rs7150316      	1	31413492	 0.00592 	 -0.04530
rs10135412     	1	31413652	 0.00742 	 0.00435
rs61129484     	1	31414545	 0.00526 	 0.00249
rs55687047     	1	31414943	 0.00605 	 0.02262
rs10129393     	1	31415130	 0.00859 	 0.02975
rs11623403     	1	31417816	 0.00571 	 0.00622
rs61976775     	1	31418059	 0.00609 	 -0.03442
rs61976776     	1	31418213	 0.00590 	 -0.01225
rs17097601     	1	31418324	 0.00524 	 -0.01287
rs7350754      	1	31418590	 0.00650 	 0.03434
rs111753981    	1	31418852	 0.00734 	 -0.00802
rs61508230     	1	31419357	 0.00605 	 0.02995
rs17448194     	1	31422131	 0.00749 	 -0.01218
rs8018402      	1	31422972	 0.00612 	 0.01398
rs72668364     	1	31423086	 0.00864 	 0.03580
rs17097608     	1	31423617	 0.00523 	 -0.00971
rs2378813      	1	31424661	 0.00695 	 -0.00660
rs17097614     	1	31425457	 0.00512 	 -0.00040
rs111914159    	1	31426257	 0.00560 	 0.01746
rs12436401     	1	31426476	 0.00789 	 -0.01351
rs75082742     	1	31427657	 0.00545 	 0.00317
rs17097617     	1	31427677	 0.00477 	 0.01291
rs76516408     	1	31428663	 0.00557 	 0.02013
rs76745020     	1	31429690	 0.00563 	 0.00091
rs75970286     	1	31429872	 0.00550 	 0.00187
rs12884687     	1	31430367	 0.00627 	 0.01440
rs72668370     	1	31431152	 0.00782 	 0.03782
rs76005405     	1	31431516	 0.00582 	 -0.00171
rs12019004     	1	31431570	 0.00800 	 -0.01455
rs78674670     	1	31431802	 0.00572 	 0.00640
rs75380699     	1	31431929	 0.00596 	 -0.00229
rs55708493     	1	31431982	 0.00535 	 0.01092
rs112958100    	1	31432653	 0.00569 	 -0.00029
rs2179932      	1	31433473	 0.00790 	 0.01862
rs28648046     	1	31434569	 0.00747 	 0.00410
rs57706775     	1	31434971	 0.00588 	 0.00879
rs113549651    	1	31435005	 0.00532 	 0.01128
rs112818651    	1	31435409	 0.00573 	 -0.00492
rs4981811      	1	31436007	 0.00602 	 0.00745
rs112187569    	1	31436218	 0.00631 	 -0.00519
rs113608116    	1	31436507	 0.00552 	 -0.00043
rs6571374      	1	31436650	 0.00580 	 0.00738
rs67209135     	1	31437576	 0.00809 	 0.00062
rs111937801    	1	31437662	 0.00531 	 0.00150
rs10872848     	1	31438178	 0.00575 	 0.00551
rs12590617     	1	31439194	 0.00738 	 0.00110
rs72668381     	1	31439528	 0.00547 	 0.00100
rs61976796     	1	31440580	 0.00523 	 -0.00056
rs56240895     	1	31441637	 0.00573 	 -0.00678
rs1977130      	1	31441765	 0.00537 	 -0.00778
rs1884057      	1	31442224	 0.00666 	 0.00732
rs4981812      	1	31444086	 0.00761 	 0.04990
rs60862458     	1	31444336	 0.00493 	 0.01685
rs10138452     	1	31444486	 0.00699 	 0.00143
rs28535014     	1	31444917	 0.00602 	 0.00242
rs9707664      	1	31446961	 0.00562 	 -0.00813
rs67898509     	1	31447863	 0.00594 	 0.07260
rs61976799     	1	31449190	 0.00524 	 0.01569
rs111429472    	1	31449738	 0.00595 	 -0.04437
rs75860126     	1	31452528	 0.00473 	 0.01231
rs56136496     	1	31453189	 0.00557 	 -0.00431
rs11624092     	1	31453343	 0.00491 	 -0.00523
rs66463317     	1	31453527	 0.00708 	 -0.00266
rs10459469     	1	31453596	 0.00545 	 0.00043
rs11625390     	1	31454329	 0.00528 	 0.00989
rs7146837      	1	31455036	 0.00467 	 -0.01173
rs8010398      	1	31455452	 0.00751 	 0.01754
rs6571380      	1	31455817	 0.00651 	 -0.00263
rs2024662      	1	31457222	 0.00625 	 0.00914
rs11622687     	1	31459129	 0.00530 	 0.00596
rs9322869      	1	31460042	 0.00612 	 0.00698
rs10444696     	1	31460280	 0.00744 	 0.00132
rs56862737     	1	31460671	 0.00526 	 -0.01091
rs72670303     	1	31462079	 0.00505 	 0.02027
rs7155894      	1	31465241	 0.00589 	 -0.00307
rs61976802     	1	31465614	 0.00553 	 -0.00917
rs2378815      	1	31465866	 0.00551 	 0.01873
rs10140025     	1	31466131	 0.00639 	 -0.01071
rs60990438     	1	31466738	 0.00521 	 0.06125
rs11627379     	1	31468418	 0.00495 	 0.01728
rs56251680     	1	31468839	 0.00637 	 0.02352
rs179698       	1	31470474	 0.00648 	 0.01810
rs179699       	1	31470599	 0.00615 	 0.01019
rs179701       	1	31471476	 0.00572 	 0.00542
rs179702       	1	31471585	 0.00698 	 -0.01827
rs179704       	1	31472600	 0.00618 	 0.00249
rs179706       	1	31474299	 0.00606 	 0.00744
rs179707       	1	31475547	 0.00581 	 0.00236
rs179709       	1	31475862	 0.00624 	 -0.00168
rs179711       	1	31476956	 0.00582 	 0.01659
rs179712       	1	31477042	 0.00602 	 -0.00954
