rs 	 chr 	 pos 	 postc 	 beta
rs113893746    	1	2552541	 0.00120 	 -0.00206
rs6930814      	1	2553036	 0.00141 	 0.00426
rs73717014     	1	2553050	 0.00135 	 -0.00656
rs6903891      	1	2553611	 0.00129 	 -0.00330
rs7771984      	1	2554266	 0.00164 	 0.00228
rs7748519      	1	2554405	 0.00140 	 0.00023
rs7748540      	1	2554457	 0.00153 	 -0.00286
rs56060084     	1	2555394	 0.00162 	 0.00179
rs55894727     	1	2555665	 0.00149 	 0.00356
rs59126313     	1	2555896	 0.00150 	 -0.00028
rs76643298     	1	2556313	 0.00162 	 0.00206
rs143874523    	1	2556396	 0.00112 	 0.00598
rs58282599     	1	2556706	 0.00144 	 0.00023
rs76936688     	1	2563856	 0.00134 	 -0.00185
rs77715289     	1	2574094	 0.00417 	 -0.04454
rs2794563      	1	2608796	 0.00136 	 -0.00540
rs12197076     	1	2610545	 0.00146 	 0.00167
rs7753970      	1	2613909	 0.00130 	 -0.00515
rs7755154      	1	2613944	 0.00138 	 -0.00266
rs12204551     	1	2614232	 0.00185 	 0.01126
rs6927985      	1	2615342	 0.00175 	 0.01530
rs12195939     	1	2619971	 0.00185 	 0.01937
rs12205879     	1	2620193	 0.00190 	 0.01889
rs900398       	1	2622105	 0.00199 	 0.02075
rs1545849      	1	2622911	 0.00207 	 0.01708
rs9501863      	1	2623423	 0.00126 	 -0.00526
rs17135340     	1	2624053	 0.00253 	 0.02074
rs12213592     	1	2624381	 0.00234 	 0.02187
rs12213751     	1	2624604	 0.00241 	 0.02246
rs12213864     	1	2624842	 0.00272 	 0.01996
rs7771891      	1	2625304	 0.00268 	 0.02298
rs12190315     	1	2626083	 0.00238 	 0.02433
rs9503235      	1	2627140	 0.00158 	 -0.00686
rs12199629     	1	2627901	 0.00220 	 0.02432
rs7759042      	1	2629151	 0.00242 	 0.02339
rs9503236      	1	2630467	 0.00239 	 0.02004
rs9503237      	1	2631241	 0.00304 	 0.02267
rs6920352      	1	2631965	 0.00328 	 0.02340
rs72840036     	1	2632793	 0.00152 	 -0.00146
rs10900927     	1	2632929	 0.00694 	 0.03055
rs6930750      	1	2633674	 0.00266 	 0.02349
rs6938753      	1	2634939	 0.00235 	 -0.01900
rs9328110      	1	2635495	 0.00114 	 -0.00409
rs9405571      	1	2638542	 0.01113 	 -0.03301
rs71552133     	1	2659056	 0.27638 	 0.13821
rs733985       	1	2666932	 0.00233 	 -0.02086
rs34996268     	1	2669005	 0.66641 	 0.15326
rs12208639     	1	2669246	 0.00230 	 0.02453
rs12195912     	1	2669793	 0.01630 	 0.07230
rs7772107      	1	2669896	 0.02450 	 0.04102
rs12200414     	1	2670186	 0.01858 	 0.08961
rs12214362     	1	2670203	 0.01832 	 0.08695
rs9328113      	1	2671994	 0.01240 	 0.03768
rs12193153     	1	2673122	 0.01264 	 0.06396
rs72840075     	1	2681733	 0.00882 	 0.03311
rs9503250      	1	2682059	 0.00793 	 0.03336
rs966232       	1	2685677	 0.01267 	 0.03694
rs9501875      	1	2685970	 0.01443 	 0.03949
rs9392414      	1	2686488	 0.01863 	 0.04092
rs34400476     	1	2689553	 0.00635 	 -0.01001
rs35893759     	1	2689688	 0.00667 	 -0.00587
rs78143107     	1	2689826	 0.00587 	 -0.02868
rs74687036     	1	2689827	 0.00662 	 -0.01360
rs9503253      	1	2692122	 0.00199 	 0.02415
rs9391962      	1	2693442	 0.00138 	 -0.00420
rs28576889     	1	2693786	 0.00157 	 -0.00872
rs13211557     	1	2697688	 0.00444 	 -0.02684
rs6917059      	1	2699502	 0.00517 	 0.03102
rs2147401      	1	2703750	 0.00124 	 0.00311
rs4142287      	1	2705227	 0.00127 	 0.00522
rs9328120      	1	2707403	 0.00129 	 0.01114
rs927714       	1	2710763	 0.00159 	 0.00726
rs6929056      	1	2718140	 0.00148 	 0.00529
rs6929240      	1	2718204	 0.00130 	 0.00431
rs6596905      	1	2719399	 0.00176 	 0.00329
rs6596907      	1	2719496	 0.00152 	 0.00055
rs6596908      	1	2719591	 0.00138 	 0.00867
rs4959205      	1	2719613	 0.00128 	 0.00349
rs4959206      	1	2719902	 0.00165 	 0.00045
rs4959209      	1	2720366	 0.00123 	 0.00338
rs9405182      	1	2720502	 0.00148 	 0.00019
rs9392421      	1	2720764	 0.00129 	 0.00226
rs9501881      	1	2720867	 0.00105 	 0.00011
rs10900928     	1	2721009	 0.00155 	 0.00588
rs6931611      	1	2721266	 0.00130 	 0.00110
rs6930284      	1	2721268	 0.00126 	 0.00586
rs6930470      	1	2721323	 0.00125 	 0.00514
rs4959713      	1	2721352	 0.00133 	 0.00205
rs77699139     	1	2732971	 0.02095 	 -0.04993
rs4959717      	1	2737052	 0.02133 	 -0.05140
rs4959718      	1	2737077	 0.00139 	 -0.00871
rs4959719      	1	2737207	 0.02671 	 -0.05371
rs4959720      	1	2737208	 0.01679 	 -0.04740
rs4959722      	1	2738160	 0.02690 	 -0.05206
rs9503291      	1	2739429	 0.02542 	 -0.05240
rs4959724      	1	2740085	 0.00106 	 -0.00322
rs12206599     	1	2741241	 0.00128 	 -0.00298
rs6931608      	1	2742567	 0.00129 	 -0.00180
rs9392424      	1	2742621	 0.00134 	 -0.01023
rs62389653     	1	2742834	 0.00148 	 -0.00322
rs58073672     	1	2742845	 0.00127 	 -0.00351
rs35293043     	1	2743237	 0.00164 	 -0.00437
rs7775946      	1	2743245	 0.00220 	 -0.01691
rs12194035     	1	2746568	 0.10542 	 0.13106
rs72838577     	1	2747040	 0.11683 	 0.13297
rs2169375      	1	2747530	 0.01258 	 0.07243
rs4959726      	1	2747741	 0.00422 	 0.02691
rs34867293     	1	2747884	 0.01078 	 0.06193
rs12525682     	1	2748046	 0.00469 	 0.00498
rs17135668     	1	2748517	 0.03205 	 0.09356
rs2219634      	1	2748877	 0.10458 	 0.13195
rs2296356      	1	2749381	 0.01444 	 -0.07928
rs2296355      	1	2749661	 0.03179 	 0.09276
rs1033916      	1	2750426	 0.00803 	 0.05071
rs9405584      	1	2750745	 0.03636 	 0.09836
rs13204159     	1	2752338	 0.05265 	 0.12112
rs17135673     	1	2753152	 0.01351 	 0.03221
rs34477540     	1	2754776	 0.00782 	 0.04690
rs1466390      	1	2754794	 0.03222 	 0.07463
rs17135674     	1	2755258	 0.02793 	 0.03430
rs7750121      	1	2755934	 0.04922 	 0.11354
rs1535923      	1	2756683	 0.05208 	 0.09510
rs1018620      	1	2756785	 0.04650 	 0.09512
rs4959729      	1	2756880	 0.04911 	 0.09489
rs17135676     	1	2756982	 0.01320 	 0.02802
rs12198380     	1	2757009	 0.00739 	 0.05972
rs9501886      	1	2758152	 0.04835 	 0.08559
rs12202342     	1	2759201	 0.00945 	 0.07105
rs13202839     	1	2759271	 0.03585 	 0.09715
rs75785721     	1	2759490	 0.01571 	 0.05261
rs9503296      	1	2759913	 0.05950 	 0.10165
rs10080768     	1	2760245	 0.06481 	 0.10954
rs10080269     	1	2760373	 0.00671 	 0.03903
rs12211792     	1	2760407	 0.04271 	 0.10730
rs1381326      	1	2760872	 0.04088 	 0.10661
rs75797932     	1	2761485	 0.00166 	 -0.00782
rs6919796      	1	2762291	 0.00696 	 0.02497
rs6596914      	1	2762566	 0.00687 	 0.02418
rs7757318      	1	2762742	 0.04049 	 0.10878
rs12215900     	1	2762802	 0.03730 	 0.09804
rs9501887      	1	2762828	 0.00157 	 0.01186
rs80197871     	1	2762941	 0.01993 	 0.07046
rs75357382     	1	2763051	 0.00129 	 -0.00839
rs12191927     	1	2763052	 0.04239 	 0.10990
rs12196542     	1	2763101	 0.03433 	 0.10024
rs4959730      	1	2763112	 0.07730 	 0.11657
rs34503764     	1	2763354	 0.00714 	 0.03279
rs13196284     	1	2763515	 0.02116 	 0.09015
rs13193327     	1	2763613	 0.01637 	 0.08171
rs6596916      	1	2763629	 0.08490 	 0.11595
rs13193342     	1	2763663	 0.00750 	 0.00161
rs6596917      	1	2763668	 0.05874 	 0.10418
rs13207957     	1	2763682	 0.00620 	 0.00240
rs13196532     	1	2763726	 0.05972 	 0.10544
rs6900099      	1	2763738	 0.02065 	 0.07922
rs6922354      	1	2763885	 0.09459 	 0.11084
rs6942236      	1	2763908	 0.01979 	 0.08986
rs9392425      	1	2763923	 0.00148 	 0.00287
rs6922514      	1	2763935	 0.08507 	 0.10467
rs13210509     	1	2764015	 0.04012 	 0.10242
