rs 	 chr 	 pos 	 postc 	 beta
rs2371669      	1	82971066	 0.00201 	 0.01163
rs13309288     	1	82974619	 0.00199 	 0.01207
rs4416776      	1	82976066	 0.00206 	 0.00854
rs3109167      	1	82977124	 0.00198 	 0.00073
rs2722998      	1	82978643	 0.00201 	 0.00416
rs3109168      	1	82979064	 0.00816 	 0.03496
rs2722974      	1	83029438	 0.00251 	 0.00732
rs2709931      	1	83033278	 0.00460 	 -0.05155
rs17285647     	1	83033641	 0.01317 	 0.03488
rs17213384     	1	83033696	 0.01844 	 0.05101
rs2709932      	1	83033721	 0.00489 	 -0.05323
rs3757606      	1	83034238	 0.00812 	 -0.12528
rs2245441      	1	83034754	 0.00487 	 -0.04364
rs2709935      	1	83034899	 0.00446 	 0.00397
rs3735512      	1	83035177	 0.00517 	 -0.04664
rs2709936      	1	83035907	 0.00597 	 -0.10791
rs2722982      	1	83036029	 0.00396 	 0.01441
rs2709938      	1	83036085	 0.00452 	 -0.05289
rs2709942      	1	83036861	 0.00456 	 -0.04864
rs2722985      	1	83037751	 0.00486 	 -0.04555
rs2709955      	1	83038107	 0.00413 	 0.01428
rs2723038      	1	83038108	 0.00389 	 0.02531
rs2245114      	1	83038203	 0.00470 	 -0.06205
rs17214056     	1	83038365	 0.01256 	 0.02100
rs2709956      	1	83039231	 0.00524 	 -0.04992
rs2709957      	1	83039611	 0.00514 	 -0.03959
rs9791983      	1	83040183	 0.00459 	 -0.00102
rs62460798     	1	83040220	 0.01341 	 0.02153
rs2723042      	1	83040364	 0.00522 	 -0.06680
rs2709959      	1	83040531	 0.00490 	 -0.03829
rs2723043      	1	83040840	 0.00505 	 -0.05877
rs73170283     	1	83041195	 0.01366 	 0.02058
rs2709965      	1	83041457	 0.00502 	 -0.04464
rs62460799     	1	83041918	 0.01586 	 0.04663
rs2723002      	1	83042726	 0.00525 	 -0.04223
rs2713154      	1	83043268	 0.00504 	 0.03257
rs2713153      	1	83043493	 0.00498 	 0.01321
rs2255587      	1	83043781	 0.00468 	 0.00480
rs2255582      	1	83043942	 0.00458 	 0.00933
rs2255567      	1	83044231	 0.00465 	 0.00409
rs3801493      	1	83044485	 0.00509 	 0.00722
rs2709889      	1	83044544	 0.00499 	 -0.00032
rs2723029      	1	83044576	 0.00506 	 0.00217
rs2713152      	1	83044868	 0.00490 	 0.01641
rs2713151      	1	83044957	 0.00475 	 -0.02136
rs7787609      	1	83045803	 0.01416 	 0.04000
rs2709891      	1	83046038	 0.00473 	 0.00042
rs2713150      	1	83046121	 0.00472 	 0.02942
rs2713148      	1	83046255	 0.00491 	 0.00606
rs2723032      	1	83046655	 0.00492 	 0.01541
rs2709893      	1	83046886	 0.00440 	 -0.00374
rs2709894      	1	83047196	 0.00453 	 -0.01172
rs2709895      	1	83047236	 0.00483 	 -0.00278
rs2713147      	1	83047441	 0.00481 	 0.00154
rs2723033      	1	83047583	 0.00434 	 -0.00969
rs2713146      	1	83047585	 0.00479 	 -0.00883
rs2713145      	1	83047666	 0.00483 	 -0.00054
rs2709896      	1	83048362	 0.00494 	 -0.00026
rs2713144      	1	83048754	 0.00453 	 -0.00491
rs2723034      	1	83049047	 0.00455 	 -0.00018
rs6947452      	1	83049283	 0.00481 	 0.00123
rs2713142      	1	83051282	 0.00482 	 -0.00463
rs62460801     	1	83051523	 0.01740 	 0.02504
rs62906960     	1	83051957	 0.00462 	 -0.00299
rs2713141      	1	83052515	 0.00398 	 0.01013
rs62460802     	1	83052869	 0.00428 	 0.02259
rs2723000      	1	83053026	 0.00481 	 0.04183
rs62460803     	1	83054236	 0.02286 	 0.04224
rs6975460      	1	83055813	 0.00512 	 0.02524
rs2713157      	1	83056703	 0.00896 	 0.03306
rs12112469     	1	83057126	 0.02132 	 0.03259
rs2251163      	1	83057488	 0.00463 	 0.05853
rs2722963      	1	83058028	 0.00894 	 0.03210
rs2713158      	1	83058417	 0.00551 	 0.07964
rs2722964      	1	83058827	 0.02989 	 0.06535
rs2722966      	1	83059688	 0.03188 	 0.06165
rs2722967      	1	83060477	 0.03063 	 0.06290
rs2722968      	1	83060746	 0.00519 	 0.05547
rs2247932      	1	83060921	 0.02968 	 0.05596
rs2247921      	1	83061378	 0.02975 	 0.05511
rs2722969      	1	83061519	 0.02828 	 0.05195
rs2713159      	1	83061732	 0.02890 	 0.05333
rs2709949      	1	83062050	 0.02810 	 0.04604
rs2713160      	1	83062585	 0.02919 	 0.05348
rs2709948      	1	83063138	 0.02753 	 0.04669
rs2722970      	1	83063368	 0.02294 	 0.03544
rs12707584     	1	83064379	 0.00476 	 0.03636
rs2713162      	1	83065829	 0.03660 	 0.06502
rs2713163      	1	83066240	 0.01085 	 0.04212
rs2713165      	1	83067174	 0.01002 	 0.02341
rs2713166      	1	83067279	 0.03451 	 0.05665
rs2371674      	1	83067385	 0.03411 	 0.05959
rs2247220      	1	83067436	 0.03234 	 0.05319
rs2713167      	1	83067453	 0.03324 	 0.06064
rs2247219      	1	83067470	 0.03432 	 0.05617
rs2723027      	1	83067679	 0.01055 	 0.03062
rs2713168      	1	83067693	 0.00466 	 0.02538
rs2713169      	1	83067834	 0.03453 	 0.05128
rs6951396      	1	83068025	 0.03398 	 0.05790
rs2859686      	1	83068191	 0.01007 	 0.03299
rs2713170      	1	83068426	 0.00439 	 0.02254
rs2713171      	1	83068851	 0.01116 	 0.03194
rs2713172      	1	83069746	 0.00412 	 0.02054
rs55873784     	1	83072407	 0.02557 	 0.04636
rs73172400     	1	83073924	 0.02471 	 0.03982
rs2371673      	1	83074233	 0.00981 	 0.03685
rs2713174      	1	83075957	 0.00455 	 0.01893
rs2713176      	1	83076127	 0.01174 	 0.03596
rs6952878      	1	83078565	 0.00501 	 0.05382
rs2723022      	1	83079409	 0.01033 	 0.03464
rs2723021      	1	83079525	 0.01156 	 0.04513
rs2723020      	1	83079850	 0.01141 	 0.05428
rs2723019      	1	83079985	 0.01084 	 0.02544
rs2723018      	1	83080297	 0.03407 	 0.05398
rs2713177      	1	83080552	 0.01141 	 0.04244
rs2466439      	1	83081016	 0.01070 	 0.04296
rs73174513     	1	83082662	 0.02373 	 0.03915
rs2723023      	1	83085727	 0.00220 	 0.00849
rs2723024      	1	83085832	 0.00864 	 0.01890
rs2723025      	1	83086176	 0.00890 	 0.01657
rs2723026      	1	83086521	 0.00390 	 -0.00784
rs2713178      	1	83087193	 0.00881 	 0.00975
rs73174520     	1	83087722	 0.02162 	 0.04889
rs2466440      	1	83087972	 0.00474 	 0.04526
rs2713179      	1	83088269	 0.00421 	 0.04229
rs2466441      	1	83089355	 0.00451 	 0.02225
rs2466442      	1	83089422	 0.00508 	 0.05491
rs148116626    	1	83091534	 0.00450 	 0.01512
rs139947667    	1	83092603	 0.00326 	 0.00571
rs6967899      	1	83093553	 0.00272 	 -0.00063
rs2722994      	1	83095064	 0.00275 	 -0.00427
rs7806439      	1	83095955	 0.00360 	 0.00381
rs2713180      	1	83095968	 0.00250 	 -0.00184
rs2713181      	1	83096218	 0.00288 	 -0.00813
rs2723016      	1	83096468	 0.00314 	 -0.00659
rs2723015      	1	83096817	 0.00253 	 -0.01020
rs2723014      	1	83096935	 0.00314 	 -0.01504
rs2723013      	1	83097021	 0.00279 	 -0.00399
rs2713182      	1	83097221	 0.00302 	 -0.00783
rs2249189      	1	83097657	 0.00266 	 -0.00509
rs2713183      	1	83098044	 0.00273 	 -0.00640
rs2723012      	1	83098119	 0.00295 	 -0.00282
rs2723011      	1	83098195	 0.00310 	 -0.00821
rs2723010      	1	83098327	 0.00278 	 -0.00672
rs12534772     	1	83098696	 0.00274 	 -0.00917
rs13225391     	1	83098749	 0.00294 	 -0.00309
rs3823896      	1	83098794	 0.00268 	 -0.00591
rs2249065      	1	83099354	 0.00306 	 -0.00400
rs2713186      	1	83100679	 0.00273 	 -0.00840
rs2722991      	1	83101782	 0.00284 	 -0.01143
rs2246028      	1	83101881	 0.00251 	 -0.00547
rs2371781      	1	83103168	 0.00169 	 0.00095
rs4732512      	1	83104055	 0.00202 	 -0.00256
rs7798156      	1	83105842	 0.00336 	 0.02524
rs57351637     	1	83105843	 0.00349 	 -0.03969
rs6467949      	1	83106868	 0.00239 	 0.01030
rs6467950      	1	83107274	 0.00233 	 0.00460
rs6467951      	1	83107384	 0.00247 	 0.00823
rs10262904     	1	83107417	 0.00185 	 -0.00241
rs6976446      	1	83108019	 0.00219 	 0.00891
rs2722992      	1	83108645	 0.00194 	 -0.00064
rs10270844     	1	83109037	 0.00249 	 0.01888
rs2255872      	1	83113683	 0.00224 	 0.01219
rs2713189      	1	83114212	 0.00267 	 0.01513
rs2255715      	1	83115464	 0.00302 	 0.01460
rs2255614      	1	83116386	 0.00227 	 -0.00635
rs2713190      	1	83116695	 0.00234 	 0.01655
rs2723009      	1	83116749	 0.00303 	 0.02003
rs73174565     	1	83117916	 0.00200 	 -0.00603
rs12707588     	1	83118251	 0.00217 	 0.00390
rs9640942      	1	83118875	 0.00561 	 -0.03179
rs3801511      	1	83119904	 0.00198 	 -0.00722
rs3801512      	1	83120677	 0.00237 	 0.01288
rs2723006      	1	83121863	 0.00321 	 -0.02064
rs3823898      	1	83122599	 0.00186 	 -0.00396
rs3757608      	1	83123324	 0.00200 	 0.00376
rs2713191      	1	83123939	 0.00183 	 -0.00982
rs2535379      	1	83124140	 0.00174 	 0.00213
rs2713192      	1	83125010	 0.00246 	 0.01988
rs2535378      	1	83126805	 0.00372 	 0.01861
rs2535377      	1	83128095	 0.00351 	 -0.02227
rs2535375      	1	83129383	 0.00187 	 -0.00112
rs12532833     	1	83129786	 0.00348 	 0.02266
rs12535437     	1	83129794	 0.00354 	 0.02220
rs7791887      	1	83130615	 0.00174 	 -0.00148
rs11977556     	1	83130647	 0.00365 	 0.02324
