## bf=log10_BF	se=log10_std_err	pv=p-value	
rsnum	 	pos 	chr 	bf 	se 	rank 	pv
rs6463713      	7698942	1	-0.441	 NA 	 1		 NA	
rs6942487      	7699133	1	-0.436	 NA 	 2		 NA	
rs2881960      	7702067	1	-0.441	 NA 	 3		 NA	
rs12112300     	7702456	1	-0.350	 NA 	 4		 NA	
rs12111719     	7702479	1	-0.355	 NA 	 5		 NA	
rs7800702      	7703357	1	-0.370	 NA 	 6		 NA	
rs7800853      	7703466	1	-0.375	 NA 	 7		 NA	
rs1012997      	7703579	1	-0.382	 NA 	 8		 NA	
rs4725013      	7705233	1	-0.362	 NA 	 9		 NA	
rs4720750      	7705275	1	-0.324	 NA 	 10		 NA	
rs7777879      	7709337	1	-0.383	 NA 	 11		 NA	
rs4140803      	7710369	1	-0.382	 NA 	 12		 NA	
rs1544456      	7711208	1	-0.320	 NA 	 13		 NA	
rs12702634     	7711732	1	-0.320	 NA 	 14		 NA	
rs4725015      	7712498	1	-0.379	 NA 	 15		 NA	
rs10226060     	7715125	1	-0.390	 NA 	 16		 NA	
rs6962629      	7717390	1	-0.444	 NA 	 17		 NA	
rs12112667     	7725585	1	-0.400	 NA 	 18		 NA	
rs13242539     	7752559	1	-0.488	 NA 	 19		 NA	
rs35375940     	7752825	1	-0.488	 NA 	 20		 NA	
rs79061489     	7754365	1	-0.461	 NA 	 21		 NA	
rs2110553      	7755071	1	-0.462	 NA 	 22		 NA	
rs7456324      	7755491	1	-0.462	 NA 	 23		 NA	
rs17482123     	7755869	1	-0.462	 NA 	 24		 NA	
rs117310337    	7756687	1	-0.466	 NA 	 25		 NA	
rs1468762      	7759298	1	-0.611	 NA 	 26		 NA	
rs74563317     	7759501	1	-0.469	 NA 	 27		 NA	
rs11760924     	7761045	1	-0.609	 NA 	 28		 NA	
rs4725016      	7762152	1	-0.610	 NA 	 29		 NA	
rs4725017      	7762476	1	-0.228	 NA 	 30		 NA	
rs13247522     	7763498	1	-0.259	 NA 	 31		 NA	
rs6954931      	7764390	1	-0.538	 NA 	 32		 NA	
rs62432609     	7764440	1	-0.259	 NA 	 33		 NA	
rs7812004      	7766317	1	-0.348	 NA 	 34		 NA	
rs79746174     	7766584	1	-0.468	 NA 	 35		 NA	
rs2348557      	7766950	1	-0.608	 NA 	 36		 NA	
rs2024371      	7767915	1	-0.609	 NA 	 37		 NA	
rs4720751      	7769363	1	-0.607	 NA 	 38		 NA	
rs11760820     	7769505	1	-0.095	 NA 	 39		 NA	
rs76749946     	7769803	1	-0.196	 NA 	 40		 NA	
rs34992481     	7769938	1	-0.427	 NA 	 41		 NA	
rs11978146     	7770111	1	-0.456	 NA 	 42		 NA	
rs11978169     	7770140	1	-0.607	 NA 	 43		 NA	
rs7787930      	7771234	1	-0.606	 NA 	 44		 NA	
rs77902501     	7771594	1	-0.098	 NA 	 45		 NA	
rs974990       	7772459	1	-0.591	 NA 	 46		 NA	
rs55847415     	7772749	1	-0.144	 NA 	 47		 NA	
rs17136857     	7772791	1	-0.370	 NA 	 48		 NA	
rs78042706     	7773171	1	-0.354	 NA 	 49		 NA	
rs73676912     	7773387	1	-0.584	 NA 	 50		 NA	
rs76738340     	7773487	1	-0.359	 NA 	 51		 NA	
rs36092641     	7773639	1	-0.584	 NA 	 52		 NA	
rs17136898     	7773841	1	-0.119	 NA 	 53		 NA	
rs74530664     	7773900	1	-0.349	 NA 	 54		 NA	
rs972648       	7773926	1	-0.322	 NA 	 55		 NA	
rs17136904     	7773959	1	-0.347	 NA 	 56		 NA	
rs78282699     	7774095	1	-0.346	 NA 	 57		 NA	
rs10952069     	7774684	1	-0.580	 NA 	 58		 NA	
rs10952070     	7774687	1	-0.037	 NA 	 59		 NA	
rs17136942     	7774999	1	-0.330	 NA 	 60		 NA	
rs17136944     	7775031	1	-0.330	 NA 	 61		 NA	
rs12154244     	7775165	1	-0.543	 NA 	 62		 NA	
rs113397999    	7775196	1	-0.330	 NA 	 63		 NA	
rs113019976    	7775229	1	-0.330	 NA 	 64		 NA	
rs113366367    	7775292	1	-0.394	 NA 	 65		 NA	
rs113075445    	7775307	1	-0.395	 NA 	 66		 NA	
rs12154979     	7775351	1	-0.580	 NA 	 67		 NA	
rs77221044     	7775429	1	-0.332	 NA 	 68		 NA	
rs12154665     	7775435	1	-0.580	 NA 	 69		 NA	
rs17136953     	7775515	1	-0.580	 NA 	 70		 NA	
rs17136957     	7775643	1	-0.576	 NA 	 71		 NA	
rs76623868     	7775733	1	-0.328	 NA 	 72		 NA	
rs17136971     	7776091	1	-0.334	 NA 	 73		 NA	
rs77523102     	7776471	1	-0.290	 NA 	 74		 NA	
rs36045810     	7776777	1	-0.564	 NA 	 75		 NA	
rs35844437     	7776819	1	-0.576	 NA 	 76		 NA	
rs34627388     	7776871	1	-0.576	 NA 	 77		 NA	
rs6958003      	7777016	1	-0.327	 NA 	 78		 NA	
rs6971274      	7777137	1	-0.328	 NA 	 79		 NA	
rs6958302      	7777188	1	-0.580	 NA 	 80		 NA	
rs6972438      	7777191	1	-0.580	 NA 	 81		 NA	
rs6958461      	7777278	1	-0.327	 NA 	 82		 NA	
rs11766846     	7777442	1	-0.542	 NA 	 83		 NA	
rs11766859     	7777513	1	-0.075	 NA 	 84		 NA	
rs34609539     	7777681	1	-0.154	 NA 	 85		 NA	
rs77522931     	7777719	1	-0.327	 NA 	 86		 NA	
rs7796096      	7777939	1	-0.581	 NA 	 87		 NA	
rs17137001     	7777975	1	-0.334	 NA 	 88		 NA	
rs2241075      	7778310	1	-0.541	 NA 	 89		 NA	
rs17137022     	7778527	1	-0.042	 NA 	 90		 NA	
rs2241076      	7778631	1	-0.583	 NA 	 91		 NA	
rs17137036     	7779009	1	-0.541	 NA 	 92		 NA	
rs13237260     	7779091	1	-0.584	 NA 	 93		 NA	
rs13237271     	7779126	1	-0.541	 NA 	 94		 NA	
rs12702640     	7779244	1	-0.539	 NA 	 95		 NA	
rs17137046     	7779459	1	-0.334	 NA 	 96		 NA	
rs7349981      	7779566	1	-0.063	 NA 	 97		 NA	
rs78492068     	7779960	1	-0.294	 NA 	 98		 NA	
rs74743801     	7780047	1	-0.289	 NA 	 99		 NA	
rs2068638      	7780282	1	-0.292	 NA 	 100		 NA	
rs2068637      	7780347	1	-0.537	 NA 	 101		 NA	
rs17137076     	7780686	1	-0.292	 NA 	 102		 NA	
rs4725019      	7780829	1	-0.535	 NA 	 103		 NA	
rs17137078     	7780852	1	-0.073	 NA 	 104		 NA	
rs4725020      	7781039	1	-0.580	 NA 	 105		 NA	
rs6956000      	7781062	1	-0.284	 NA 	 106		 NA	
rs6979614      	7781072	1	-0.284	 NA 	 107		 NA	
rs6956186      	7781202	1	-0.285	 NA 	 108		 NA	
rs17137125     	7785314	1	-0.451	 NA 	 109		 NA	
rs6953290      	7786122	1	-0.310	 NA 	 110		 NA	
rs17137154     	7786415	1	-0.449	 NA 	 111		 NA	
rs17137195     	7787423	1	-0.147	 NA 	 112		 NA	
rs148046407    	7787836	1	-0.177	 NA 	 113		 NA	
rs12702643     	7787870	1	-0.275	 NA 	 114		 NA	
rs1541550      	7788155	1	-0.113	 NA 	 115		 NA	
rs17137236     	7790546	1	-0.137	 NA 	 116		 NA	
rs4725023      	7790968	1	-0.333	 NA 	 117		 NA	
rs73673805     	7791551	1	-0.336	 NA 	 118		 NA	
rs73673806     	7791569	1	-0.338	 NA 	 119		 NA	
rs57502740     	7791807	1	-0.390	 NA 	 120		 NA	
rs35718996     	7792223	1	-0.394	 NA 	 121		 NA	
rs35492695     	7792344	1	-0.302	 NA 	 122		 NA	
rs17137255     	7792636	1	-0.384	 NA 	 123		 NA	
rs17137257     	7792702	1	-0.378	 NA 	 124		 NA	
rs34881338     	7793026	1	-0.385	 NA 	 125		 NA	
rs35897634     	7793083	1	-0.387	 NA 	 126		 NA	
rs13244344     	7793197	1	-0.384	 NA 	 127		 NA	
rs13234233     	7793442	1	-0.389	 NA 	 128		 NA	
rs113559665    	7793685	1	-0.247	 NA 	 129		 NA	
rs62432645     	7794131	1	-0.438	 NA 	 130		 NA	
rs6971799      	7794381	1	-0.444	 NA 	 131		 NA	
rs13234751     	7795461	1	-0.363	 NA 	 132		 NA	
rs13310060     	7829238	1	-0.518	 NA 	 133		 NA	
rs11971064     	7830719	1	+0.044	 NA 	 134		 NA	
rs11760601     	7830974	1	-0.028	 NA 	 135		 NA	
rs6957398      	7833725	1	-0.059	 NA 	 136		 NA	
rs62434083     	7833811	1	-0.557	 NA 	 137		 NA	
rs6953333      	7834343	1	-0.097	 NA 	 138		 NA	
rs10278342     	7834469	1	-0.649	 NA 	 139		 NA	
rs6976853      	7835932	1	-0.641	 NA 	 140		 NA	
rs12702653     	7837832	1	-0.545	 NA 	 141		 NA	
rs1548834      	7838119	1	-0.552	 NA 	 142		 NA	
rs10244372     	7840257	1	-0.287	 NA 	 143		 NA	
rs6943366      	7843721	1	+0.826	 NA 	 144		 NA	
rs10216321     	7844340	1	+0.751	 NA 	 145		 NA	
rs7793050      	7844955	1	-0.570	 NA 	 146		 NA	
